-1	0	90	0
0	0.048012	100.582	140.99938358752064
1	0.043878	102.108	157.0004309162847
2	0.051490	101.163	131.99984183940768
3	0.046872	102.981	146.99993202629614
4	0.055014	102.114	123.99964745284682
5	0.049684	103.808	139.99980733662144
6	0.062145	104.361	109.9999041787641
7	0.055623	105.712	125.0
8	0.064900	104.540	109.99999999999999
9	0.058450	106.790	119.99999999999999
10	0.068607	106.467	100.00000000000001
11	0.060561	107.437	116.00007446224299
12	0.071607	107.349	95.99996273835806
13	0.063637	107.346	117.00016768207479
14	0.075010	108.605	93.00032226877215
15	0.066680	109.905	105.99972703698649
16	0.080739	111.134	85.99978404448683
17	0.071686	112.562	98.99966240827278
18	0.083893	112.972	83.00021244202104
19	0.073609	112.396	102.00007117691021
20	0.086319	113.354	81.00022936993842
21	0.076386	114.707	94.00036615027854
22	0.089036	115.494	78.99977488008035
23	0.078567	116.066	92.00024124205194
24	0.096051	118.038	73.00022026804926
25	0.082923	119.001	87.00010924277947
26	0.097650	119.251	72.00023479886961
27	0.084671	119.932	87.00013340893173
28	0.101795	119.819	68.99990819486058
29	0.086705	121.544	84.00003290989272
30	0.124086	147.022	58.000163240875516
31	0.103435	145.710	71.99986274106101
32	0.079151	104.867	91.00002860766494
33	0.070990	105.833	103.00000944884866
34	0.081606	105.887	87.00029276492866
35	0.076981	107.012	93.99973834710126
36	0.086910	107.017	82.0000560658587
37	0.081334	108.078	89.99981494846314
38	0.099381	110.276	72.00025390837534
39	0.088721	110.821	81.99980148166863
40	0.101021	111.963	69.99991068477979
41	0.091904	112.100	79.0
42	0.108855	112.435	65.99991105972339
43	0.090413	113.349	79.99982355380286
44	0.113001	113.779	63.00020214626601
45	0.101253	114.375	73.00021857923497
46	0.116200	115.272	61.00006940106878
47	0.100641	116.114	71.99993110219268
48	0.129732	117.971	54.9999576167024
49	0.111760	118.494	65.99996624301653
50	0.132733	119.743	53.999816273185075
51	0.120294	119.647	61.99988298912635
52	0.129782	121.513	53.99998354085571
53	0.125193	121.575	60.0
54	0.146654	122.614	49.00011417945748
55	0.127775	123.088	57.99996750292474
56	0.149596	125.775	47.99999999999999
57	0.118484	126.372	61.000063305162534
58	0.156424	127.924	45.999968731434286
59	0.130054	128.245	55.99984404850091
60	0.153227	129.717	47.00000770908978
61	0.128031	130.095	56.999884699642564
62	0.186241	154.540	40.00000000000001
63	0.152099	153.367	49.00011084522746
64	0.108078	108.726	65.99985284108676
65	0.102686	109.433	72.00021931227326
66	0.117934	110.008	61.00010908297578
67	0.104284	111.457	70.00008972069946
68	0.126079	110.725	56.99977421539852
69	0.108917	112.807	67.0002748056415
70	0.134136	114.915	53.000043510420745
71	0.122422	115.408	60.000173298211564
72	0.146656	115.694	50.0
73	0.130956	116.518	55.99993134108035
74	0.153359	117.152	48.000034143676594
75	0.131674	117.964	56.00013563460039
76	0.155436	118.759	45.99988211419766
77	0.141756	119.423	52.000033494385505
78	0.168970	120.537	43.00007466587023
79	0.149801	121.351	49.00000824055838
80	0.178188	124.515	40.0
81	0.155538	125.609	46.999816892101684
82	0.182856	126.336	38.99996833839919
83	0.161201	126.009	45.99988889682483
84	0.189804	127.984	38.000062507813475
85	0.166384	128.013	45.00011717559936
86	0.193973	129.287	37.99995359162174
87	0.164181	130.622	45.00007655678216
88	0.208104	133.600	35.0
89	0.173693	134.147	42.99984345531395
90	0.212008	136.289	34.999889939760365
91	0.181016	136.727	40.99994880308937
92	0.212992	139.400	34.0
93	0.184987	138.661	40.99999278816683
94	0.235335	169.133	30.000059125067253
95	0.212742	165.364	35.999975810938295
96	0.134193	113.030	53.99982305582589
97	0.124833	113.547	59.0002377869957
98	0.149480	113.606	48.000105628223864
99	0.131782	115.520	55.00000000000001
100	0.155453	114.833	45.99984325063353
101	0.141406	116.221	52.00006883437589
102	0.169609	119.190	42.000167799312024
103	0.153583	119.958	48.00013338001634
104	0.185456	120.226	38.99988355264252
105	0.165399	120.869	44.99995863290008
106	0.198112	121.281	37.000024735943796
107	0.166872	122.693	44.00006520339384
108	0.198041	124.503	35.999935744520215
109	0.181140	124.907	41.00010407743361
110	0.206752	126.283	34.99996040638882
111	0.188373	126.380	40.0
112	0.225039	130.322	31.999969306793943
113	0.202745	130.035	37.00003845118622
114	0.231530	132.665	30.999886933252935
115	0.188721	133.482	39.00001498329363
116	0.244007	134.473	30.000074364370537
117	0.212760	134.706	34.99992576425698
118	0.236302	137.561	31.00006542552031
119	0.202384	138.456	35.99988443982204
120	0.257483	142.407	28.000028088506884
121	0.224332	142.444	34.000028081210864
122	0.265065	147.067	26.999938803402532
123	0.236743	145.869	31.999945156270353
124	0.256637	149.871	28.000080068859216
125	0.229117	149.822	31.999973301651295
126	0.287236	173.636	25.0
127	0.241864	172.287	29.99994195731541
128	0.158201	116.530	46.00017162962327
129	0.152393	116.246	47.999931180427716
130	0.176248	116.954	40.99988029481677
131	0.161292	118.154	46.000135416490345
132	0.185162	118.944	38.999865482916334
133	0.167754	119.898	42.999883234082304
134	0.206133	123.011	35.00012194031428
135	0.186106	123.125	40.0
136	0.210568	125.662	33.99993633715841
137	0.189794	126.332	37.99987334958681
138	0.225100	127.747	31.999968688110094
139	0.193197	128.670	37.000077718193836
140	0.230416	130.526	30.99995403214685
141	0.208978	130.097	35.00003843286163
142	0.244927	131.447	29.999923923710696
143	0.208787	133.753	33.99998504706437
144	0.256527	137.682	28.00002905245421
145	0.240848	136.868	30.999941549522166
146	0.275362	139.196	26.000028736457946
147	0.240995	139.048	31.000086301133422
148	0.283143	142.073	26.000014077270134
149	0.243338	143.210	30.0
150	0.268828	146.792	26.000054498882772
151	0.252286	145.490	28.999931266753727
152	0.279911	152.015	26.000065782981945
153	0.252650	150.687	29.999933637274616
154	0.299698	156.121	23.999974378847174
155	0.254981	155.682	28.000025693400655
156	0.314024	157.478	23.000038100560076
157	0.250861	159.700	29.000000000000004
158	0.355705	186.175	20.0
159	0.292465	183.528	25.0
160	0.189823	118.410	39.00008445232666
161	0.181399	119.266	40.99994969228447
162	0.201003	120.511	36.000033191990774
163	0.191010	121.624	37.99990133526278
164	0.206007	123.403	33.99998379293858
165	0.193632	124.297	37.000088497711126
166	0.243661	126.897	29.999921195930558
167	0.209029	128.789	34.99988353042574
168	0.244166	130.524	29.000030645705003
169	0.224783	130.488	32.999969345840235
170	0.261630	131.446	28.00009129224168
171	0.223681	132.444	31.999939597112743
172	0.268372	135.015	26.999962967077735
173	0.228144	136.623	30.999904847646448
174	0.289631	135.950	26.0
175	0.251265	138.955	29.00003598287215
176	0.292053	143.380	25.0
177	0.272498	142.386	27.999943814700885
178	0.313371	146.630	23.0000681988679
179	0.279247	147.327	25.999986424755814
180	0.320197	148.817	23.000060476961636
181	0.259552	151.241	26.999953716254186
182	0.318030	151.848	22.99997365786839
183	0.272820	154.300	26.0
184	0.359856	157.786	20.99996197381263
185	0.277498	159.365	26.000062749035234
186	0.335933	162.645	22.000061483599247
187	0.284777	163.069	26.00003679424048
188	0.349322	168.600	20.0
189	0.313189	167.983	24.0000476238667
190	0.377467	189.526	19.00003165792556
191	0.330651	189.468	22.000021111744466
192	0.209543	122.009	34.9998770582498
193	0.196895	122.605	38.00008156274214
194	0.223508	123.878	32.00003228983355
195	0.202175	125.247	36.0000638737854
196	0.247112	125.276	28.999968070500337
197	0.218324	127.500	33.0
198	0.265624	131.207	27.000083836990406
199	0.241513	132.217	29.999924366760702
200	0.280229	134.450	26.0
201	0.250298	135.486	29.00004428501838
202	0.287493	137.184	25.0
203	0.253448	138.017	29.000050718389765
204	0.289313	140.320	25.0
205	0.263729	139.261	27.999942553909566
206	0.311019	141.767	23.999943569377923
207	0.284636	143.092	26.000055908087102
208	0.337169	147.936	22.00005407743889
209	0.293318	150.448	24.999999999999996
210	0.345324	153.157	21.000019587743296
211	0.294120	152.756	25.0
212	0.343944	156.719	21.00000638084725
213	0.295478	158.467	23.999949516303076
214	0.344729	160.371	21.000056119872045
215	0.303548	159.446	23.999974913136736
216	0.355931	168.390	20.000000000000004
217	0.336087	169.459	22.000011802264854
218	0.385450	172.778	17.999976848904375
219	0.330951	172.173	21.99996515133035
220	0.378799	176.811	18.999949098189592
221	0.319618	176.609	22.999960364420836
222	0.404301	205.571	16.99996594850441
223	0.356805	203.535	20.0
224	0.231991	124.887	32.0001281158167
225	0.215250	126.697	34.00001578569342
226	0.252044	125.293	30.000079812918518
227	0.226314	128.942	33.00010857594888
228	0.258865	129.700	28.0
229	0.235286	131.035	31.000114473232344
230	0.294841	135.083	24.000059222848176
231	0.257055	137.354	27.999912634506455
232	0.304100	136.350	24.0
233	0.268574	138.693	27.999971159323106
234	0.312342	142.430	23.000070209927685
235	0.270236	143.422	27.00004183458605
236	0.337911	144.586	20.999958502206297
237	0.293495	145.100	25.0
238	0.337182	147.445	22.000067821899695
239	0.293181	148.072	25.0
240	0.348658	154.271	21.000058338897137
241	0.313150	155.429	24.000025735223158
242	0.356022	159.210	19.999999999999996
243	0.311796	161.778	23.000037087861145
244	0.377610	163.642	19.00001222180125
245	0.328420	165.600	22.0
246	0.383238	164.553	18.999957460514242
247	0.326502	169.527	22.00003539259233
248	0.394486	177.211	18.000011285981117
249	0.344092	178.838	21.000011183305563
250	0.398037	178.461	18.000011206930367
251	0.337929	182.638	21.000010950623636
252	0.421313	185.565	16.999973055263656
253	0.368323	187.270	20.0
254	0.453844	212.312	16.00003768039489
255	0.375366	215.453	18.999967510315475
256	0.259723	125.207	28.999976039678295
257	0.250007	125.740	30.0
258	0.264534	126.907	28.000031519143942
259	0.258879	127.090	28.999921315603114
260	0.285618	128.793	26.999914591631534
261	0.269207	130.496	28.000091956841587
262	0.315421	136.148	22.999970620207424
263	0.292499	137.062	25.99991244838102
264	0.322969	139.968	22.00002857796068
265	0.301801	140.476	25.0
266	0.357377	142.510	20.99992982948565
267	0.319384	144.152	23.00002774848771
268	0.347720	146.271	21.000061529626517
269	0.337309	147.013	23.00000680211954
270	0.363178	152.095	20.0
271	0.349923	152.871	21.00005887316757
272	0.380249	158.858	18.999987410139873
273	0.354498	160.657	21.000018673322668
274	0.399039	163.722	18.00002443165854
275	0.366927	164.725	20.0
276	0.398932	169.806	17.999952887412693
277	0.387614	169.811	18.999946999899887
278	0.410214	169.567	17.999964615756603
279	0.381349	173.753	18.999959712925822
280	0.428886	180.429	17.00003879642408
281	0.410859	184.189	17.999989141588262
282	0.432061	188.541	17.000015911658473
283	0.428741	186.194	18.000042965938754
284	0.437523	195.956	16.00002041274572
285	0.414271	196.728	17.999979667357977
286	0.461623	230.806	16.000017330571996
287	0.493156	228.094	15.999982463370365
288	0.286916	125.996	26.00003174703959
289	0.271560	126.289	28.000063346768126
290	0.278124	127.648	27.00003133617448
291	0.277304	127.279	27.999905718932425
292	0.311250	130.154	24.000030732824193
293	0.294239	131.820	25.0
294	0.346488	136.014	21.99994118252533
295	0.325526	138.113	23.00000724044804
296	0.358233	140.271	21.000064161515922
297	0.337764	142.668	22.000028037121147
298	0.380045	143.645	20.0
299	0.352448	144.064	21.999944469124834
300	0.385053	149.011	18.999939601774365
301	0.363138	148.990	21.000067118598565
302	0.397919	152.983	18.000039220044055
303	0.384000	153.295	20.000000000000004
304	0.423481	158.306	17.999949464960267
305	0.401827	160.147	19.000043709841584
306	0.443413	164.200	17.0
307	0.411493	164.795	18.999969659273646
308	0.449356	167.488	17.00002388230799
309	0.421973	168.772	18.00002370061385
310	0.459183	176.494	15.999977336340047
311	0.435639	174.194	18.00004592580686
312	0.476446	183.119	15.99997815628089
313	0.454072	183.924	16.999956503773298
314	0.484261	188.206	16.000021253307548
315	0.458397	189.800	16.0
316	0.503936	195.693	15.000025550224075
317	0.466640	194.094	15.999979391428896
318	0.537207	235.979	13.999974574008702
319	0.518559	233.293	13.999991427089538
320	0.300201	126.944	25.0
321	0.292599	126.612	25.999905222253815
322	0.316411	128.271	23.99996881602233
323	0.304372	129.452	25.0
324	0.335165	130.643	23.000084198923787
325	0.321355	131.888	23.999909013708603
326	0.376336	137.290	20.000000000000004
327	0.353512	139.567	20.99994984487737
328	0.390021	141.037	18.999978728986008
329	0.369058	142.886	20.999958008482288
330	0.406303	144.263	19.00002079535293
331	0.383390	146.080	19.999999999999996
332	0.424135	150.112	16.99997335322959
333	0.403913	150.642	19.000013276509872
334	0.434311	154.435	17.00003237608055
335	0.415722	153.521	19.00000651376685
336	0.455075	160.024	16.999950007498875
337	0.449926	163.794	17.000012210459477
338	0.477469	168.393	15.000029692445649
339	0.456714	169.019	15.99997633402162
340	0.487431	170.533	15.00002931983839
341	0.463568	174.819	15.99997711919185
342	0.500339	177.480	15.0
343	0.480879	176.662	16.000045284215055
344	0.524965	191.800	13.999999999999998
345	0.500788	187.860	15.0
346	0.517271	190.927	14.999973811980496
347	0.515574	191.500	15.0
348	0.542788	200.438	13.00002993444357
349	0.524031	202.679	13.999970396538368
350	0.572274	246.615	13.00002027451696
351	0.569200	240.631	12.999987532778402
352	0.320601	128.100	24.0
353	0.311854	128.825	24.000000000000004
354	0.338275	128.904	23.00006206168932
355	0.326722	130.065	23.000038442317305
356	0.353091	131.845	22.000075846638097
357	0.342434	132.435	22.99996224562993
358	0.398543	139.921	19.00000714689003
359	0.384627	140.475	20.0
360	0.416764	141.189	19.00006374434269
361	0.400525	142.420	20.000000000000004
362	0.425905	145.600	18.000000000000004
363	0.415714	148.883	18.00004030010142
364	0.446509	151.988	17.000026317867203
365	0.433764	151.194	18.0000529121526
366	0.470636	157.156	16.000025452416708
367	0.439925	155.794	17.000012837464855
368	0.485869	164.125	16.0
369	0.472577	164.812	16.000048540154843
370	0.494336	171.393	15.000029172720007
371	0.490128	168.912	16.000047361939945
372	0.512184	176.086	13.999977283827219
373	0.507244	177.721	14.00003376078235
374	0.528020	178.600	14.000000000000002
375	0.519061	181.267	14.999972416380258
376	0.547899	189.207	14.000010570433442
377	0.536212	188.136	13.99997873878471
378	0.559013	196.177	12.999994902562483
379	0.534455	201.743	13.99999008639705
380	0.571618	200.523	13.000004986959103
381	0.559609	206.623	13.000004839732267
382	0.627543	243.958	12.00001639626493
383	0.597121	240.375	12.0
384	0.337110	129.070	22.99992252266212
385	0.335544	128.922	22.99995346023177
386	0.351701	131.476	21.000030423803583
387	0.336984	131.457	22.999916322447646
388	0.375013	133.375	20.0
389	0.364592	134.652	21.000059412411254
390	0.410862	140.939	17.99998580946367
391	0.403461	141.289	19.00006369922641
392	0.431074	145.206	16.999986226464472
393	0.417090	145.274	18.999958698734805
394	0.458915	146.853	16.99999319046938
395	0.445980	151.000	17.0
396	0.481337	154.031	16.00002596879849
397	0.456852	153.847	17.00000649996425
398	0.490376	159.520	15.0
399	0.474072	161.375	16.0
400	0.523464	166.813	15.000029973683107
401	0.507482	166.613	15.00003000966311
402	0.535047	173.450	14.000000000000002
403	0.530889	171.007	14.999970761430818
404	0.561015	180.077	12.999994446819972
405	0.555892	173.979	13.999965513079163
406	0.544601	182.908	12.999978131082294
407	0.559489	185.057	14.00001080748094
408	0.581258	191.415	13.000026121254866
409	0.566580	198.754	12.99998993730944
410	0.596658	202.542	11.999980251009667
411	0.594656	202.850	12.0
412	0.601351	209.415	13.000023876035623
413	0.608912	208.354	12.999990400952225
414	0.634336	248.350	12.0
415	0.660514	249.445	11.000020044498788
416	0.350275	130.332	21.999969309148945
417	0.346185	130.895	22.000076397112185
418	0.362867	132.176	21.000030262680063
419	0.358875	132.727	22.000045205572338
420	0.385401	134.680	20.0
421	0.377778	136.475	20.0
422	0.427055	143.178	17.99997206274707
423	0.416610	144.456	17.99994461981503
424	0.443947	147.853	16.999993236525466
425	0.442879	146.389	17.99998633777128
426	0.465436	153.463	15.999947870170661
427	0.455510	151.771	16.99995387788181
428	0.492443	155.467	14.999967838833964
429	0.470319	157.619	15.999974622348828
430	0.498477	160.980	15.0
431	0.495137	164.607	14.999969624621066
432	0.545191	170.946	13.000011699601044
433	0.522830	172.771	14.000034728050426
434	0.543184	176.464	14.000022667512921
435	0.551215	175.107	14.000011421587944
436	0.570238	181.038	13.000033142213237
437	0.548075	185.585	12.999973058167415
438	0.570960	188.085	12.999973416274555
439	0.563565	186.286	13.999978527640295
440	0.593898	195.762	12.9999693505379
441	0.584104	196.846	13.000010160226775
442	0.604636	207.917	11.99998076155389
443	0.615538	209.408	12.000019101466993
444	0.611892	218.892	11.999981726148054
445	0.611977	212.383	12.000018833899134
446	0.658449	254.318	11.000007864170055
447	0.663763	249.875	12.0
448	0.360759	132.414	21.0000453124292
449	0.357924	131.241	21.999984760859792
450	0.375458	132.657	21.00002261471313
451	0.374667	134.695	20.0
452	0.400480	135.116	18.99997039580804
453	0.396913	136.330	19.999999999999996
454	0.439115	145.018	16.999958625825762
455	0.444682	146.900	17.0
456	0.463233	148.519	15.999973067418985
457	0.452718	150.729	17.000046440963583
458	0.483462	154.040	15.0
459	0.473771	154.519	15.99997411321585
460	0.497429	158.107	14.999968375846736
461	0.497705	161.367	14.999969014730398
462	0.521654	162.993	15.000030676164007
463	0.526790	164.227	14.999969554336376
464	0.548525	171.486	13.999976674480717
465	0.553376	176.115	13.00002839054027
466	0.561639	177.277	12.99999435911032
467	0.564594	181.354	12.999988971845118
468	0.579046	185.700	13.0
469	0.581342	189.408	12.999978881567834
470	0.590932	186.538	13.000032165028037
471	0.593114	188.415	13.0000265371653
472	0.614306	205.642	11.999980548720592
473	0.638748	201.575	12.000000000000002
474	0.620512	213.083	12.0000187720278
475	0.634892	208.008	12.000019230029613
476	0.632103	217.964	10.999981648345598
477	0.665620	221.336	11.00001807207142
478	0.674499	267.991	10.999996268531406
479	0.695814	263.400	11.000000000000002
480	0.370479	133.245	20.0
481	0.372151	132.371	21.000067990723043
482	0.384612	133.930	20.0
483	0.389592	135.725	20.0
484	0.411466	138.717	17.99995674646943
485	0.408517	139.726	19.00004294118489
486	0.451522	146.771	16.999952306654585
487	0.456708	145.106	16.99998621697242
488	0.472431	148.887	16.000053732024956
489	0.476461	152.569	15.999973782354214
490	0.491993	155.267	14.999967797407047
491	0.494674	157.200	16.0
492	0.505742	157.973	15.00003165097833
493	0.512791	162.553	15.00003075919854
494	0.539448	168.214	14.000023779233596
495	0.539361	166.571	14.000036020675868
496	0.556583	174.815	13.000028601664617
497	0.574610	179.323	13.000005576529501
498	0.577862	184.631	12.999983751374362
499	0.584182	188.331	12.999984070599107
500	0.588263	185.723	13.000005384362733
501	0.599054	187.731	12.999984019687744
502	0.601963	196.558	12.000020350227413
503	0.611797	201.625	12.0
504	0.628893	202.425	11.999999999999998
505	0.649437	211.155	10.999976320712273
506	0.637455	216.258	12.000018496425565
507	0.657427	217.767	11.999981631744019
508	0.659711	217.036	11.000018430122193
509	0.675967	227.536	11.00001757963575
510	0.692085	271.680	10.0
511	0.724553	262.400	11.000000000000002
512	0.364564	132.710	20.99992464772813
513	0.364281	131.518	22.000030414087806
514	0.380410	134.265	20.000000000000004
515	0.382322	136.170	20.000000000000004
516	0.407187	137.658	18.999985471240322
517	0.405775	139.400	19.0
518	0.456662	147.938	15.999945923292191
519	0.447969	148.324	16.999946064022005
520	0.474706	148.400	16.0
521	0.471666	152.962	16.000052300571387
522	0.495421	157.387	14.999968231175384
523	0.491752	157.767	14.999968307694258
524	0.515419	160.827	14.999968910692857
525	0.513520	159.580	14.999999999999998
526	0.537444	166.714	14.000023993185936
527	0.537356	166.287	14.999969931503967
528	0.567702	173.492	13.000023055818136
529	0.574883	178.400	12.999999999999998
530	0.588839	182.425	11.999999999999998
531	0.584837	185.846	13.000010761598313
532	0.593490	190.400	12.0
533	0.596520	190.708	12.000020974474065
534	0.612606	194.783	12.000020535673032
535	0.619588	199.900	12.0
536	0.638683	212.927	11.000014089335782
537	0.645985	214.073	10.999985986088857
538	0.654199	217.009	11.000004608103811
539	0.662853	213.417	11.999981257350633
540	0.662243	229.809	11.000004351439674
541	0.669984	223.191	10.999995519532597
542	0.697436	269.030	10.000000000000002
543	0.734661	274.820	10.0
544	0.369249	132.938	21.00001504460726
545	0.364033	133.319	21.000007500806337
546	0.389304	134.425	20.0
547	0.381327	133.576	21.000029945499193
548	0.411296	138.600	18.000000000000004
549	0.402659	140.011	18.99993571933634
550	0.455731	147.041	17.000020402472778
551	0.454745	149.394	15.999973225162993
552	0.478704	150.506	16.00002657701354
553	0.472358	153.487	16.00005212167806
554	0.495581	157.673	15.00003171119976
555	0.489904	159.340	14.999999999999998
556	0.517970	161.314	14.000024796359895
557	0.507078	164.427	14.999969591368815
558	0.543985	167.829	13.999964249325204
559	0.537205	166.150	13.999999999999998
560	0.576189	177.208	12.999977427655635
561	0.566591	182.192	13.000021954860806
562	0.593658	179.100	13.000000000000002
563	0.581786	189.238	13.000031706105538
564	0.611733	187.538	13.00003199351598
565	0.601458	190.062	12.99996843135398
566	0.617716	190.433	12.000021004762829
567	0.618380	198.975	12.0
568	0.650290	212.409	11.00000470789844
569	0.645375	205.550	11.999999999999998
570	0.662141	212.983	12.000018780841664
571	0.655435	218.358	12.000018318541112
572	0.677495	218.645	11.000022868119554
573	0.672389	222.436	11.000017982700642
574	0.710848	270.830	10.000000000000002
575	0.730721	262.350	10.0
576	0.369026	131.857	21.000022751920643
577	0.364119	132.395	21.000037765776653
578	0.387485	133.450	20.0
579	0.382562	135.810	20.0
580	0.416546	137.378	17.99997088325642
581	0.404884	138.079	18.999992757769103
582	0.460526	145.835	17.00003428532245
583	0.450589	146.741	17.000020444183967
584	0.483989	149.838	15.999946609004393
585	0.471565	154.006	16.000025973014036
586	0.511149	153.500	15.0
587	0.484794	157.675	16.0
588	0.516008	159.007	14.999968554843496
589	0.510067	162.579	13.999963094864649
590	0.540168	163.036	13.999975465541352
591	0.533961	168.421	14.000035625011135
592	0.580608	179.938	13.000033344818771
593	0.566193	177.236	13.99997743122165
594	0.592811	180.954	12.999988947467312
595	0.588132	181.208	12.999977925919385
596	0.614087	192.142	11.999979182063266
597	0.602159	193.400	12.0
598	0.623651	198.375	12.0
599	0.612326	195.392	13.000020471667213
600	0.654895	203.382	10.999990166288068
601	0.644147	212.467	11.99998117354695
602	0.658798	211.200	11.0
603	0.658060	219.382	10.999990883481779
604	0.683983	224.530	10.0
605	0.673659	230.245	11.000021715998175
606	0.724399	260.430	10.0
607	0.715714	271.450	10.0
608	0.370721	133.225	20.0
609	0.362076	132.300	21.0
610	0.390641	133.210	19.999999999999996
611	0.378783	135.110	19.999999999999996
612	0.411657	137.237	18.999978140005975
613	0.404432	138.021	19.000007245274272
614	0.461274	145.212	16.99997245406716
615	0.452621	145.900	17.0
616	0.483126	150.500	16.0
617	0.467482	153.925	16.0
618	0.503807	158.120	15.0
619	0.488964	155.969	15.999974353878015
620	0.523633	162.521	14.000036918305945
621	0.505650	164.100	15.0
622	0.549071	168.985	12.999970411574992
623	0.535351	169.779	13.999964659940277
624	0.582944	180.242	11.999977807614208
625	0.570178	181.892	13.000021991071625
626	0.593355	186.150	12.0
627	0.584419	188.617	11.999978793003812
628	0.612678	188.750	12.0
629	0.597520	192.017	11.999979168511121
630	0.627462	197.058	12.000020298592291
631	0.616392	196.442	11.999979637755674
632	0.657291	208.591	10.999995205929306
633	0.638877	212.473	10.99998588055894
634	0.665043	217.927	11.00001376607763
635	0.660148	216.675	11.999999999999998
636	0.673337	223.500	11.0
637	0.665209	231.227	11.000012974263386
638	0.723231	262.660	9.999999999999998
639	0.713633	275.410	9.999999999999998
640	0.372415	134.035	20.0
641	0.361371	133.610	20.999925155302748
642	0.388251	134.150	20.0
643	0.379446	136.160	20.0
644	0.414064	136.733	18.000043881140616
645	0.405365	138.789	19.000064846637702
646	0.461268	145.500	16.0
647	0.446289	148.559	16.999979806003
648	0.478086	151.873	15.000032922244245
649	0.468610	152.313	15.999947476577837
650	0.503304	155.760	15.000000000000002
651	0.489451	159.100	15.0
652	0.519515	162.121	14.000037009394216
653	0.508729	164.940	15.0
654	0.548143	168.646	13.00001185916061
655	0.530599	170.214	14.000023499829627
656	0.572688	180.308	12.000022184262484
657	0.564619	180.646	13.00001107137717
658	0.591047	185.117	11.999978392043952
659	0.581698	188.115	13.000026579485953
660	0.608946	186.767	11.99997858294024
661	0.599279	191.523	13.000005221305015
662	0.622984	193.375	12.0
663	0.609052	202.367	11.999980233931423
664	0.640447	206.408	12.000019379093835
665	0.644570	209.558	12.000019087794309
666	0.661914	208.664	10.99998083042595
667	0.655819	218.200	11.0
668	0.672206	228.927	11.000013104614133
669	0.667057	221.036	11.00001809659965
670	0.721704	271.610	10.0
671	0.716374	265.130	10.0
672	0.369873	133.205	20.999962463871476
673	0.361555	132.409	22.000015104713427
674	0.386999	136.289	19.000066036143785
675	0.382218	135.960	19.999999999999996
676	0.416109	137.783	18.000043546736535
677	0.400497	139.689	19.00006442883835
678	0.458885	146.762	16.00005451002303
679	0.444223	150.365	16.999966747580885
680	0.482232	153.313	15.000032613020423
681	0.468674	154.538	15.99994823279711
682	0.496375	157.780	14.999999999999998
683	0.487843	156.256	16.000025599016997
684	0.519755	162.529	13.99996308351125
685	0.500296	164.860	15.0
686	0.543639	163.721	14.000036647711655
687	0.532370	169.086	13.999976343399215
688	0.576935	178.292	11.999977564893545
689	0.561463	178.815	13.000027961860022
690	0.591343	184.408	12.000021691032929
691	0.578002	185.100	13.000000000000002
692	0.602004	194.058	12.000020612394232
693	0.597283	190.492	13.000020998257146
694	0.619789	198.809	11.000005029953373
695	0.607692	200.933	12.000019907133224
696	0.648476	215.245	11.000023229343306
697	0.635771	210.892	11.999981032945772
698	0.656757	211.109	11.000004736889473
699	0.647578	223.945	11.000022326910626
700	0.662593	229.164	10.999982545251438
701	0.665555	226.255	10.999977901040863
702	0.716585	277.350	10.0
703	0.714852	266.200	10.0
704	0.370501	133.581	20.999992513905422
705	0.359643	134.433	21.000052070548154
706	0.389373	137.274	18.999956291795968
707	0.375749	136.760	20.0
708	0.413161	137.063	19.000021887745053
709	0.401907	138.475	20.0
710	0.458489	145.794	17.00001371798565
711	0.448525	148.012	16.999972975164173
712	0.474512	151.606	16.000026384180046
713	0.466528	155.494	15.999974275534749
714	0.500361	159.173	15.000031412362649
715	0.486232	157.219	15.999974557782457
716	0.525512	162.550	13.999999999999998
717	0.506681	165.840	15.0
718	0.546092	166.457	14.000012015115015
719	0.525526	166.653	15.000030002460203
720	0.569181	175.931	12.99998294786024
721	0.542762	181.431	12.999983464788265
722	0.591585	184.942	11.999978371597582
723	0.569499	186.069	13.000016123051127
724	0.601590	193.650	12.0
725	0.602371	190.531	12.999984254530759
726	0.622716	199.200	11.0
727	0.611251	200.292	11.99998002915743
728	0.646044	213.145	11.0000234582092
729	0.634079	207.725	12.0
730	0.649630	219.609	11.00000455354744
731	0.652161	217.650	12.0
732	0.659624	222.482	10.999991010508715
733	0.654235	232.409	11.00000430275936
734	0.697562	260.770	10.0
735	0.712047	276.570	10.0
736	0.373571	134.770	20.0
737	0.365375	134.567	20.999947981302995
738	0.385509	135.565	20.0
739	0.382421	137.500	20.0
740	0.419170	141.289	17.999985844616354
741	0.405208	141.468	19.000056549891145
742	0.465116	146.376	17.000054653768377
743	0.452099	150.741	17.000019901685672
744	0.481631	151.069	15.99997352203298
745	0.469549	155.756	16.000025681193662
746	0.506111	159.264	14.000025115531443
747	0.489048	158.994	15.99997484181793
748	0.525363	160.850	14.000000000000002
749	0.505510	164.420	15.000000000000002
750	0.544285	169.754	12.999988218245226
751	0.522482	169.236	13.99997636436692
752	0.574523	179.523	13.000005570316896
753	0.560974	179.186	13.999977676827429
754	0.587524	182.815	13.000027350053331
755	0.572974	181.892	13.000021991071625
756	0.611636	190.700	12.000000000000002
757	0.595447	196.400	12.0
758	0.617902	200.583	12.00001994186945
759	0.624216	196.642	11.999979658465637
760	0.641071	213.300	11.0
761	0.651388	217.518	11.000009194641363
762	0.649381	218.900	11.0
763	0.649656	217.150	12.0
764	0.660684	221.500	11.0
765	0.661459	233.445	11.000021418321232
766	0.701004	262.920	9.999999999999998
767	0.724186	278.350	10.0
768	0.372176	135.010	20.0
769	0.363058	134.814	21.000044505763498
770	0.388096	135.185	20.0
771	0.375847	135.838	21.000014723420545
772	0.423111	138.933	18.00004318628404
773	0.400676	138.795	20.000000000000004
774	0.461632	149.600	16.0
775	0.453024	148.088	17.000027010966452
776	0.480584	153.013	15.000032676962087
777	0.465971	155.019	15.99997419671137
778	0.502402	158.907	14.999968535055094
779	0.503194	161.153	15.000031026415892
780	0.522736	165.057	14.000012117026241
781	0.511661	162.740	14.999999999999998
782	0.544263	169.438	13.000035411182852
783	0.529576	171.579	13.999965030685573
784	0.580649	180.608	12.000022147413183
785	0.562128	182.515	13.00002739500863
786	0.594895	190.008	12.000021051745188
787	0.590588	187.100	13.000000000000002
788	0.613596	194.400	11.0
789	0.595722	192.550	11.999999999999998
790	0.616142	199.417	11.999979941529558
791	0.624656	198.242	11.999979822641016
792	0.657408	214.730	10.000000000000002
793	0.658192	215.427	11.000013925831023
794	0.664118	222.891	10.999995513502117
795	0.673130	220.000	11.0
796	0.670659	228.560	10.0
797	0.685277	229.870	9.999999999999998
798	0.725019	273.930	10.0
799	0.735421	272.870	10.0
800	0.371983	134.255	20.0
801	0.362667	134.929	20.999933298253154
802	0.393664	135.100	19.0
803	0.376846	136.545	20.000000000000004
804	0.418609	138.117	17.99995655856991
805	0.404944	140.937	18.99997871389344
806	0.460598	149.206	16.000026808573384
807	0.452539	150.959	16.999980127054368
808	0.492193	150.113	15.000033308241123
809	0.481610	153.775	16.0
810	0.505958	158.007	14.000012657667064
811	0.499985	161.260	15.000000000000002
812	0.533097	165.700	14.000000000000002
813	0.517698	162.213	15.000030823670112
814	0.545115	169.108	12.999976346476808
815	0.550998	170.915	13.000029254307698
816	0.581671	178.654	12.999988805176487
817	0.583777	185.200	12.000000000000002
818	0.602761	189.200	12.000000000000002
819	0.595975	190.058	12.000021046206946
820	0.621115	192.200	11.0
821	0.618549	195.983	12.000020409933516
822	0.631233	195.667	11.999979557104673
823	0.639960	198.758	12.0000201249761
824	0.650366	206.173	10.999985449113124
825	0.669008	215.645	11.000023186255188
826	0.676129	221.270	9.999999999999998
827	0.680286	222.900	10.0
828	0.683249	226.580	10.0
829	0.696001	232.390	10.000000000000002
830	0.731545	278.211	9.000003594394183
831	0.748087	277.767	8.999989199580945
832	0.371404	134.095	21.000037286998023
833	0.372530	133.733	21.000052343101554
834	0.393731	135.668	19.000058967479433
835	0.379393	136.820	20.0
836	0.418766	137.733	18.00004356254492
837	0.411453	140.268	19.000057033678388
838	0.463213	146.976	17.000054430655343
839	0.452561	151.444	15.999973587596736
840	0.485861	151.500	15.0
841	0.485712	155.031	16.000025801291354
842	0.502208	159.350	14.000000000000002
843	0.497106	159.560	15.0
844	0.530030	164.329	13.999963487881018
845	0.517020	164.053	15.000030477955296
846	0.552267	171.569	13.000017485676318
847	0.538080	168.614	14.00002372282254
848	0.590943	179.558	12.000022276924447
849	0.592767	182.300	11.999999999999998
850	0.595045	185.933	12.000021513125695
851	0.611725	191.367	11.999979097754577
852	0.619445	196.700	11.0
853	0.625572	190.717	11.999979026515726
854	0.621160	199.945	11.000025006876893
855	0.644619	200.645	11.000024919634178
856	0.656779	215.118	11.00000929722292
857	0.654882	209.336	11.000019108036838
858	0.683330	219.700	10.0
859	0.705089	222.670	10.0
860	0.677875	226.709	11.000004410940898
861	0.686718	230.255	10.999978284944953
862	0.725515	274.640	10.0
863	0.761734	276.240	10.0
864	0.372353	135.540	20.000000000000004
865	0.365176	135.524	20.999970484932557
866	0.389802	137.211	18.999934407591226
867	0.383386	137.615	20.0
868	0.418362	139.750	18.0
869	0.409551	141.821	19.00000705114193
870	0.471337	150.093	15.000033312679474
871	0.460364	152.094	15.999973700474706
872	0.483082	151.880	15.0
873	0.479836	155.444	15.999974267260235
874	0.509054	159.886	13.9999749821748
875	0.520522	161.633	15.000030934277033
876	0.527264	161.721	14.000037100933088
877	0.532117	165.386	13.999975814155976
878	0.531273	168.279	13.999964344927175
879	0.556359	175.077	12.999994288227466
880	0.579149	181.317	11.999977939189376
881	0.597928	184.742	11.999978348182873
882	0.595951	187.767	11.999978697002135
883	0.617129	187.923	13.000005321328416
884	0.604899	191.408	12.00002089776812
885	0.629636	200.658	12.000019934415773
886	0.631033	195.873	10.999984683953379
887	0.626880	202.800	11.999999999999998
888	0.663421	209.691	10.99999523107811
889	0.672936	221.882	10.99999098619987
890	0.677355	220.273	10.99998638053688
891	0.705975	223.800	11.0
892	0.698526	227.280	10.0
893	0.729072	235.290	10.0
894	0.726538	273.140	10.0
895	0.769841	275.360	10.0
896	0.373600	136.830	19.999999999999996
897	0.376151	136.575	20.0
898	0.388610	135.590	20.0
899	0.388320	138.910	20.0
900	0.418305	142.056	17.999943684180884
901	0.418199	141.147	19.00004959368602
902	0.460602	151.138	15.999947068242268
903	0.466051	151.300	16.0
904	0.487075	153.438	15.99994786167703
905	0.476947	155.181	16.000025776351485
906	0.505442	158.750	14.0
907	0.498316	160.147	14.999968778684583
908	0.522980	165.214	14.000024211023279
909	0.524228	167.793	13.999988080551631
910	0.542195	169.485	12.999970498864206
911	0.569582	171.731	12.999982530818547
912	0.590171	183.142	11.999978159024144
913	0.609671	187.208	12.000021366608264
914	0.598709	182.650	12.0
915	0.630364	188.908	12.000021174328246
916	0.609149	198.017	11.999979799714165
917	0.640186	194.892	11.999979475812244
918	0.626257	196.342	11.999979627384867
919	0.644326	201.133	12.000019887338228
920	0.663737	211.436	11.000018918254224
921	0.663831	212.917	11.999981213336651
922	0.671868	219.391	10.999995441927883
923	0.723093	220.420	10.0
924	0.687104	233.270	9.999999999999998
925	0.717620	241.810	10.0
926	0.735613	277.570	10.0
927	0.792187	272.722	9.000007333475114
928	0.373686	134.371	21.000066978737973
929	0.375297	134.943	20.999977768391098
930	0.395951	136.874	18.9999561640633
931	0.396777	138.765	20.000000000000004
932	0.418562	142.944	18.00005596597269
933	0.423634	144.244	18.00005546157899
934	0.457613	149.659	16.999979954429737
935	0.465395	148.139	17.999986499166322
936	0.484769	153.863	15.999948005693378
937	0.484434	154.456	16.000025897342933
938	0.509307	160.007	14.999968751367126
939	0.515405	160.580	14.999999999999998
940	0.508336	166.671	14.000035999064025
941	0.529292	164.807	14.999969661482826
942	0.546738	166.979	13.999964067337807
943	0.561789	173.362	12.99996539033929
944	0.588708	180.875	12.0
945	0.621245	187.075	12.000000000000002
946	0.597181	191.075	12.000000000000002
947	0.612480	187.442	11.999978660065514
948	0.602904	193.800	11.999999999999998
949	0.645735	192.867	11.999979260319288
950	0.623577	204.336	11.00001957560097
951	0.673578	211.636	11.000018900376118
952	0.635015	210.364	10.999980985339697
953	0.682917	221.364	10.999981930214489
954	0.644841	217.827	11.000013772397361
955	0.692022	227.390	10.000000000000002
956	0.672412	235.160	10.0
957	0.718711	239.340	10.0
958	0.717554	271.130	10.0
959	0.801903	276.278	8.999992760914731
960	0.379092	135.595	21.000036874516024
961	0.377375	134.900	21.0
962	0.402940	138.432	18.999942209893668
963	0.403563	138.210	19.999999999999996
964	0.425774	141.939	17.99998590943997
965	0.435855	146.765	16.999965931932003
966	0.471921	150.412	16.000053187245697
967	0.483894	154.450	16.0
968	0.496553	152.000	15.0
969	0.509805	158.387	14.999968431752608
970	0.512996	161.507	14.000012383364188
971	0.525076	163.857	14.000012205764783
972	0.515535	164.629	13.999963554416295
973	0.540009	170.114	14.000023513643791
974	0.564522	167.131	12.999982050008676
975	0.566196	171.507	14.000011661331607
976	0.595510	180.515	13.000027698529209
977	0.621206	181.700	12.000000000000002
978	0.610335	189.217	11.9999788602504
979	0.644604	189.375	12.0
980	0.624405	198.973	10.999984922577433
981	0.667931	204.864	10.99998047485161
982	0.633556	196.591	10.999994913297149
983	0.663277	202.382	10.999990117698212
984	0.649985	217.627	11.000013785054245
985	0.710176	220.273	10.99998638053688
986	0.669821	218.027	11.0000137597637
987	0.696519	221.227	11.000013560731738
988	0.685144	241.060	10.0
989	0.730963	228.440	10.0
990	0.719754	279.911	9.000003572564136
991	0.790260	284.478	8.99999296957937
992	0.376925	137.295	20.000000000000004
993	0.405564	141.000	20.0
994	0.399485	139.750	18.0
995	0.433490	145.221	19.000006886056422
996	0.422267	143.082	17.00004193399589
997	0.450770	146.917	17.999959160614498
998	0.474651	150.412	16.000053187245697
999	0.496670	157.238	15.999949121713582
1000	0.492778	157.700	15.000000000000002
1001	0.521358	160.073	15.000031235748688
1002	0.504188	160.720	15.000000000000002
1003	0.537241	163.514	14.000024462737134
1004	0.532980	166.307	14.000012025952007
1005	0.558289	169.900	13.999999999999998
1006	0.528365	172.707	14.000011580306532
1007	0.579583	173.908	12.999976999332983
1008	0.578433	183.150	12.0
1009	0.619888	189.308	12.000021129587761
1010	0.594851	184.925	11.999999999999998
1011	0.631571	194.075	12.000000000000002
1012	0.583468	192.062	12.999968760087889
1013	0.654766	199.650	12.0
1014	0.623913	203.075	12.000000000000002
1015	0.675394	206.718	11.000009675016207
1016	0.648487	222.270	9.999999999999998
1017	0.699695	222.300	10.0
1018	0.654945	229.864	10.999982598406014
1019	0.719721	225.310	10.0
1020	0.668337	233.620	9.999999999999998
1021	0.727515	241.600	10.0
1022	0.715871	278.950	10.0
1023	0.823939	281.733	9.000010648379849
