-1	0	90	0
0	0.264244	100.837	78.00013883792656
1	0.258811	103.029	79.99980587989789
2	0.283770	101.436	72.9997239638787
3	0.276207	104.129	75.00024008681538
4	0.302272	102.524	67.99968787796028
5	0.295065	105.011	70.00028568435688
6	0.340287	108.342	59.999815399383436
7	0.331231	107.334	61.99992546630145
8	0.358410	105.895	56.99985835025261
9	0.347499	107.871	59.00010197365371
10	0.376941	106.833	54.99985959394569
11	0.364295	109.358	56.999945134329444
12	0.390548	107.779	51.999925774037614
13	0.380844	110.704	53.999855470443705
14	0.413013	108.820	50.0
15	0.396237	111.771	52.000071574916575
16	0.446104	113.276	46.00003531198136
17	0.429284	114.783	48.00013939346419
18	0.464020	113.443	44.000070519996825
19	0.432620	116.206	47.00015489733748
20	0.481351	114.809	43.000113231541086
21	0.460037	117.495	44.00017022000936
22	0.496730	116.346	41.00012033073762
23	0.475540	118.670	42.99991573270414
24	0.530172	119.726	38.00010022885589
25	0.505343	122.127	40.999942682617274
26	0.548116	120.046	36.99998333971977
27	0.517249	123.037	40.00016255272804
28	0.564684	121.931	35.99986877824343
29	0.530751	124.846	39.00004805920894
30	0.697144	150.386	29.00003989733087
31	0.647192	151.903	31.000046082039198
32	0.306192	102.406	66.99998046989434
33	0.301302	106.133	69.00021670922334
34	0.328873	102.794	61.999727610560925
35	0.323773	105.575	64.0
36	0.353107	103.776	57.99992291088498
37	0.346071	106.110	59.00009424182452
38	0.399901	105.782	51.00017016127507
39	0.389737	108.588	52.00022101889712
40	0.423542	107.048	47.999962633584936
41	0.412412	110.147	48.999972763670364
42	0.445603	107.983	45.99983330709463
43	0.432816	110.870	47.00009019572472
44	0.466067	109.116	43.99996334176473
45	0.454708	112.051	45.00004462253795
46	0.490733	111.137	40.9998470356407
47	0.473423	113.830	43.00008785030308
48	0.534357	114.153	37.99987735758149
49	0.514166	116.733	39.00011136525233
50	0.555218	114.859	37.000148007557094
51	0.533660	118.208	37.99996616134271
52	0.577784	116.451	35.00012880954221
53	0.552353	119.203	36.999907720443275
54	0.595662	117.847	34.00001697115752
55	0.563842	120.927	37.00000826945182
56	0.637230	121.141	31.999900941877645
57	0.606986	124.800	33.0
58	0.657043	123.516	31.00003238446841
59	0.631740	130.881	32.00006112422735
60	0.677137	127.263	30.00007857743413
61	0.630489	127.653	32.00003133494708
62	0.831210	151.738	23.99992091631628
63	0.777035	155.392	26.00005148270181
64	0.326921	102.224	62.9998826107372
65	0.322648	104.594	62.999789662886975
66	0.351505	102.403	59.00022460279484
67	0.346301	105.460	60.00000000000001
68	0.378061	103.698	54.000077147100235
69	0.370133	106.264	56.000150568395696
70	0.427006	106.121	47.00012250167262
71	0.418025	109.153	49.00002748435682
72	0.453353	106.971	45.000046741640254
73	0.440612	110.176	46.00003630554749
74	0.474990	108.258	43.0000554231558
75	0.463056	112.241	43.99996436239877
76	0.499615	109.673	41.00006382610123
77	0.485355	112.636	41.99989346212578
78	0.521583	111.197	39.00015288182235
79	0.505564	114.498	39.99982532445981
80	0.569366	113.722	36.00007034698651
81	0.549940	117.257	36.99992324552052
82	0.590138	115.900	34.0
83	0.570442	118.775	35.99999999999999
84	0.614710	117.303	33.00000852493116
85	0.590085	120.679	34.00011601024205
86	0.633988	119.197	31.999966442108445
87	0.608086	121.874	33.999868716871525
88	0.676802	122.540	29.999999999999996
89	0.649395	126.148	31.000095126359515
90	0.695652	124.566	28.99988760978116
91	0.666463	128.033	30.000078104863594
92	0.715351	125.600	29.000000000000004
93	0.684678	130.572	29.00009190331771
94	0.883872	154.200	23.0
95	0.841240	157.242	23.999949123007852
96	0.337019	103.610	60.00000000000001
97	0.332411	105.398	62.00022770830566
98	0.363818	102.877	55.99988335585214
99	0.357544	105.818	56.99975429511048
100	0.390546	104.060	51.99980780319047
101	0.381915	106.678	53.99988751195186
102	0.442312	106.339	46.000056423325404
103	0.432648	109.017	47.0000091728813
104	0.466789	107.128	42.99996266148906
105	0.455390	110.291	45.000045334614796
106	0.489190	108.300	42.00000000000001
107	0.477210	111.563	42.999919328092645
108	0.515293	109.623	39.999817556534666
109	0.490244	113.148	41.99985859228621
110	0.540483	111.008	37.99996396656097
111	0.523738	115.656	39.00013834128796
112	0.586899	114.834	35.00008708222303
113	0.566774	118.203	35.999932319822676
114	0.610046	116.297	32.99999140132592
115	0.587895	119.789	34.99987477982119
116	0.631262	117.462	32.00013621426504
117	0.609967	121.703	33.00000821672432
118	0.653604	119.981	30.99990831881715
119	0.628951	123.678	32.000032342049515
120	0.694202	123.403	29.000105345899204
121	0.670834	126.619	31.00008687479762
122	0.718160	125.686	27.999936349314957
123	0.692145	130.238	28.999984643498827
124	0.736364	127.752	26.99996868933559
125	0.713097	131.014	28.999954203367576
126	0.911485	155.345	22.000064372847532
127	0.880945	157.852	23.000025340192078
128	0.342687	102.532	59.999804938945886
129	0.337672	104.723	60.99997135299791
130	0.369554	102.844	54.9998055307067
131	0.363455	105.641	56.000037864086856
132	0.396696	105.875	50.99976387249115
133	0.387695	107.506	52.99983256748461
134	0.449664	106.209	45.99986818442882
135	0.436783	109.372	47.00014628972681
136	0.473375	107.523	43.00010230369316
137	0.462386	110.555	43.99981909456831
138	0.488789	108.617	41.999871106732826
139	0.487537	111.683	42.00012535479885
140	0.523631	109.846	39.00005462192524
141	0.507314	112.927	40.99993801305268
142	0.548571	112.251	37.00011581188586
143	0.532003	115.121	38.00001737302491
144	0.595547	115.441	34.000051974601746
145	0.575751	119.037	35.000042003746735
146	0.618321	116.909	33.000025660984186
147	0.598540	120.432	34.00009964129135
148	0.641437	118.691	31.99989889713626
149	0.621018	122.831	32.000065130138154
150	0.661985	120.316	31.0000332457861
151	0.642781	124.229	31.00000804965024
152	0.709915	124.932	28.000032017417475
153	0.683911	128.370	30.0
154	0.727352	127.007	27.000086609399478
155	0.707493	130.003	29.000099997692363
156	0.749911	128.941	26.999945711604532
157	0.728547	132.336	27.999939547817675
158	0.926972	156.668	22.0000255316976
159	0.903655	161.130	23.00006206168932
160	0.346128	102.159	59.00018598459264
161	0.328017	104.558	62.00003825627881
162	0.372511	102.793	54.99985407566663
163	0.366801	105.587	56.000265184160924
164	0.398087	104.339	51.00010542558392
165	0.392992	106.558	53.000243998573545
166	0.452908	106.291	45.00004704067137
167	0.442929	109.407	45.999798915974296
168	0.479836	109.600	43.00000000000001
169	0.467926	111.718	44.00007160887234
170	0.503201	108.966	40.999944936952815
171	0.491566	112.466	40.99994665054328
172	0.530434	110.987	37.99994593961455
173	0.515640	113.453	39.99982371554741
174	0.554328	112.733	36.00010644620475
175	0.537110	115.884	36.99993096544821
176	0.604513	115.764	32.99989634083135
177	0.570148	118.439	35.99996622734066
178	0.625783	117.330	33.00008522969403
179	0.606684	121.300	33.0
180	0.645063	119.326	30.99994971758041
181	0.631104	123.162	32.00012991019957
182	0.673898	121.090	29.999999999999996
183	0.656263	124.642	30.999983954044385
184	0.721536	124.968	27.9999679918059
185	0.702029	129.600	28.000000000000004
186	0.739473	128.552	26.999968884186945
187	0.721706	131.214	28.000060969103906
188	0.762166	129.077	25.999984505372762
189	0.743169	133.185	27.000037541765213
190	0.946171	158.676	21.000025208601176
191	0.925366	162.629	20.999944659316604
192	0.349517	101.312	58.99992103600758
193	0.345095	104.738	60.000190952662834
194	0.376916	102.972	54.00011653653421
195	0.369229	105.795	54.99976369393639
196	0.403707	103.942	50.00000000000001
197	0.396757	106.945	51.00004675300388
198	0.458674	106.316	43.99996237631212
199	0.447057	109.402	45.00009140600721
200	0.483953	107.776	42.00007422802851
201	0.474447	110.602	43.000126579989505
202	0.512325	108.843	39.999816249092724
203	0.496820	112.429	41.000097839525395
204	0.536807	110.513	38.00005429225521
205	0.526297	118.858	37.99996634639654
206	0.563734	112.058	36.00010708740116
207	0.549043	115.457	36.99992204890132
208	0.606813	115.448	33.00013859053427
209	0.595750	118.469	34.9998733845985
210	0.633319	117.716	31.999898059736996
211	0.618522	121.241	31.99990102358113
212	0.660079	119.683	30.000083554055294
213	0.639732	122.491	31.999902033618795
214	0.680441	121.173	30.00008252663547
215	0.663599	125.303	30.000079806548925
216	0.729019	125.293	27.99996807483259
217	0.708102	130.364	28.00006136663496
218	0.748180	128.015	26.999960942077102
219	0.735486	130.918	27.999969446523775
220	0.776704	130.504	25.99996934959848
221	0.757023	133.448	27.000029974222166
222	0.968688	158.805	20.99996851484525
223	0.940136	161.995	22.000061730300317
224	0.353022	102.755	58.000097318865265
225	0.348612	105.193	58.00005703801584
226	0.381442	103.376	53.99996130629933
227	0.375273	105.418	55.00009486046026
228	0.409552	103.854	50.0
229	0.401749	106.547	51.00002815658817
230	0.455775	105.860	45.0
231	0.455672	108.960	45.0
232	0.490853	107.031	41.99998131382497
233	0.481345	110.256	42.99992744159048
234	0.518206	108.595	38.99995395736452
235	0.505238	112.046	41.00012494868179
236	0.540952	110.424	37.99989132797218
237	0.528649	113.556	39.00014089964423
238	0.568132	111.561	36.000035854823814
239	0.556178	114.868	36.999860709684164
240	0.616734	115.448	33.00013859053427
241	0.603900	118.853	33.99998317249039
242	0.642873	117.723	30.999889571281738
243	0.626523	122.891	31.99990235249123
244	0.667650	124.807	29.99991987628899
245	0.655970	122.697	30.999942948890354
246	0.683427	121.203	29.00010725807117
247	0.674053	124.650	30.0
248	0.739448	125.018	27.999968004607336
249	0.722698	129.829	27.999907570727647
250	0.765746	128.096	26.000031226580063
251	0.748600	131.300	26.999999999999996
252	0.785905	131.312	25.0
253	0.767064	134.188	26.00008942677438
254	0.984015	159.770	20.0
255	0.963489	163.500	21.0
256	0.355101	102.907	57.00000971751193
257	0.360655	105.116	56.99988584040489
258	0.383378	102.943	53.000203996386354
259	0.387403	106.585	52.99995308908383
260	0.409129	104.232	50.00000000000001
261	0.416861	107.429	48.99980452205643
262	0.465984	107.548	43.99988842191394
263	0.472487	109.419	42.999844633930124
264	0.489486	108.607	41.00011969762538
265	0.498058	110.955	40.0
266	0.520213	109.746	39.00005467169647
267	0.522682	112.390	38.999911024112464
268	0.544582	111.030	36.99990993425201
269	0.550681	113.592	35.99989435875766
270	0.573014	112.703	34.999955635608636
271	0.574569	114.814	35.99996516104308
272	0.621280	117.147	31.999965854866105
273	0.626862	118.724	33.00006738317442
274	0.647341	119.342	30.999983241440564
275	0.651229	121.058	31.000016521006458
276	0.677795	120.257	29.999916844757475
277	0.677158	122.603	30.00008156407266
278	0.695359	122.817	29.000056995367093
279	0.692743	125.290	28.999920185170403
280	0.745484	127.233	27.000070736365565
281	0.753910	128.493	26.999914392223705
282	0.773881	128.568	27.999968888059236
283	0.777814	131.352	25.0
284	0.792694	136.065	26.000073494285818
285	0.800526	137.600	26.0
286	0.997210	164.625	20.0
287	1.010074	166.011	18.999945786724975
288	0.358650	102.547	57.000204784147755
289	0.364624	105.048	56.00011423349326
290	0.385102	103.192	53.0002325761687
291	0.392472	106.140	52.99981156962502
292	0.412510	104.645	48.999952219408485
293	0.421590	106.577	48.00003753154996
294	0.470522	106.898	42.99986903403245
295	0.465603	109.411	44.000146237581234
296	0.489254	108.763	41.00015630315457
297	0.501232	110.773	41.00006319229415
298	0.523080	109.169	39.000082440986
299	0.526461	112.133	39.000115933757236
300	0.542668	112.668	38.00014201015372
301	0.553370	113.764	35.999964839492286
302	0.577998	112.714	35.0000887201235
303	0.580466	115.359	33.999947988453435
304	0.628397	116.969	31.999931605810087
305	0.631190	119.209	32.0001006635405
306	0.655784	118.242	30.999983085536442
307	0.661050	120.900	30.0
308	0.678130	120.520	30.0
309	0.680917	122.400	30.0
310	0.699872	122.593	29.000024471217767
311	0.712527	124.407	28.000032152531613
312	0.748319	128.619	26.99989892628616
313	0.756625	129.877	25.999984600814617
314	0.772464	129.900	26.0
315	0.786871	130.756	25.0
316	0.797832	131.260	25.0
317	0.810390	133.012	25.0
318	0.985994	163.570	20.0
319	1.020525	163.437	18.999981644303308
320	0.360946	102.666	56.00003896129196
321	0.365819	105.080	56.00019033117625
322	0.387765	103.710	51.999807154565616
323	0.394624	108.196	52.000073939886875
324	0.413602	104.296	50.0
325	0.423550	106.867	47.99985028119064
326	0.468650	107.481	43.00015816749007
327	0.478694	109.643	41.99994527694427
328	0.496968	108.595	41.000046042635475
329	0.506199	110.585	40.0
330	0.524146	109.477	38.999972596983845
331	0.532011	112.313	38.00005342213279
332	0.551772	111.059	37.00015307179067
333	0.556602	113.473	36.999991187330906
334	0.580141	113.037	35.00004423330414
335	0.586202	114.691	34.000052314479774
336	0.633276	117.034	32.000102534306265
337	0.635552	119.781	32.00006678855578
338	0.653804	118.965	30.99987391249527
339	0.666150	120.317	29.999916886225556
340	0.676814	120.830	30.0
341	0.688065	123.228	28.99990261953452
342	0.701637	123.604	27.999902915763244
343	0.714870	124.025	27.999999999999996
344	0.745183	127.733	27.00007045947406
345	0.764823	130.462	25.99990801919333
346	0.771320	130.731	25.999954104229296
347	0.796063	129.528	25.0
348	0.802322	132.208	25.0
349	0.817345	132.963	23.99990974932876
350	1.008341	164.700	19.000000000000004
351	1.024191	164.200	20.0
352	0.361974	102.434	55.99996095046567
353	0.366868	104.784	55.999961826233005
354	0.389599	103.042	52.000155276489195
355	0.396463	105.492	51.00007583513442
356	0.411618	103.864	49.99999999999999
357	0.424644	106.658	48.00015001218849
358	0.468070	110.933	42.99982872544689
359	0.480529	109.345	42.00009145365586
360	0.501030	107.951	41.00008337115914
361	0.506714	110.251	41.000081631912636
362	0.513460	109.048	39.999816594527175
363	0.532151	111.889	38.00016087372307
364	0.533834	110.447	38.000126757630355
365	0.561239	113.194	36.00014135024824
366	0.583312	112.877	35.000044296003615
367	0.587475	114.885	34.0000870435653
368	0.629613	116.566	31.999897054029475
369	0.639698	118.694	31.999932599794427
370	0.647423	119.371	30.999991622755946
371	0.668008	119.752	30.99989979290534
372	0.674076	121.330	30.0
373	0.693742	122.259	28.99991002707367
374	0.698558	123.403	29.000105345899204
375	0.720872	124.143	27.999967779093463
376	0.754279	127.581	27.00010189605035
377	0.771055	128.542	26.000062236467457
378	0.787314	129.960	25.0
379	0.796782	130.248	25.0
380	0.794533	132.816	25.0
381	0.821462	133.184	25.0
382	1.009460	165.089	19.00005451604892
383	1.033012	164.132	18.99995125874296
384	0.363272	102.212	57.00015653739287
385	0.368221	104.835	54.99976153002337
386	0.388617	103.008	51.99984467225846
387	0.396594	105.653	50.99997160516029
388	0.416951	104.304	49.000038349440096
389	0.426032	106.731	48.00011243218934
390	0.471306	106.472	43.00003756856263
391	0.482761	109.071	42.000165030118
392	0.483371	107.021	42.9999719681184
393	0.510353	110.043	39.999818252864785
394	0.525718	113.885	38.999868288185446
395	0.533982	111.982	37.99985711989427
396	0.547622	111.400	37.0
397	0.563273	113.153	35.999929299267365
398	0.579786	112.846	34.9999113836556
399	0.590721	114.211	35.00013133586082
400	0.638608	116.619	31.99993140054365
401	0.623977	118.481	32.00006752137474
402	0.651381	119.026	30.9999495908457
403	0.670924	119.833	30.000083449467176
404	0.680462	120.257	29.999916844757475
405	0.698672	121.734	29.000115004846634
406	0.712376	122.386	27.999934633046266
407	0.721031	124.436	27.99993570992317
408	0.760203	127.488	26.000094126506024
409	0.775378	128.062	25.99990629538817
410	0.780145	129.442	26.000061803742216
411	0.799033	130.928	25.0
412	0.798989	133.280	25.0
413	0.820239	132.452	25.0
414	1.022426	164.105	19.000030468297737
415	1.034517	167.268	19.0000478274386
416	0.363738	102.171	56.000234900314176
417	0.368334	104.684	55.999961789767305
418	0.375483	102.344	54.999804580630034
419	0.396861	105.620	50.99981064192388
420	0.417543	103.894	48.999942248830536
421	0.426391	106.598	47.99996247584382
422	0.476674	106.209	43.00012240017324
423	0.482846	109.060	41.9998166147075
424	0.501793	107.520	40.99981398809524
425	0.511544	110.260	39.99999999999999
426	0.531587	109.255	38.00009152899181
427	0.521473	111.192	39.0001079214332
428	0.558990	110.573	36.99999095620088
429	0.565112	112.781	35.99985813213218
430	0.585476	112.729	34.99986693752273
431	0.592578	114.665	33.99991278943008
432	0.637634	125.116	31.9999040890054
433	0.645977	118.961	31.000075655046615
434	0.663132	117.903	31.000059370838738
435	0.670447	120.393	30.000083061307553
436	0.664356	120.410	30.000000000000004
437	0.699937	121.062	29.000016520460594
438	0.711803	122.139	28.00006549914442
439	0.726934	123.004	27.999902442197
440	0.765920	125.888	26.00009532282664
441	0.778013	127.965	26.000078146368146
442	0.782016	130.084	25.0
443	0.801584	129.960	25.0
444	0.799944	132.964	25.0
445	0.829076	131.625	24.0
446	1.026497	163.205	19.00003063631629
447	1.049642	160.600	19.0
448	0.362711	102.302	55.999882700240455
449	0.368058	104.443	55.99992340319601
450	0.392069	102.854	51.9999222198456
451	0.397619	105.062	51.99977156345777
452	0.422700	104.037	48.99987504445534
453	0.426349	106.315	47.99981187979119
454	0.474527	106.251	43.00006588173288
455	0.483717	108.679	41.99983437462619
456	0.497374	107.917	41.00002779914193
457	0.511920	110.056	39.000145380533546
458	0.508208	109.278	39.999816980545035
459	0.539405	111.539	38.000161378531274
460	0.560198	110.556	35.999855276963714
461	0.565803	112.889	35.99996456696401
462	0.581806	112.603	34.999955596209695
463	0.594505	113.938	34.00007021362495
464	0.636540	116.471	30.999991414171767
465	0.648232	117.890	31.000084824836712
466	0.665345	119.020	30.0
467	0.675476	119.563	30.000083637914738
468	0.688921	120.493	29.000024897711903
469	0.702270	126.014	28.9999523862428
470	0.705188	126.414	28.000063284129922
471	0.730273	122.507	28.00003265119544
472	0.770063	126.162	25.999904884196507
473	0.779894	127.980	25.0
474	0.790815	128.112	25.999906331959536
475	0.807626	130.300	24.999999999999996
476	0.826438	131.992	23.99993939026608
477	0.835610	132.313	23.000007557836344
478	1.028990	162.240	20.0
479	1.053011	162.768	19.000049149710016
480	0.367372	102.135	54.999755225926464
481	0.374085	103.945	55.00024051180913
482	0.399096	102.598	51.00001949355738
483	0.397224	104.806	51.999885502738394
484	0.428740	103.210	48.00019377967252
485	0.432144	106.219	47.0000659015807
486	0.487713	105.586	41.99988634856894
487	0.490697	108.529	41.000101355398094
488	0.511502	108.659	38.99999079689671
489	0.521564	109.331	38.99991768117002
490	0.540464	108.668	38.000147237457206
491	0.549395	110.586	37.00016276924746
492	0.573586	109.971	35.00013639959626
493	0.575169	111.742	35.99989260976177
494	0.601348	111.476	34.000143528651904
495	0.605468	114.315	33.00004373879194
496	0.644058	116.626	30.999948553495788
497	0.660357	117.065	30.99987186605732
498	0.671289	117.827	29.999915129808958
499	0.691277	119.055	29.00004199739616
500	0.706627	119.200	29.0
501	0.712833	121.346	28.000098890775135
502	0.728504	121.129	27.99990093206416
503	0.740642	123.789	26.99997576521339
504	0.773038	126.319	26.00004749879274
505	0.793925	127.708	25.0
506	0.801673	128.468	25.0
507	0.823089	129.529	24.000030881115425
508	0.824615	130.167	23.999938540490295
509	0.848880	131.787	24.000091056022217
510	1.020641	161.958	18.999987651119426
511	1.079269	162.750	18.0
512	0.367013	103.827	55.999884423126936
513	0.371987	104.673	54.99985669656932
514	0.396057	102.433	51.99984380033778
515	0.402426	104.663	50.99987579182711
516	0.428056	103.277	48.00003873079195
517	0.431888	105.977	46.99982071581569
518	0.488863	105.733	42.000132408992464
519	0.489731	108.456	41.00003688131592
520	0.518255	106.913	38.99993452620355
521	0.504913	108.924	41.000146891410516
522	0.538900	108.671	38.000018404174064
523	0.546401	110.681	37.000027104923156
524	0.566514	110.133	36.000108959167555
525	0.575365	112.109	34.999866201643044
526	0.596560	111.859	33.99994636104381
527	0.603593	113.179	34.000123697859145
528	0.646857	117.384	30.99996592380563
529	0.658670	117.442	30.999982970317262
530	0.673920	117.320	30.0
531	0.683933	119.107	28.999974812563494
532	0.691691	119.586	29.000050173097186
533	0.712607	121.425	28.0
534	0.719304	121.936	27.999934391812094
535	0.741309	123.204	26.99993506704328
536	0.777726	126.088	26.000095171626167
537	0.792061	127.252	25.000000000000004
538	0.799405	126.780	25.0
539	0.813521	128.968	25.0
540	0.832616	130.075	24.000000000000004
541	0.845037	132.157	22.999916765665077
542	1.045687	160.316	18.999975049277676
543	1.036471	159.989	19.000056253867456
544	0.367216	101.884	55.999960739664715
545	0.373772	103.707	55.00014463825971
546	0.396675	102.631	51.000185129249445
547	0.401798	104.920	50.99980937857415
548	0.426550	103.562	48.00023174523474
549	0.429756	106.913	47.99977551841217
550	0.483506	108.028	42.99996297256266
551	0.487855	108.462	41.9999631207243
552	0.507221	107.493	39.99981394137293
553	0.516866	109.633	39.99981757317596
554	0.539216	108.516	37.99992627815253
555	0.546818	110.924	37.000108182178785
556	0.560578	110.625	36.0
557	0.573083	111.850	36.0
558	0.598288	111.450	34.0
559	0.600326	113.959	33.99994734948534
560	0.643848	116.184	30.999965571851543
561	0.653025	117.113	30.999974383714875
562	0.671713	117.527	29.99991491316889
563	0.686232	118.748	29.000067369555694
564	0.706300	119.829	27.999899857296647
565	0.711297	120.850	28.000000000000004
566	0.732922	121.086	27.999933931255473
567	0.740259	123.278	26.999951329515405
568	0.782476	125.496	25.0
569	0.795149	125.852	25.0
570	0.800267	127.708	25.0
571	0.820948	128.036	25.0
572	0.835981	129.535	22.99996140039372
573	0.843794	131.517	23.999939171361877
574	1.042927	161.705	19.000030920503384
575	1.079684	162.767	17.999963137491015
576	0.370606	101.605	55.00024605088332
577	0.372226	103.984	54.999807662717345
578	0.395897	102.050	52.00000000000001
579	0.401574	104.802	50.99998091639472
580	0.427783	102.981	48.00011652634953
581	0.430638	106.098	46.999943448509875
582	0.484857	105.662	41.99996214343851
583	0.487810	108.268	41.000110836073446
584	0.511072	107.370	40.0
585	0.516356	109.387	39.00006399297906
586	0.540896	108.479	37.99998156325187
587	0.544455	110.841	36.99984662715061
588	0.568815	110.140	35.0
589	0.574181	111.550	36.0
590	0.598624	111.724	33.999856789946655
591	0.602229	114.242	33.00012254687418
592	0.654578	114.839	30.999921629411613
593	0.657517	116.690	31.000085697146286
594	0.667640	118.450	30.0
595	0.687590	118.631	29.00000842949988
596	0.710374	119.175	28.0
597	0.710865	120.028	28.99990002332789
598	0.728417	121.619	26.99989310880701
599	0.739037	121.981	27.000106573974637
600	0.778418	124.146	26.000032220127917
601	0.793537	126.048	24.999999999999996
602	0.813707	127.296	25.0
603	0.825238	128.100	24.0
604	0.831132	129.892	23.999938410371694
605	0.848438	130.522	22.999954030738113
606	1.069357	159.505	19.000031346979718
607	1.069814	157.747	19.000044374853402
608	0.369344	101.816	55.0001964327807
609	0.372386	103.782	54.999903644177216
610	0.395807	103.284	51.00015491266798
611	0.401629	104.953	50.999971415776585
612	0.425074	103.435	48.00019335814763
613	0.431041	105.947	46.99991505186556
614	0.483715	105.905	41.99990557575185
615	0.489843	107.676	42.00007429696497
616	0.514712	107.021	38.99982246474991
617	0.517049	109.331	38.99991768117002
618	0.539078	108.484	38.000073743593525
619	0.534985	110.429	37.99998188881544
620	0.571483	109.483	36.00010960605756
621	0.574176	111.954	35.00008932240027
622	0.592617	111.620	35.0
623	0.603132	113.432	34.00010579025319
624	0.654710	115.213	30.99997396127173
625	0.658293	117.003	30.000085467893985
626	0.654997	116.094	30.99987940806588
627	0.684395	118.117	29.999915338181633
628	0.700230	119.245	28.999958069520734
629	0.714744	121.011	27.999933890307496
630	0.730095	120.663	26.99999171245535
631	0.738205	130.341	26.999946294719233
632	0.780023	125.085	25.999920054363034
633	0.794001	126.208	25.0
634	0.807084	128.004	25.0
635	0.819016	128.058	24.000062471692516
636	0.828526	129.796	23.99996918240932
637	0.847151	130.483	24.000061310668823
638	1.000043	160.705	19.000031112908744
639	1.083108	158.183	18.000037930751095
640	0.368742	101.687	55.000147511481316
641	0.373064	104.035	54.99975969625606
642	0.398014	101.923	52.000039245312635
643	0.400784	104.704	50.999961797066014
644	0.426131	103.558	48.00015450279071
645	0.429960	105.546	47.99992420366475
646	0.481033	105.702	43.00013244782502
647	0.490129	107.626	42.000074331481244
648	0.512908	107.140	40.0
649	0.516991	109.290	38.999908500320245
650	0.541116	109.789	37.000063758664346
651	0.546640	109.687	37.99994529889595
652	0.569510	109.986	34.99990907933737
653	0.574643	112.089	34.99986617776945
654	0.588493	112.712	33.99992902264177
655	0.603023	113.797	32.999991212422124
656	0.643476	115.453	32.00003464613306
657	0.659983	116.232	31.00006882786152
658	0.667648	117.630	30.000000000000004
659	0.688928	118.783	30.000084187131154
660	0.704973	118.638	28.999983141994974
661	0.712780	120.932	28.00003307643965
662	0.720948	120.821	28.000099320482366
663	0.740507	121.844	27.000098486589412
664	0.777111	124.931	25.999951973489367
665	0.796185	125.944	25.0
666	0.816982	125.732	25.0
667	0.821582	126.844	25.0
668	0.833729	129.312	24.000092798812172
669	0.850754	130.274	22.99998464774245
670	1.053265	160.037	18.999981254334934
671	1.081111	158.174	18.999962067090674
672	0.369277	101.909	55.00004906338007
673	0.364465	105.809	55.99996219603248
674	0.397401	102.355	50.999951150407895
675	0.401256	104.412	50.99988507068153
676	0.429573	102.925	48.0
677	0.431074	105.362	48.000227786108844
678	0.486827	105.231	41.99998099419373
679	0.488407	107.367	41.99986960611733
680	0.518054	106.255	40.0
681	0.518788	108.825	40.0
682	0.543557	107.939	38.00016676085567
683	0.544429	110.214	36.999836681365345
684	0.569394	109.364	35.99996342489302
685	0.551927	111.178	37.00012592419364
686	0.596871	111.624	33.99985666164982
687	0.602001	113.638	34.00007039898625
688	0.648987	115.248	31.000104123281965
689	0.659110	117.633	30.000085010158717
690	0.676313	116.633	30.00008573902755
691	0.686767	117.983	28.999940669418475
692	0.707433	117.866	28.99988122104763
693	0.714313	120.143	27.99996670634161
694	0.727253	120.339	28.000066478863875
695	0.739398	121.596	27.00006579163788
696	0.781266	125.084	25.0
697	0.795730	124.176	25.0
698	0.809823	126.572	25.0
699	0.823217	126.133	24.00006342511476
700	0.833283	129.171	23.99996903329695
701	0.848461	130.275	24.0
702	1.048477	158.032	18.999949377341295
703	1.081973	159.306	17.999949782180206
704	0.369488	101.288	55.99972356054025
705	0.372128	103.860	55.0
706	0.398950	101.956	51.99988230216956
707	0.401214	104.188	51.000115176411875
708	0.428529	103.096	46.99988360363157
709	0.430112	105.617	47.000009468172735
710	0.486437	105.171	42.000171149841684
711	0.490555	111.593	40.99988350523778
712	0.514611	106.897	39.00015903159115
713	0.516965	108.678	39.99981597011355
714	0.541319	107.961	37.999833273126406
715	0.547701	109.870	37.00009101665604
716	0.566155	109.517	35.99989042797009
717	0.575013	111.486	34.999910302638895
718	0.592518	111.726	34.99991049531891
719	0.599099	113.188	34.00007067887055
720	0.657473	114.184	30.99996496882225
721	0.658771	116.630	30.000000000000004
722	0.687818	115.870	29.999999999999996
723	0.685137	119.021	28.999924383092058
724	0.704700	118.024	29.000033891411913
725	0.713197	119.368	27.999966490181627
726	0.737052	120.233	27.000074854657207
727	0.741867	120.614	28.00006632729202
728	0.774713	123.481	25.99995140952859
729	0.796673	126.312	25.999904997149915
730	0.804841	126.583	24.00006319963976
731	0.824674	126.388	24.999999999999996
732	0.846038	128.548	22.99996888321872
733	0.852603	128.765	23.000038830427524
734	1.051321	156.247	19.000044800860174
735	1.082645	160.906	17.999950281530833
736	0.371499	101.211	54.99995059825513
737	0.372098	103.451	54.99995166793941
738	0.396811	102.180	51.000195733020156
739	0.400484	104.386	51.00013411760198
740	0.430289	102.700	48.0
741	0.430516	105.317	47.99984807770825
742	0.485137	105.279	41.99982902573163
743	0.490671	107.219	42.00001865341031
744	0.515946	106.202	40.00018832037062
745	0.517468	108.941	39.000009179280525
746	0.543608	107.873	36.999990729839716
747	0.547028	110.192	36.99996369972412
748	0.571298	109.360	35.0
749	0.573842	111.011	35.00013512174469
750	0.598881	111.044	34.00003602175714
751	0.604034	112.550	34.0
752	0.654762	114.323	30.999886287098835
753	0.660093	116.507	29.999914168247397
754	0.684320	115.433	30.000086630339677
755	0.685710	117.814	28.999949072266453
756	0.704253	118.172	29.000101546897742
757	0.716650	118.907	28.000033639735257
758	0.740263	119.067	26.99992441230568
759	0.743049	120.759	27.000057966693994
760	0.781126	123.623	26.000016178219262
761	0.796753	125.064	25.0
762	0.801524	126.872	25.0
763	0.823346	128.037	24.000093722908222
764	0.828460	127.625	24.0
765	0.824767	127.984	25.0
766	1.067023	157.228	17.99997455923881
767	1.086512	158.144	18.00005058680696
768	0.369545	101.553	54.9998522938761
769	0.372013	103.535	54.999758535760854
770	0.397876	102.359	50.999912074170325
771	0.401551	104.500	51.0
772	0.426452	103.138	47.999767302061315
773	0.431260	105.309	46.99978159511533
774	0.490529	105.344	40.99996202916161
775	0.489999	106.793	41.999943816542284
776	0.514431	105.883	39.99981111226543
777	0.515008	108.636	38.99996317979307
778	0.545667	107.786	37.00016699756926
779	0.548074	110.181	37.00002722792496
780	0.566339	110.037	35.00004543926134
781	0.574555	111.181	35.99985609051907
782	0.595561	111.538	34.000071724434726
783	0.601337	113.026	34.00014156034895
784	0.650376	115.165	30.999869752094817
785	0.658868	116.477	31.000111610017427
786	0.679054	115.877	29.999913701597386
787	0.686750	117.686	29.000050983124584
788	0.702948	118.734	29.00011791062375
789	0.686801	126.555	29.00003950851408
790	0.732920	120.544	27.0000995487125
791	0.742181	120.807	27.000091054326322
792	0.763272	122.612	25.9999021302972
793	0.798507	124.320	25.0
794	0.807937	125.564	25.0
795	0.825230	126.925	24.0
796	0.828202	129.629	24.000030857292735
797	0.842554	128.950	24.000000000000004
798	1.074219	155.016	18.999974196212005
799	1.085091	157.956	17.999949352984377
800	0.369151	101.338	55.000098679666074
801	0.372461	103.764	54.99980725492464
802	0.396958	102.071	52.000078376816134
803	0.400930	104.478	51.00021057064645
804	0.428489	102.965	47.999805759238576
805	0.429766	105.421	47.999924113791366
806	0.486480	105.250	42.0
807	0.490213	107.379	41.99983236945771
808	0.513961	107.350	40.0
809	0.518764	109.033	39.0001192299579
810	0.540564	108.176	36.99988906966425
811	0.546810	110.241	36.999845792400286
812	0.569671	109.523	34.99995434748866
813	0.575552	111.260	35.0
814	0.602685	110.435	34.000090551002856
815	0.605043	112.856	33.9999645566031
816	0.655040	114.171	30.999991241208363
817	0.660634	116.200	30.0
818	0.682319	115.653	30.0000864655478
819	0.686297	117.850	30.0
820	0.702822	118.596	28.000101183851054
821	0.686382	119.440	30.0
822	0.731495	120.478	26.999950198376467
823	0.742312	120.322	27.00004986619238
824	0.784271	123.396	26.00003241596162
825	0.800353	125.548	24.999999999999996
826	0.818931	125.788	23.99990460139282
827	0.825295	127.283	24.0000628520698
828	0.842854	128.092	23.999937544889608
829	0.830026	127.700	25.0
830	1.081766	157.706	17.999949272697297
831	1.087198	156.100	19.0
832	0.371440	103.776	55.000192722787546
833	0.372281	103.809	54.000134863065824
834	0.399487	101.737	51.00012778045353
835	0.401819	104.410	50.99990422373336
836	0.425613	103.002	48.0000388341974
837	0.432075	105.351	47.00002847623658
838	0.484950	104.669	42.000019107854285
839	0.489754	107.771	40.999897931725606
840	0.513193	106.808	39.99981274810875
841	0.518001	108.477	38.99997234436793
842	0.538154	107.947	38.000129693275404
843	0.547783	109.822	36.99987252098851
844	0.569481	110.017	35.00004544752175
845	0.574676	112.154	35.00008916311501
846	0.600418	110.547	34.00001809185233
847	0.599791	114.038	34.00007015205458
848	0.649629	114.739	30.999921561108255
849	0.662062	116.650	30.0
850	0.684851	115.003	30.000086954253366
851	0.686790	118.272	29.00010146103896
852	0.705914	117.832	28.00003394663589
853	0.716856	118.911	27.999932722792675
854	0.737040	119.032	28.0000336044089
855	0.742806	121.541	26.999942406266197
856	0.777591	124.308	25.999935643723653
857	0.796629	125.681	25.999952260087046
858	0.805090	127.108	24.000062938603392
859	0.824206	126.904	25.0
860	0.847607	128.709	22.999945613748846
861	0.850500	129.446	23.99996909908379
862	1.072560	155.384	19.00002574267621
863	1.088948	154.595	18.999967657427472
864	0.369708	101.622	54.99990159611108
865	0.373401	103.556	55.00019313221832
866	0.396490	102.258	51.99984353302431
867	0.401229	105.784	51.00015125160704
868	0.426196	104.327	48.000038340985554
869	0.414506	105.259	49.000085503377385
870	0.486092	105.495	42.00009479122233
871	0.489042	107.431	41.99998138339958
872	0.513508	106.410	40.0
873	0.519615	108.959	38.99999082223588
874	0.542522	108.268	36.99985221856874
875	0.548124	110.305	37.000135986582656
876	0.573537	109.420	35.0
877	0.575948	111.442	35.99989232066905
878	0.597954	111.303	33.99998203103241
879	0.604129	113.448	33.000141033777595
880	0.650629	114.716	31.000034868719272
881	0.657998	116.023	30.99988795325065
882	0.684818	115.928	28.999896487474984
883	0.690096	117.387	29.99991481169124
884	0.711195	117.868	27.999966063732312
885	0.719335	121.721	28.00009858611086
886	0.735742	120.007	27.000091661319754
887	0.740893	121.796	27.000065683602088
888	0.794846	123.108	25.999935016408358
889	0.802042	124.148	25.0
890	0.806901	124.788	25.0
891	0.824761	126.696	23.999968428363957
892	0.853959	127.896	23.99996872458873
893	0.854594	129.804	23.0000616313827
894	1.049061	157.495	18.99996825296041
895	1.084045	156.858	18.9999872496143
896	0.369381	101.553	54.9998522938761
897	0.373875	103.184	54.999806171499465
898	0.402143	101.604	50.999960631471204
899	0.402436	104.333	51.0001629398177
900	0.433109	102.681	46.99993182769938
901	0.432180	105.383	48.00015182714479
902	0.485721	104.998	41.99984761614506
903	0.490534	107.386	41.99988825358985
904	0.515881	106.180	39.99999999999999
905	0.509789	110.615	40.00000000000001
906	0.544798	109.176	38.00010991426687
907	0.546018	110.116	37.000072650659305
908	0.579891	108.849	34.99986219441612
909	0.575763	111.028	35.99992794610368
910	0.594314	111.068	33.999891958079736
911	0.604486	112.738	34.0000709609892
912	0.659632	114.370	29.999999999999996
913	0.661617	115.868	30.999930955915353
914	0.681073	116.210	30.000000000000004
915	0.687516	118.672	29.00010111905083
916	0.708154	117.655	29.000042497131442
917	0.716978	119.743	27.99996659512456
918	0.734117	120.011	27.000024997708547
919	0.744924	121.081	27.00010736614332
920	0.777958	124.104	25.99996776896796
921	0.797822	125.824	25.0
922	0.809086	125.708	24.000063639545616
923	0.823593	127.764	25.0
924	0.825840	129.458	24.000061796103758
925	0.851237	129.200	23.0
926	1.060954	158.200	19.000000000000004
927	1.089998	155.826	19.000038504485772
928	0.371593	101.398	55.00009862127458
929	0.372747	103.815	54.999759187015364
930	0.402142	101.643	51.0000688684907
931	0.402402	104.414	50.99986591836344
932	0.432302	102.738	47.000136268955984
933	0.432984	105.432	46.99996206085439
934	0.485991	105.395	42.00009488116135
935	0.490706	107.251	41.00008391530149
936	0.512772	106.964	39.00003739575933
937	0.515503	109.192	39.00010989816104
938	0.545797	107.150	37.99999999999999
939	0.548347	109.927	37.00000909694615
940	0.569921	109.403	35.999926875862634
941	0.576077	111.703	34.999955238444805
942	0.597016	111.491	34.00005381600308
943	0.605295	114.815	33.99991290336629
944	0.660647	120.210	30.000000000000004
945	0.661967	115.684	30.999965423048994
946	0.688864	115.883	28.99993959424592
947	0.687909	118.055	29.000042353140483
948	0.713635	118.111	27.999932267104672
949	0.716116	119.889	28.00006672839043
950	0.732994	120.041	26.999941686590414
951	0.743101	121.278	26.999950526888636
952	0.790066	123.327	25.999983782951016
953	0.800817	125.496	25.0
954	0.806120	126.120	25.0
955	0.820456	127.484	25.0
956	0.829797	127.633	24.000062679714492
957	0.848033	130.039	23.00002307000208
958	1.082142	154.784	19.00002584246434
959	1.089778	156.978	17.999974518722368
960	0.371703	101.424	54.000039438397216
961	0.372980	103.515	54.99975848910786
962	0.403257	101.466	50.00000000000001
963	0.403002	104.302	50.999980824912264
964	0.428506	103.746	47.9999228885933
965	0.431980	105.894	46.99983001869794
966	0.486131	105.307	42.00005697626938
967	0.490233	107.731	41.99998143524148
968	0.512846	106.765	40.0
969	0.520196	108.746	39.000055174443204
970	0.540521	107.808	37.99996289700207
971	0.548633	110.030	36.999909115695715
972	0.578456	108.786	34.99990807640689
973	0.578345	111.122	36.00007199294469
974	0.590895	111.160	35.0
975	0.605893	112.997	32.99999115020753
976	0.651732	114.335	31.00013119342284
977	0.660172	116.265	30.99987098438911
978	0.674893	116.460	30.000000000000004
979	0.687004	118.100	30.0
980	0.708272	118.111	27.999932267104672
981	0.715057	119.700	28.0
982	0.746004	119.004	26.999932775368894
983	0.735628	121.704	26.999934266745548
984	0.783609	123.000	26.0
985	0.782339	124.052	25.0
986	0.830474	136.288	23.999911951162243
987	0.828498	127.196	23.999968552470204
988	0.825187	127.256	25.0
989	0.853467	130.287	22.999992324637144
990	1.105645	155.911	18.000012827831263
991	1.085040	156.911	18.99994264264456
992	0.369580	101.636	55.00019678066827
993	0.374322	103.582	54.99990345812979
994	0.406046	101.398	51.00001972425492
995	0.401681	104.188	51.000115176411875
996	0.427909	103.106	48.00011638507944
997	0.436128	105.417	46.00017075044822
998	0.483619	105.224	41.99992397171747
999	0.491932	107.731	41.99998143524148
1000	0.526946	105.815	39.00014175683977
1001	0.524576	108.767	38.99988047845394
1002	0.557833	108.131	35.99985203133237
1003	0.549898	110.800	36.0
1004	0.572618	109.954	35.00009094712335
1005	0.578612	111.811	35.00013415495792
1006	0.618750	109.788	32.99996356614567
1007	0.603870	114.112	33.99992989343803
1008	0.656443	114.519	31.000096053929912
1009	0.660592	116.860	30.0
1010	0.692413	115.138	28.999982629540202
1011	0.693811	118.507	29.999915616799004
1012	0.710935	117.210	29.00008531695248
1013	0.720243	119.964	28.000066686672668
1014	0.735234	119.737	27.00000835163734
1015	0.749906	121.415	26.999958818926817
1016	0.817439	123.292	25.0
1017	0.805675	125.108	24.999999999999996
1018	0.815686	125.664	25.0
1019	0.828993	129.379	24.00003091691851
1020	0.840697	128.358	24.000062325682855
1021	0.854375	132.157	22.999916765665077
1022	1.073915	157.578	17.999974615745852
1023	1.083119	160.350	18.0
