-1	0	90	0
0	0.024124	100.262	465.9990824041013
1	0.023861	102.986	466.00023304138426
2	0.026042	101.475	427.0017245627002
3	0.025730	104.308	432.001380526901
4	0.027988	102.572	397.0011309129197
5	0.027581	105.428	403.9989376636188
6	0.031790	104.605	349.0005257874862
7	0.031294	107.133	355.00079340632675
8	0.033690	105.625	329.9995266272189
9	0.033162	109.234	335.0010070124687
10	0.035590	106.778	311.99872632939366
11	0.034964	109.497	316.9986392321251
12	0.037466	108.003	295.9991852078183
13	0.036795	110.709	302.00074068052277
14	0.039376	109.210	281.99890119952386
15	0.038722	113.297	286.00051192882427
16	0.043115	111.973	257.00034829825046
17	0.042257	114.891	262.99971277123535
18	0.045015	113.345	246.99986766068199
19	0.044055	116.080	252.00034458993798
20	0.046865	114.751	236.99924183667244
21	0.045818	117.326	241.99921586008216
22	0.048760	117.804	232.00061118467963
23	0.047554	118.936	234.00063899912556
24	0.052494	119.298	211.99936293986485
25	0.051080	121.802	217.99970443835076
26	0.054328	120.841	205.00078615701625
27	0.052779	123.499	210.00008097231557
28	0.056146	122.353	197.9992317311386
29	0.054494	125.077	202.99975215267395
30	0.071846	152.983	154.99957511618936
31	0.069447	149.955	159.99999999999997
32	0.047866	106.424	231.9993610463805
33	0.044476	107.382	256.0000745003818
34	0.048533	107.318	227.9990309174603
35	0.047757	109.490	231.99926933966572
36	0.052219	108.600	213.0
37	0.051491	111.010	216.0003603278984
38	0.059287	111.432	186.9992461770407
39	0.058423	114.948	189.999826008282
40	0.062721	113.012	176.99978763317168
41	0.061356	115.397	181.0003726266714
42	0.066156	114.388	167.000034968703
43	0.064816	117.148	169.99948782736368
44	0.069606	115.767	159.00040598788948
45	0.068136	118.679	163.00019380008257
46	0.072934	117.487	151.9997957220799
47	0.070979	120.221	156.00019963234377
48	0.079889	120.863	138.99952839165007
49	0.077311	123.545	143.00052612408433
50	0.083235	125.839	133.00010330660604
51	0.080382	125.365	138.00023930124038
52	0.086604	124.359	127.99958185575632
53	0.083528	127.050	133.0003935458481
54	0.089791	126.475	122.00039533504646
55	0.086331	129.160	128.00015484670178
56	0.096242	130.451	115.0002682999747
57	0.092323	133.198	120.00030030480937
58	0.099431	132.535	111.00011317765119
59	0.095503	135.616	116.00032444549315
60	0.102597	134.932	108.00032609017877
61	0.098263	137.646	113.0000145300263
62	0.123172	164.539	89.0001762500076
63	0.117399	164.353	94.00010952036166
64	0.066547	110.468	166.00010862874316
65	0.065709	112.802	168.9996631265403
66	0.071773	111.967	155.00013396804417
67	0.070695	114.748	156.0001045769861
68	0.076997	113.742	144.0004571750101
69	0.075727	116.439	147.00057540858302
70	0.087404	117.329	125.99953975572961
71	0.085444	120.232	129.9995009648014
72	0.092802	121.346	119.00021426334614
73	0.090237	121.966	122.00039355230146
74	0.097530	120.752	113.00019875447198
75	0.094796	123.815	117.000363445463
76	0.102555	122.794	107.9995765265404
77	0.096658	126.141	114.00020611854987
78	0.104310	125.153	105.99985617604052
79	0.101271	128.503	108.99978988817382
80	0.113659	129.544	97.0002470203174
81	0.110134	132.812	100.0
82	0.118144	131.859	93.99965114250828
83	0.114189	134.989	96.99975553563623
84	0.122715	134.410	89.00007439922625
85	0.119394	139.475	92.00000000000001
86	0.127099	138.020	86.99971018692943
87	0.122642	139.923	90.00021440363629
88	0.135710	142.396	81.00016854406023
89	0.130697	145.689	84.00016473446863
90	0.139925	144.933	78.99995170182085
91	0.134612	148.520	81.99973067600322
92	0.144337	148.304	76.9999460567483
93	0.138901	152.311	79.00020353093342
94	0.175484	179.283	62.999838244563065
95	0.167049	180.266	65.00005547357793
96	0.088317	115.394	125.99961869767925
97	0.086912	117.657	127.00051845619046
98	0.092251	116.173	120.00034431408329
99	0.090718	119.330	121.99949719265902
100	0.098520	118.180	112.00033846674565
101	0.097007	121.711	114.00037794447503
102	0.111867	124.296	97.99993563751045
103	0.108741	125.891	102.00014298083262
104	0.117226	124.595	93.99975921987239
105	0.114409	128.118	95.99978145147442
106	0.123658	126.936	88.99996848805696
107	0.120115	130.587	90.99986981858838
108	0.129440	129.328	85.00015464555239
109	0.125701	132.974	87.99990975679458
110	0.135310	131.762	82.0001214310651
111	0.131297	135.742	83.99979372633378
112	0.146389	137.069	75.00018238989124
113	0.142134	140.882	78.00002839255546
114	0.151916	139.686	73.0001574960984
115	0.147285	144.472	73.99980619081897
116	0.157571	142.713	69.99992992929866
117	0.152422	146.989	73.00002040969052
118	0.162418	145.988	67.00002739951229
119	0.160051	154.836	69.0001033351417
120	0.172904	152.514	64.00002622710046
121	0.166968	156.450	66.00000000000001
122	0.177896	156.289	61.99988482874675
123	0.171552	159.944	63.99989996498775
124	0.183051	159.800	59.99999999999999
125	0.176376	164.094	61.99982936609504
126	0.211916	187.659	50.99995204066952
127	0.202244	189.907	54.00011584617734
128	0.102631	118.434	106.99967914619113
129	0.101127	120.798	110.00016556565505
130	0.107298	119.435	102.99995813622472
131	0.105290	122.390	104.99959146989133
132	0.114875	121.656	96.00019727756954
133	0.112504	125.191	97.99985621969631
134	0.129926	126.755	83.99984221529722
135	0.126263	130.185	87.00003840688251
136	0.136991	128.935	80.0
137	0.132957	132.555	83.00026404134132
138	0.143974	131.954	75.99996968640586
139	0.142715	138.781	76.9997333928996
140	0.150820	134.714	72.99983669106403
141	0.145859	138.416	75.0
142	0.157644	137.394	70.00014556676419
143	0.152580	141.410	71.99985856728661
144	0.170346	143.336	63.99997209354244
145	0.164795	147.207	67.00021058781172
146	0.176990	147.077	62.00017677815022
147	0.170731	150.659	64.00015930014139
148	0.183157	150.120	60.0
149	0.176620	153.737	62.99979835693424
150	0.189153	153.479	58.00011727988844
151	0.182550	157.952	59.99987337925446
152	0.200793	161.680	53.99987629886195
153	0.193885	165.960	56.9998794890335
154	0.207037	165.357	52.99987300205011
155	0.199070	170.264	54.99988253535685
156	0.212719	169.844	52.000070653069876
157	0.204473	174.011	54.00003448057882
158	0.243356	200.449	44.99997505599928
159	0.234069	202.302	47.00002965862918
160	0.116601	121.686	94.00013148595565
161	0.114940	123.673	95.99993531328585
162	0.122716	124.401	90.00008038520592
163	0.119896	126.041	92.00022214993534
164	0.130695	125.312	84.99984039836568
165	0.127958	128.592	85.9999066815976
166	0.147246	130.701	75.0001912762718
167	0.143043	134.378	76.99995534983407
168	0.155260	133.574	71.99979037836704
169	0.150511	137.374	72.9999854412043
170	0.162920	136.587	66.99978768111167
171	0.157793	140.113	69.99992862903514
172	0.170702	139.831	64.00011442384022
173	0.164951	143.525	67.00017418568194
174	0.177975	143.248	60.999804534792816
175	0.172203	146.945	64.00013610534555
176	0.192570	150.186	56.99998668317952
177	0.185853	153.824	58.999895985021844
178	0.199617	153.925	55.000162416761405
179	0.192350	157.440	57.000127032520325
180	0.206291	157.821	52.999917628199036
181	0.198803	161.407	55.000092932772425
182	0.212977	161.935	51.00009262975886
183	0.204985	166.128	53.00009631127805
184	0.228027	174.765	47.99988556060997
185	0.217746	176.918	49.99999999999999
186	0.232340	176.255	47.000085103968686
187	0.223000	179.963	49.00007223707096
188	0.238585	181.182	45.00005519312073
189	0.228875	185.443	46.999886757655986
190	0.267940	210.320	40.0
191	0.257316	211.377	42.9999479602795
192	0.135560	125.221	80.99999201411903
193	0.133739	128.166	83.0001716523883
194	0.141511	126.747	78.00026825092506
195	0.138870	130.461	80.00015330251952
196	0.151254	129.821	72.99974580383758
197	0.147921	133.435	74.00007494285607
198	0.170352	135.818	65.00022088382983
199	0.165247	140.080	66.00014277555681
200	0.179267	139.241	60.99999281820728
201	0.173604	143.317	63.000202348639725
202	0.188026	142.651	58.99993690895962
203	0.181615	146.661	60.999856812649575
204	0.196204	146.736	55.000136299204016
205	0.189619	150.519	57.99998671264093
206	0.204782	150.255	52.999900169711495
207	0.197729	154.405	55.00016191185518
208	0.220951	157.980	48.99987340169642
209	0.214232	162.619	52.000073792115316
210	0.230617	167.832	46.99997616664284
211	0.219948	166.412	49.000072110184355
212	0.235964	166.643	46.00013201874666
213	0.227092	171.304	48.00004670060244
214	0.243358	171.131	45.00002921738317
215	0.233541	174.862	46.9999199368645
216	0.257217	181.650	42.0
217	0.247313	185.227	44.000064785371464
218	0.264012	187.054	40.99992515530275
219	0.253589	190.588	43.00008395072093
220	0.270606	191.751	41.00004693586995
221	0.259702	197.338	42.00002026979092
222	0.299973	225.539	35.9999822647081
223	0.289508	227.929	37.99999122533771
224	0.151424	129.854	72.0000924114775
225	0.150164	132.572	73.99978879401381
226	0.157756	130.683	69.99992347895288
227	0.155415	134.891	70.00022240179108
228	0.167451	133.908	64.99985064372555
229	0.164731	137.866	66.99984042476027
230	0.187276	140.888	57.99997160865368
231	0.187984	144.791	58.00015194314564
232	0.202415	144.585	54.000069163467856
233	0.191463	149.118	56.99982564143833
234	0.206386	148.845	53.00010077597501
235	0.199821	152.427	55.00009840776241
236	0.221814	152.635	48.999901726340624
237	0.214021	156.718	50.999885144016645
238	0.230219	156.125	48.0
239	0.226371	164.562	48.00014584168884
240	0.248406	166.195	44.0001203405638
241	0.238135	168.724	45.99997629264361
242	0.255841	169.293	43.00000590691877
243	0.245590	173.433	45.00008648873052
244	0.255664	175.737	43.00005121289199
245	0.246365	179.623	43.99993319341064
246	0.266015	181.590	41.00005506911173
247	0.252996	184.993	43.00000540560994
248	0.276640	190.930	40.0
249	0.267948	197.920	40.0
250	0.282824	197.354	38.99996959777861
251	0.273250	202.873	39.99990141615691
252	0.288598	204.000	38.0
253	0.278162	209.133	39.00006216139968
254	0.318714	240.626	34.00006649323016
255	0.306142	246.481	35.9999350862744
256	0.153009	129.451	72.99982232659463
257	0.152011	130.951	72.99982436178418
258	0.164049	130.378	66.99980057985243
259	0.165035	134.809	66.99997774629291
260	0.175446	134.659	62.999873755189036
261	0.177265	139.026	61.99991368520996
262	0.197421	142.127	55.99991556847045
263	0.198047	146.836	55.999891034896066
264	0.208124	145.808	52.99983539997806
265	0.207919	151.062	51.99984112483615
266	0.216922	150.814	50.0
267	0.217806	154.620	50.999870650627344
268	0.236124	158.585	47.00003152883311
269	0.226867	159.912	48.000150082545396
270	0.238811	160.269	44.99996880245088
271	0.237329	164.361	45.99996349498969
272	0.256413	169.353	43.0001240013463
273	0.256111	173.793	41.999965476169926
274	0.265012	175.044	40.99997714860264
275	0.265309	178.978	41.00001117455777
276	0.273646	179.422	40.000111469050616
277	0.274579	184.147	40.00010860888312
278	0.281130	185.226	38.99992441665857
279	0.281668	189.459	38.99999472181316
280	0.296987	197.900	37.0
281	0.299052	203.469	36.00007863605758
282	0.304867	206.292	35.99994183002734
283	0.307056	210.783	34.99997627892193
284	0.310442	213.563	34.9999765877048
285	0.315353	219.700	34.0
286	0.346330	262.484	30.99998476097591
287	0.349243	265.265	30.999943452773646
288	0.168199	132.765	64.99981169736002
289	0.175992	136.757	63.000065810159626
290	0.180237	134.064	60.999970163503995
291	0.188783	140.581	59.0001493800727
292	0.192799	138.139	56.9998335010388
293	0.200595	144.125	55.000173460537724
294	0.216808	146.562	50.0
295	0.223070	152.520	49.00013113034356
296	0.228120	150.200	48.00000000000001
297	0.233407	156.738	47.00008932103255
298	0.238819	154.972	45.9999225666572
299	0.243357	160.131	45.00003122443499
300	0.249606	160.091	42.999918796184666
301	0.253121	164.791	42.99992111219666
302	0.260307	167.079	41.9998922665326
303	0.264001	170.700	41.0
304	0.279873	175.744	38.99990895848507
305	0.284510	180.655	38.00005535412803
306	0.289072	180.703	37.999922524805896
307	0.294382	185.711	36.99996230702543
308	0.298288	186.651	37.000069648702656
309	0.305450	193.143	34.99997411244518
310	0.306518	193.946	34.99994843925629
311	0.314202	198.874	33.99991954704989
312	0.323087	207.861	32.999937458205245
313	0.333448	213.750	32.0
314	0.330727	214.488	32.99998135093805
315	0.341705	221.203	31.00003164514044
316	0.338660	221.691	31.99994587060368
317	0.350657	228.139	30.999960550366225
318	0.368783	276.838	28.999992775558265
319	0.389485	279.832	28.00001429429086
320	0.186236	135.703	59.00016948777846
321	0.200392	143.311	54.000041866988575
322	0.199021	139.184	54.99985630532245
323	0.215606	148.059	50.999939213421676
324	0.212649	143.148	52.00002794310783
325	0.226448	150.971	49.00013909956217
326	0.242483	152.571	45.00003277162764
327	0.252143	160.140	42.99987510927939
328	0.253955	157.134	44.00002545598025
329	0.262873	164.193	40.999920824882906
330	0.266532	163.380	41.00012241400417
331	0.272770	168.697	40.0001185557538
332	0.275975	167.603	39.99988067039373
333	0.282150	172.192	38.00002322988292
334	0.288084	173.700	37.0
335	0.295535	178.367	35.99993272298127
336	0.307933	184.871	35.00008113765815
337	0.318001	189.285	34.000052830388036
338	0.318512	194.600	34.0
339	0.326103	194.335	34.00005145753467
340	0.327022	198.294	32.999989913966125
341	0.338116	202.553	32.000019747917825
342	0.334457	204.088	31.999921602446005
343	0.348134	207.731	32.000038511343995
344	0.350552	218.632	31.000036591166893
345	0.368065	224.766	28.999937712999298
346	0.358547	226.310	30.0
347	0.377303	230.997	28.99994372221284
348	0.365987	235.641	29.000046681180272
349	0.387080	240.032	28.00001666444474
350	0.383601	288.032	28.00001388734585
351	0.419065	293.064	25.0
352	0.202966	142.926	53.999972013489504
353	0.218213	149.504	50.0
354	0.218912	144.320	50.0
355	0.232951	153.240	47.00013051422605
356	0.234004	148.762	46.99990588994501
357	0.245484	158.332	43.999949473258724
358	0.262026	158.946	41.00008808022851
359	0.270212	166.097	40.00012041156673
360	0.274628	163.405	40.0
361	0.280814	170.013	38.99995882667796
362	0.287143	168.792	38.00002369780559
363	0.294884	175.917	35.99993178601272
364	0.299203	175.158	36.00006850957421
365	0.304386	179.150	36.0
366	0.310277	180.380	35.0
367	0.318975	184.450	34.0
368	0.331093	192.376	32.99995841477107
369	0.341207	196.800	32.0
370	0.340156	199.812	32.00008007527075
371	0.353041	204.077	31.00006370144602
372	0.349539	207.345	31.000024114398705
373	0.363893	211.321	28.99995741076372
374	0.357843	213.129	31.00000469199405
375	0.373480	218.728	28.999945137339527
376	0.373127	230.597	28.999943624591822
377	0.398501	237.996	27.000033614010317
378	0.376295	244.068	27.999983611124765
379	0.404663	242.363	26.99999587395766
380	0.386010	251.150	28.0
381	0.413817	250.935	25.999960149042582
382	0.401971	308.022	27.000019479128117
383	0.451414	308.243	23.000035686130747
384	0.205745	144.640	52.99986172566372
385	0.236490	155.617	46.00011566859662
386	0.221272	146.492	48.99994538950933
387	0.247688	158.027	44.00007593639062
388	0.236974	150.319	47.000046567632836
389	0.263890	163.361	40.999993878587915
390	0.265883	161.327	40.99995660986691
391	0.288251	170.897	38.00008192068908
392	0.278322	165.936	38.9999758943207
393	0.301431	176.814	35.999977377357
394	0.290726	172.384	36.9999535919807
395	0.312734	181.697	34.00001100733639
396	0.301983	177.008	36.00006779354605
397	0.324248	186.552	32.99991423302886
398	0.313666	183.723	34.999972785116725
399	0.338947	191.887	32.000083382407354
400	0.333575	196.847	31.999979679649677
401	0.364289	203.983	30.00004902369315
402	0.342907	204.584	32.000058655613344
403	0.376359	213.186	27.999962474083663
404	0.350689	211.090	31.00004737315837
405	0.388824	218.357	28.000018318625003
406	0.359060	220.737	29.999954697218865
407	0.400784	228.007	27.000048244132856
408	0.372254	237.497	28.99994526246647
409	0.424260	243.820	25.0
410	0.377474	245.493	27.99998370625639
411	0.434202	250.764	25.0
412	0.383413	254.754	27.99995289573471
413	0.444508	262.658	24.000030457857747
414	0.395734	311.604	26.99997432638862
415	0.482987	319.155	21.99996866726199
416	0.207105	144.936	52.99994480322349
417	0.268088	165.641	41.00011470590011
418	0.221302	147.328	50.0
419	0.281269	171.041	39.00000584655142
420	0.235366	154.049	46.9999805256769
421	0.293924	172.376	36.99993038474033
422	0.265418	160.832	40.99992538798249
423	0.310546	178.977	35.0000279365505
424	0.276861	167.097	39.00010173731425
425	0.319011	182.879	34.00007655334948
426	0.286410	173.253	37.99991919331845
427	0.328990	186.479	32.999962462261166
428	0.297552	179.092	36.99997766511066
429	0.337683	190.844	31.999958080945696
430	0.308473	185.357	35.00002697497262
431	0.347473	193.206	31.000072461517757
432	0.326847	199.909	33.00001500682811
433	0.373207	209.397	28.999937916971113
434	0.336225	208.050	32.0
435	0.386262	215.689	28.000037090440404
436	0.344024	215.481	30.999948951415668
437	0.398914	221.830	26.999954920434565
438	0.352175	222.984	30.9999820614932
439	0.411463	233.023	26.000008582843755
440	0.367606	241.186	29.00002487706583
441	0.434382	247.512	25.0
442	0.375538	251.559	28.999956272683544
443	0.445684	260.258	24.000030738728494
444	0.379265	262.904	27.999954355962632
445	0.456962	270.043	23.00004073425343
446	0.391779	318.693	27.999987448735933
447	0.491213	325.995	22.000030675317106
448	0.204452	145.874	54.00002742092491
449	0.290399	173.205	38.000057735053836
450	0.217872	146.824	49.99999999999999
451	0.299353	175.381	35.9999087700492
452	0.231076	151.700	47.0
453	0.311252	178.671	35.000083953187705
454	0.254979	162.295	42.00006161619274
455	0.323806	183.970	32.999945643311406
456	0.265494	167.376	40.999904406844465
457	0.330891	186.097	32.99999462645824
458	0.278238	173.533	39.00007491370518
459	0.337904	188.785	32.999973514844925
460	0.285594	180.876	38.00006634379354
461	0.339914	194.213	31.999917616225485
462	0.296723	186.578	37.00007503564193
463	0.348960	194.848	31.0000615864674
464	0.317986	201.344	34.00001986649714
465	0.374684	210.221	28.999957187911768
466	0.328286	209.924	33.00003810902994
467	0.387186	218.339	28.000036640270405
468	0.337607	219.513	31.999927111378366
469	0.399948	227.211	27.000013203586093
470	0.345286	228.068	30.99996492274234
471	0.412432	235.304	25.999983000713968
472	0.359901	246.767	29.999959475942894
473	0.435770	252.636	25.0
474	0.366544	258.410	29.00003869819279
475	0.445807	260.629	24.000015347486272
476	0.370707	269.362	29.000007424952294
477	0.456568	272.083	24.000029402792528
478	0.376847	324.538	28.999993837393465
479	0.493783	333.264	21.999975995006963
480	0.231771	152.419	47.00004592603284
481	0.355145	193.613	30.000051649424364
482	0.243339	154.040	45.0
483	0.362034	192.770	30.0
484	0.254773	158.247	42.99986729606248
485	0.369096	197.359	28.9999442640062
486	0.271031	168.185	40.0
487	0.378362	198.769	28.999994969034407
488	0.276039	172.195	40.0
489	0.380282	201.559	28.999945425408935
490	0.279179	178.774	39.00007831116381
491	0.383739	203.557	28.000019650515583
492	0.285598	183.205	38.00005458366311
493	0.387805	204.050	27.999999999999996
494	0.294423	188.822	36.99992585609728
495	0.391305	204.793	27.999980468082402
496	0.311814	204.900	35.0
497	0.418307	223.784	25.000000000000004
498	0.320839	212.324	33.99992464346941
499	0.429571	230.096	24.999999999999996
500	0.326661	221.124	33.00003617879561
501	0.432339	238.800	25.0
502	0.329794	231.227	33.00003892279016
503	0.450964	248.265	23.000020139770008
504	0.342143	245.547	31.999983709839665
505	0.476744	267.387	22.999996260102396
506	0.344146	254.459	32.00004715887432
507	0.492424	279.609	22.00000715284558
508	0.347698	265.942	30.999992479563215
509	0.502501	286.823	21.9999790811755
510	0.355225	330.093	30.00003029449276
511	0.525058	350.900	20.0
512	0.222455	142.200	53.00000000000001
513	0.292780	173.032	37.00009246844514
514	0.232514	150.847	46.99994033689765
515	0.304102	177.308	36.00006767884134
516	0.244353	155.258	44.99993559108065
517	0.315875	180.614	35.00005536669361
518	0.260615	165.062	41.99997576668161
519	0.328684	185.564	32.99993533228428
520	0.268274	169.124	41.00009460514179
521	0.333071	188.597	32.99999469768872
522	0.274075	174.568	39.999885431465096
523	0.328806	191.155	32.99992152964872
524	0.277819	182.146	39.00003294060809
525	0.344567	193.494	31.999958655048736
526	0.288525	187.532	37.999914681227736
527	0.352184	198.071	30.99999495130534
528	0.303547	201.319	36.00007947585673
529	0.373201	210.952	28.99996207668095
530	0.310743	208.671	35.00007188349124
531	0.387208	219.557	28.000018218503627
532	0.316784	217.626	34.00007352062713
533	0.395095	226.904	26.999964742798717
534	0.323245	225.576	34.00007092953151
535	0.412127	237.212	25.99994941234002
536	0.333512	243.931	32.000032796159566
537	0.430489	250.976	25.0
538	0.336447	250.716	31.9999521370794
539	0.449096	263.154	24.00001520022496
540	0.342094	262.759	32.00004566922541
541	0.458970	277.748	22.999985598456156
542	0.356048	324.413	30.000030824905288
543	0.486571	334.036	22.000023949514425
544	0.222975	150.886	48.9999072147184
545	0.280928	171.413	38.9999591629573
546	0.230476	151.132	46.999973533070424
547	0.294931	175.111	36.99996002535535
548	0.241095	154.891	45.00003228076519
549	0.304678	177.857	35.00002811247238
550	0.262294	164.949	40.99994543768073
551	0.317662	183.497	34.000010899360745
552	0.270279	169.913	39.999882292702736
553	0.330979	186.761	32.9999303923196
554	0.275576	175.577	38.999982913479556
555	0.332537	188.403	33.00000530777111
556	0.282350	180.418	38.99998891463158
557	0.334260	192.197	31.999979188020625
558	0.290590	186.424	37.9999356306055
559	0.339050	193.541	31.999937997633577
560	0.305555	199.150	36.0
561	0.363957	208.338	28.999990400215037
562	0.313499	206.177	35.00002425100763
563	0.372793	215.910	29.00004631559446
564	0.315288	218.971	35.00006850222176
565	0.385724	223.393	27.99998209433599
566	0.326103	225.294	32.99999112271077
567	0.402718	232.274	27.000008610520332
568	0.336478	242.950	32.0
569	0.421473	250.552	25.0
570	0.340017	251.303	32.000015917040386
571	0.427463	257.592	25.000000000000004
572	0.343519	261.713	31.999938864328477
573	0.439476	269.613	23.99995549176041
574	0.360567	323.767	29.999969113590947
575	0.477762	329.805	21.99996967905277
576	0.221794	150.773	49.000152547206724
577	0.284588	172.645	37.999942077673836
578	0.230734	151.417	47.99989433154798
579	0.293599	174.392	36.99997706316804
580	0.245460	156.495	44.00012779961021
581	0.295124	174.551	37.00007447680048
582	0.263387	164.876	40.999902957374026
583	0.317096	181.163	34.99997240054536
584	0.269139	169.255	40.0
585	0.327382	187.264	32.99993591934381
586	0.278139	175.887	39.00003979827958
587	0.337764	189.634	32.000063279791604
588	0.283856	181.450	38.00000000000001
589	0.335797	191.244	31.999958168622285
590	0.291809	186.203	37.99992481324146
591	0.335936	193.416	31.999937957562974
592	0.307217	199.677	35.00002504044031
593	0.364348	206.173	30.000048502956254
594	0.313494	207.886	34.99995189671262
595	0.372573	214.097	28.999939279859127
596	0.319679	216.935	34.000046096757096
597	0.394405	224.981	27.0000577826572
598	0.327769	223.921	33.00003126102509
599	0.397338	228.370	27.000043788588695
600	0.338998	239.950	32.0
601	0.418268	244.962	25.99995101281015
602	0.343261	253.294	30.99994472826044
603	0.418312	252.850	26.000000000000004
604	0.347526	263.239	30.999965810537194
605	0.437424	270.480	25.0
606	0.358089	332.250	30.0
607	0.461289	322.609	22.999978301907262
608	0.223788	150.914	49.00009276806659
609	0.279186	170.236	38.999976503207314
610	0.234264	151.834	47.00001317228025
611	0.288821	172.326	38.000069635458374
612	0.242326	155.013	45.00009676607768
613	0.294418	174.362	37.00003441116757
614	0.262879	164.476	40.999902721369686
615	0.315963	182.024	33.99991209950336
616	0.271568	168.922	40.000118397840424
617	0.326033	186.400	33.0
618	0.280142	174.941	39.00000571621289
619	0.329387	187.888	32.99997871072128
620	0.286728	180.942	38.000022106531375
621	0.329810	190.303	33.00000525477791
622	0.293441	187.035	37.00002673296442
623	0.341199	193.969	31.99995875629611
624	0.307702	200.811	35.000074697103244
625	0.365203	206.180	29.999999999999996
626	0.316614	206.732	34.000058046166046
627	0.367910	210.100	30.0
628	0.324129	216.715	33.0000230717763
629	0.385244	220.032	28.000018179173935
630	0.328494	223.191	32.99998655859779
631	0.399576	231.762	25.999948222745747
632	0.344725	242.053	32.00001652530644
633	0.410660	246.965	26.00004049156763
634	0.346943	254.823	30.999948984196873
635	0.422470	255.768	25.0
636	0.350749	262.294	30.99994662477983
637	0.423699	261.036	25.0
638	0.365027	318.507	29.99996860351578
639	0.465661	323.817	23.000027793475944
640	0.225033	151.261	49.000072721983855
641	0.275758	167.895	40.0
642	0.236193	152.223	47.00012481688049
643	0.285775	169.923	39.00001765505552
644	0.245036	155.200	45.0
645	0.300990	176.739	35.999977367756976
646	0.260404	165.198	41.999903146527195
647	0.311470	179.866	34.99994440305561
648	0.273649	170.165	40.00000000000001
649	0.333665	187.200	33.00000000000001
650	0.281223	174.985	38.99991427836671
651	0.334572	188.842	33.000074136050245
652	0.286884	180.600	38.0
653	0.328174	188.827	33.00004766267536
654	0.296479	187.447	36.00004267873052
655	0.333027	191.431	32.000041790514594
656	0.309530	198.131	35.00007570748646
657	0.358209	202.845	31.000024649362814
658	0.317544	207.653	33.99999036854753
659	0.371324	213.448	29.000037479854576
660	0.325126	215.494	32.999990718999136
661	0.386118	219.411	27.99996353874692
662	0.332789	222.979	32.99996860690917
663	0.389789	225.561	27.999964532875804
664	0.346258	243.574	31.000024633171027
665	0.408440	243.708	25.999967173830978
666	0.350180	251.684	30.99998410705488
667	0.422228	253.723	26.000007882612138
668	0.353433	265.939	30.999966157652693
669	0.427878	265.440	25.0
670	0.366213	324.652	28.999975358229737
671	0.470447	322.778	23.000018588627476
672	0.226162	151.873	47.9999736622046
673	0.275158	166.828	39.99988011604767
674	0.236157	152.922	45.99992152862244
675	0.282906	169.997	39.00010000176473
676	0.244291	155.347	44.999903441971846
677	0.290308	172.253	37.999918724202196
678	0.263018	165.266	40.99996369489187
679	0.315489	182.059	33.999967043650685
680	0.274075	170.623	39.999882782508806
681	0.324649	184.791	34.000032469113755
682	0.282676	175.953	37.999920433297525
683	0.326264	187.197	32.99999465803405
684	0.288743	179.905	38.000055584892024
685	0.335851	192.053	32.00002082758405
686	0.295110	189.295	36.9999207586043
687	0.338265	193.241	31.999937901377034
688	0.312501	199.777	35.00002502790612
689	0.360587	205.987	29.999951453247053
690	0.319273	208.568	33.99994246480764
691	0.374287	215.796	28.000055608074295
692	0.328215	218.445	33.000068667170225
693	0.378612	220.604	27.999945603887504
694	0.334673	224.791	31.999946617079868
695	0.387876	225.589	28.000035462722032
696	0.346869	243.929	31.00000409955356
697	0.408958	242.415	26.99997937421364
698	0.352813	255.370	30.0
699	0.423865	254.932	25.000000000000004
700	0.357334	265.470	30.0
701	0.436889	264.988	25.0
702	0.368859	325.424	29.00001229165642
703	0.467350	322.800	22.999999999999996
704	0.227508	151.831	48.00007903524313
705	0.277095	169.626	38.99991746548288
706	0.233886	152.124	45.99997370566117
707	0.285502	171.411	37.999894989236395
708	0.246805	155.747	44.999903689958714
709	0.293433	173.073	36.99999422209125
710	0.262512	164.259	40.999884329016986
711	0.306267	179.280	35.0
712	0.271374	168.340	40.0
713	0.318731	183.282	34.00006547287786
714	0.278121	174.049	38.99993679940706
715	0.333825	187.288	32.99997864251847
716	0.289821	181.282	37.99991173972043
717	0.332523	189.961	32.99993156490016
718	0.298233	187.967	35.99993615900663
719	0.338030	191.672	31.999979131015486
720	0.313384	199.551	35.00007516875385
721	0.357742	204.393	30.000048925354587
722	0.321442	207.226	34.00007721038866
723	0.376665	214.045	28.99997664042608
724	0.329921	218.145	33.00006876160352
725	0.377153	218.718	27.99998171161039
726	0.337180	224.661	32.999942135039014
727	0.390932	228.063	26.999995615246664
728	0.348698	249.032	31.00003212438562
729	0.413302	246.069	26.000024383404657
730	0.355529	254.384	30.999984275740612
731	0.422771	256.128	25.0
732	0.359635	267.767	29.999962654098525
733	0.422537	261.472	25.000000000000004
734	0.370507	324.841	29.000033862720528
735	0.463736	317.448	22.999987399511102
736	0.217840	148.924	50.0
737	0.277637	168.435	40.0
738	0.228042	149.731	48.00008014372442
739	0.279071	168.859	38.99999407789931
740	0.239349	153.870	45.99987002014688
741	0.281658	170.737	37.999964858232254
742	0.257277	161.853	43.000129747363346
743	0.301763	177.436	36.00002254333957
744	0.268286	167.424	41.000095565749234
745	0.316113	181.729	34.99991745951389
746	0.277641	173.774	39.00008056441125
747	0.318182	185.682	34.000064626619704
748	0.286289	179.887	37.999966645727596
749	0.324775	187.497	32.99999466658133
750	0.296387	186.431	35.9999141773632
751	0.326581	189.174	33.999915421781004
752	0.312958	199.732	34.00006008050788
753	0.351742	203.877	29.999950950818384
754	0.321322	207.153	33.99999034530033
755	0.362223	210.000	30.0
756	0.329954	216.818	33.00002767297918
757	0.370947	217.655	29.0000229721348
758	0.337736	227.047	31.999982382502303
759	0.388565	227.721	28.000052696062287
760	0.348907	247.087	31.00001214147244
761	0.395411	240.259	27.000029135224906
762	0.353022	255.607	29.99996087744076
763	0.405250	246.574	27.00000811115527
764	0.358062	267.967	29.999962681972036
765	0.422172	262.508	25.0
766	0.369009	328.193	29.00000914096279
767	0.464229	316.739	23.000009471520716
768	0.220906	151.198	48.9999867723118
769	0.281434	171.746	39.00003493531145
770	0.225797	150.496	47.99994684244099
771	0.267800	170.285	40.0
772	0.241671	155.620	44.99999999999999
773	0.301668	175.795	36.99991467334111
774	0.260030	164.957	42.00003637311542
775	0.321671	183.421	33.99992367286189
776	0.270473	169.858	39.999882254589124
777	0.339324	191.034	32.00006281604322
778	0.278651	175.797	39.00009670244658
779	0.340617	192.194	31.999958375391532
780	0.287436	181.376	38.000066160903316
781	0.345625	194.965	30.99992306311389
782	0.296499	187.108	37.00002137802766
783	0.352996	196.539	30.99995420756186
784	0.312832	202.714	35.00004933058398
785	0.371077	211.155	29.000023679287725
786	0.318931	210.526	34.000076000114
787	0.390641	220.348	27.00001815310327
788	0.325355	217.126	34.00007368993119
789	0.400316	227.526	26.9999912097958
790	0.330747	226.541	31.999947029456038
791	0.404489	230.581	27.000056379320068
792	0.343547	245.125	32.0
793	0.422380	251.080	25.0
794	0.347284	254.152	30.999952784160662
795	0.439342	260.460	25.000000000000004
796	0.352219	267.847	29.999962665252927
797	0.452783	272.400	24.000000000000004
798	0.362257	327.717	29.999969485867382
799	0.492440	338.818	22.00001180574822
800	0.221868	151.171	49.000138915532744
801	0.295275	176.032	37.000090892564984
802	0.234326	151.974	47.00014476160396
803	0.309671	178.554	35.00005600546613
804	0.241963	156.247	44.99990399815676
805	0.324512	184.021	33.00003803913684
806	0.259831	164.224	41.99995128604832
807	0.344005	191.023	30.999931945367834
808	0.270361	171.362	40.000116711989826
809	0.331481	188.655	32.99992048978294
810	0.276989	175.215	40.0
811	0.356364	196.737	29.999949170720303
812	0.284573	182.008	37.99997802294405
813	0.356888	198.213	30.0000504507777
814	0.293994	187.911	36.999962748322346
815	0.367234	199.717	29.999949929149746
816	0.309187	202.374	35.00004941346221
817	0.386082	213.896	28.000056102030896
818	0.313967	210.303	34.99997622478044
819	0.400189	223.533	27.000040262511575
820	0.320540	218.794	34.00001828203698
821	0.412684	231.865	26.000043128544625
822	0.327973	227.082	32.99997357782651
823	0.419314	239.888	25.0
824	0.340784	242.778	32.00001647595746
825	0.441884	256.633	24.000031172920085
826	0.343673	253.394	31.999968428613148
827	0.455240	269.570	22.999962903883965
828	0.346305	264.665	30.99994332458013
829	0.464461	276.443	23.0000397912047
830	0.358772	322.707	29.99996901213795
831	0.504358	347.767	20.999979871580685
832	0.221360	151.057	49.00004634012327
833	0.306498	179.114	35.00005583036502
834	0.231962	152.366	46.999986873711975
835	0.322556	182.447	34.00001096208762
836	0.241358	155.382	45.00006435751889
837	0.337162	187.428	32.00002134152848
838	0.261437	165.160	41.999878905303945
839	0.350486	192.045	31.00002603556458
840	0.270287	170.007	41.00007646743958
841	0.362775	196.877	29.9999492068652
842	0.275506	176.385	40.0
843	0.361879	198.423	30.000050397383365
844	0.283117	182.526	38.000065744058375
845	0.371304	199.683	30.00005007937581
846	0.289467	188.546	36.99998939250899
847	0.374098	203.438	28.999990168994977
848	0.302788	202.347	36.00003953604452
849	0.388146	216.700	28.000000000000004
850	0.309512	214.380	35.0
851	0.411229	226.319	26.000026511251818
852	0.316606	217.059	33.99997235774605
853	0.422635	236.044	25.0
854	0.327780	226.145	33.00006632912512
855	0.433074	240.904	25.000000000000004
856	0.344522	247.413	30.99998787452559
857	0.453103	258.875	24.0
858	0.348315	257.361	31.000034970333502
859	0.470049	274.413	23.00000364414222
860	0.351239	266.229	31.00000375616481
861	0.477100	282.204	23.000028348287053
862	0.360833	328.850	29.999999999999996
863	0.524828	358.485	20.0
864	0.223246	152.386	48.99990812804326
865	0.317821	182.885	34.00005467916997
866	0.231887	151.974	47.00014476160396
867	0.328566	186.455	32.99991955163444
868	0.241794	155.780	45.0
869	0.350605	192.693	30.00005189602113
870	0.259956	165.843	41.99996382120439
871	0.364027	196.783	30.000050817397845
872	0.269205	171.513	39.99988339076338
873	0.367847	196.723	30.000050832897013
874	0.276013	176.792	39.000067876374494
875	0.373299	202.069	28.999995051195384
876	0.280247	182.831	38.99995077421225
877	0.380569	204.146	28.000058781460332
878	0.283846	187.082	39.00001069049935
879	0.387098	206.589	28.000038724230237
880	0.293135	199.784	36.999959956753294
881	0.399982	218.822	27.00002741954648
882	0.305725	209.691	35.00007153382835
883	0.417490	226.088	26.00005307667811
884	0.320262	218.456	33.999981689676645
885	0.434033	237.624	25.000000000000004
886	0.323994	228.164	32.99994740625164
887	0.440051	244.332	25.0
888	0.338821	249.077	31.00005219269543
889	0.466218	262.243	23.00004194582887
890	0.344636	257.262	32.000062193405945
891	0.480308	277.641	21.999992796452972
892	0.346729	271.303	31.00002580141023
893	0.466751	286.539	23.00001046977898
894	0.356946	333.793	30.00002995868697
895	0.532059	358.650	20.0
896	0.223717	152.129	48.99986195925827
897	0.334811	187.142	33.00007480950294
898	0.234683	152.304	46.00010505305179
899	0.348435	190.977	31.00006807102426
900	0.244584	156.704	45.00012762916071
901	0.365122	194.863	30.000051318105537
902	0.261042	166.260	41.99987970648382
903	0.370111	198.538	28.999989926361703
904	0.269664	171.254	40.99991825008467
905	0.381270	201.896	28.00005943654159
906	0.276567	176.708	39.99988681893293
907	0.383138	202.550	27.999999999999996
908	0.277793	181.646	39.00003303128062
909	0.384541	205.271	28.00005845930502
910	0.280144	187.403	38.99990928640417
911	0.392576	208.181	27.000062445660262
912	0.292196	199.711	37.9999098697618
913	0.404705	221.388	26.000054203479863
914	0.305143	208.511	36.00001918364019
915	0.429035	230.424	25.0
916	0.323844	220.891	34.00002716271827
917	0.440184	241.567	23.999966882893773
918	0.331235	232.015	33.0000215503308
919	0.452193	249.552	23.000016028723472
920	0.341497	249.247	31.999983951662404
921	0.481415	268.373	21.999977643056493
922	0.337595	256.850	32.0
923	0.492394	277.927	22.000021588402706
924	0.345804	273.700	31.000000000000004
925	0.502789	292.619	21.000003417413083
926	0.348677	329.458	31.00000607057652
927	0.536815	358.955	20.000000000000004
928	0.224502	152.353	49.00001969111209
929	0.351190	190.855	30.999973802101074
930	0.237384	154.115	46.000064886610645
931	0.363895	194.267	29.99994852445346
932	0.247368	158.095	44.00012650621462
933	0.375486	198.700	29.000000000000004
934	0.258369	166.876	42.00004793978763
935	0.333268	190.964	32.999937160930855
936	0.268330	171.785	41.00008731845039
937	0.386896	203.125	28.0
938	0.274182	177.843	39.9998875412583
939	0.392249	206.915	26.999975835488
940	0.276684	181.735	39.99999999999999
941	0.395566	207.641	26.999966287968178
942	0.279889	186.964	39.00002139449306
943	0.396545	207.493	27.999980722241233
944	0.300901	203.669	36.00007855883811
945	0.418842	223.304	25.999982087199513
946	0.312524	214.420	35.0
947	0.437317	234.046	23.99998290934261
948	0.317618	220.885	34.00004527242683
949	0.453878	240.437	24.000049909123803
950	0.323648	230.988	34.00003463383379
951	0.463163	252.583	22.99996436814829
952	0.331013	249.813	31.999935952092166
953	0.501348	278.138	21.000007190675134
954	0.332911	259.815	33.00001924446241
955	0.516903	291.385	20.0
956	0.335549	270.800	32.0
957	0.513581	301.065	20.0
958	0.337514	327.341	31.99996334098081
959	0.543967	360.130	20.0
960	0.223556	152.563	49.00008521069985
961	0.344250	189.828	32.00002107170702
962	0.235058	153.674	47.00014316019626
963	0.361536	195.617	29.999948879698596
964	0.241693	157.016	44.99987262444592
965	0.377536	200.982	28.000019902279806
966	0.255194	165.251	43.000042359804176
967	0.391039	202.314	28.000039542493354
968	0.258896	170.164	42.00007052020404
969	0.397206	204.557	28.000019554451818
970	0.268445	176.553	39.99988671956863
971	0.396280	206.467	26.999956409498854
972	0.277216	184.105	39.00002715841504
973	0.404503	208.556	26.99994246149715
974	0.289202	191.873	36.9999947882193
975	0.403360	211.619	26.000028352841664
976	0.303742	205.647	36.00003890161296
977	0.430722	225.840	25.0
978	0.310999	216.309	34.999930654757776
979	0.417588	229.492	26.000034859602952
980	0.312751	223.034	35.00004483621331
981	0.465001	246.143	23.00004468946913
982	0.312918	230.269	34.999934858795584
983	0.466552	253.674	22.999992115865243
984	0.315779	246.571	33.99994322122228
985	0.497140	276.045	22.00003622597765
986	0.317689	252.969	34.99994070419696
987	0.504632	288.976	21.000013841979957
988	0.316464	265.938	34.00003008219961
989	0.514123	299.410	20.99996660098193
990	0.318047	319.276	34.000050113381526
991	0.551856	359.060	20.0
992	0.251255	157.140	42.99987272495864
993	0.476093	219.183	22.99995893842132
994	0.265585	162.078	41.00001233973766
995	0.478957	219.043	23.00005021845026
996	0.272728	167.658	39.99988070953966
997	0.480336	221.177	22.00002712759464
998	0.283272	177.731	38.99994936167579
999	0.483495	223.664	21.999964232062382
1000	0.285193	183.524	37.999934613456546
1001	0.486539	225.227	22.00002663979008
1002	0.292038	190.722	36.9999265947295
1003	0.486212	223.359	22.000008954194815
1004	0.297459	196.997	37.00005583841378
1005	0.486253	224.877	22.000026681252418
1006	0.298131	204.386	36.00001957081209
1007	0.485829	223.082	21.999982069373594
1008	0.308149	218.614	35.000045742724616
1009	0.521558	238.667	20.999970670432024
1010	0.308568	228.091	35.000065763226075
1011	0.535412	252.155	20.0
1012	0.311876	236.921	33.9999409085729
1013	0.554396	264.442	19.00000756309512
1014	0.312154	243.731	35.00006154325876
1015	0.565804	270.774	18.999977841299387
1016	0.320509	266.747	34.0000074977413
1017	0.595885	297.972	18.000013424080116
1018	0.320946	275.629	34.00005079291366
1019	0.615455	307.671	16.999977248424454
1020	0.322066	289.571	33.99995165261714
1021	0.619511	326.447	17.000003063284392
1022	0.313406	352.237	35.000014194988026
1023	0.649728	392.675	16.0
