-1	0	90	0
0	1.424821	94.084	72.99965987840653
1	1.424490	95.071	70.00031555363886
2	1.536960	95.997	64.99994791503902
3	1.537765	95.412	65.00020961723892
4	1.658900	96.650	60.0
5	1.662327	96.398	60.00020747318409
6	1.900793	98.040	52.999796001631985
7	1.901572	97.553	52.99990774245795
8	2.014239	98.800	50.0
9	2.013601	98.754	49.99999999999999
10	2.133182	99.574	47.000220941209555
11	2.133207	99.679	46.99986958135615
12	2.252896	100.591	43.99996023501109
13	2.252558	100.220	44.000199560965875
14	2.372413	101.760	41.99980345911949
15	2.378302	101.724	41.99992135582556
16	2.616248	103.713	38.000057851956846
17	2.617353	104.050	38.0
18	2.736668	104.544	36.00015304560759
19	2.734887	105.073	36.99999048280719
20	2.853670	106.444	34.000037578445
21	2.854325	105.789	34.99985820832033
22	2.975882	107.067	32.99989726059383
23	2.976288	107.144	34.000037332935115
24	3.213960	109.803	30.000091072192927
25	3.212837	109.484	30.999963464981185
26	3.330263	111.424	29.000035898908674
27	3.331296	111.063	30.000090038986883
28	3.450148	112.586	27.99992894320786
29	3.448517	112.345	28.999955494236502
30	4.518953	136.038	21.000014701774504
31	4.507124	141.900	22.0
32	2.647573	102.984	36.99992231802999
33	2.648190	97.813	38.00006134153947
34	2.880258	98.249	34.99984732669035
35	2.866738	97.974	35.00010206789556
36	3.101002	97.257	35.00005141018127
37	3.101459	98.781	32.000080987234384
38	3.541800	101.075	28.0
39	3.535571	100.539	28.000079571111705
40	3.748910	101.331	25.99994078811025
41	3.761942	101.522	27.00005910049053
42	3.981848	103.775	23.999999999999996
43	3.984308	103.556	25.0
44	4.198796	104.796	22.99992366120844
45	4.214667	104.317	23.00008627548722
46	4.423981	106.105	21.99990575373451
47	4.417187	104.673	21.99994267862773
48	4.858352	108.600	20.0
49	4.854427	108.730	20.0
50	5.104932	110.100	19.000000000000004
51	5.073305	110.126	19.000054483046693
52	5.310201	111.311	18.000017967676147
53	5.314476	110.156	17.999927375721704
54	5.525512	111.367	17.99994612407625
55	5.529323	112.678	17.999964500612364
56	5.972244	116.694	15.999965722316485
57	5.945328	115.876	17.000069039317893
58	6.198330	117.487	16.00006809264004
59	6.189077	118.953	15.000042033408151
60	6.420321	120.413	15.000041523755742
61	6.402599	119.380	15.000000000000002
62	7.940199	144.408	12.000027699296439
63	7.978725	142.983	12.000027975353714
64	3.617257	99.663	26.99998996618605
65	3.601003	99.181	27.0001310734919
66	3.892616	100.696	25.0
67	3.908195	100.604	25.0
68	4.209578	101.404	23.00007889235139
69	4.194527	100.425	24.0
70	4.791688	104.175	20.0
71	4.815368	104.000	20.0
72	5.112409	105.653	18.99993374537401
73	5.125255	105.195	18.999952469223825
74	5.416547	106.672	18.000037498125092
75	5.415067	106.289	17.999981183377397
76	5.701231	106.982	17.00005608420108
77	5.690883	108.312	16.99996306965064
78	5.990697	109.869	15.999963593006218
79	6.008239	109.369	15.999963426565115
80	6.629608	111.020	15.0
81	6.610968	112.820	15.0
82	6.944268	113.757	14.000017581335653
83	6.957569	115.000	13.0
84	7.220507	116.177	12.999991392444286
85	7.221759	115.393	13.999982667926131
86	7.542457	117.723	13.00000849451679
87	7.515759	117.492	13.000034044871141
88	8.132024	122.764	10.999967417158127
89	8.090559	120.867	11.99996690577246
90	8.419276	123.836	11.000032300784909
91	8.436107	124.455	10.999959824836287
92	8.772512	127.660	10.0
93	8.699256	126.973	10.999976372929678
94	10.903871	154.056	8.999974035415692
95	10.880913	169.356	8.99997638111434
96	4.383399	106.030	23.0000943129303
97	4.380682	105.486	22.000075839447888
98	4.763211	101.200	20.999999999999996
99	4.726171	102.324	20.99996090848677
100	5.116956	103.147	19.000067864310157
101	5.089470	103.800	19.0
102	5.846087	106.181	16.000037671523156
103	5.851799	106.488	17.000037562917885
104	6.220650	108.527	14.999953928515485
105	6.222246	107.556	16.000037189928968
106	6.572104	110.243	13.999981858258575
107	6.543899	109.140	14.999999999999998
108	6.973396	110.771	14.000054165801519
109	6.967794	111.736	13.999964201331709
110	7.290528	112.715	13.00004435966819
111	7.304821	111.731	12.999973149797281
112	8.090362	117.117	11.999965846119693
113	8.078349	116.650	11.999999999999998
114	8.458600	118.167	11.999966149601834
115	8.364670	119.491	10.999991631168875
116	8.761299	121.118	11.000016512822206
117	8.721502	121.900	10.0
118	9.163593	123.470	10.0
119	9.151839	124.010	9.999999999999998
120	9.841741	128.922	9.000015513256077
121	9.783563	128.900	8.999999999999998
122	10.184432	129.822	9.000015405709357
123	10.260744	129.722	9.000015417585297
124	10.589217	135.450	8.0
125	10.552124	135.225	8.0
126	12.650960	160.071	7.000018741683378
127	12.662287	155.857	7.00000641613787
128	4.977441	102.455	20.0
129	4.978025	103.240	20.000000000000004
130	5.368172	104.800	18.0
131	5.389728	104.028	17.99996154881378
132	5.796576	106.218	16.999943512399028
133	5.794168	105.400	17.0
134	6.659309	107.471	14.000055829014338
135	6.660663	107.714	14.000037135377017
136	7.071557	110.400	13.999999999999998
137	7.124617	110.421	14.000054337490152
138	7.477945	112.192	13.000035653166002
139	7.525421	111.977	12.99999106959465
140	7.946033	113.608	12.000035208788113
141	7.942731	114.525	11.999999999999998
142	8.343333	114.555	10.999956352843611
143	8.294508	115.818	11.000017268472948
144	9.155514	121.000	10.0
145	9.175535	121.310	9.999999999999998
146	9.588465	123.911	9.000008070308528
147	9.561927	121.470	10.0
148	10.056166	125.340	10.0
149	10.023161	125.800	9.0
150	10.448601	128.622	9.000015549439441
151	10.365976	126.956	8.999968493021203
152	11.248489	134.938	7.999970356756437
153	11.272009	132.513	7.999969814282371
154	11.688203	135.500	8.0
155	11.712116	136.137	8.000029382166494
156	12.143210	142.214	7.000014063313035
157	12.103886	141.729	6.99997883284296
158	14.537988	170.150	6.0
159	14.513275	166.967	5.999988021585103
160	5.452710	104.783	18.00005726119695
161	5.470956	104.700	18.0
162	5.909458	106.371	16.999934192590086
163	5.913462	105.576	17.000075774797303
164	6.368164	107.793	15.000046385201266
165	6.378747	106.273	15.000047048638882
166	7.293914	111.108	12.999963998991973
167	7.273429	111.200	12.999999999999998
168	7.721503	111.742	11.999964203253924
169	7.727925	112.008	12.000035711734876
170	8.219070	113.417	11.999964731918496
171	8.189309	115.317	11.999965313006756
172	8.621893	118.027	11.00002541791285
173	8.640293	116.700	11.0
174	9.056718	119.230	10.0
175	9.093262	120.180	9.999999999999998
176	10.051774	125.544	9.000031861339451
177	10.009693	125.656	8.999968167059274
178	10.451298	125.178	8.999984022751601
179	10.474339	127.856	8.999968714804156
180	10.964905	145.778	8.99998628050872
181	10.967738	132.567	8.999977369933692
182	11.437083	134.825	8.0
183	11.430696	133.075	8.0
184	12.415532	141.600	7.000000000000001
185	12.399796	138.537	8.00002887315302
186	12.862513	145.700	7.0
187	12.931966	139.262	8.000028722838964
188	13.347939	145.871	7.000020566116637
189	13.321853	145.400	6.999999999999999
190	15.455172	177.880	5.0
191	15.454041	177.840	5.0
192	5.846055	106.694	17.00001874519654
193	5.829414	106.118	16.999943459168097
194	6.333248	107.020	15.0
195	6.321275	108.247	14.999953809343447
196	6.805299	108.871	14.000055111094783
197	6.773191	109.429	13.999945169927532
198	7.760770	114.123	13.000008762475574
199	7.754482	113.462	12.999947118859177
200	8.243598	115.158	12.000034734885983
201	8.193001	116.450	12.0
202	8.707187	117.482	10.99998297611549
203	8.689837	118.355	10.999957754214018
204	9.155934	118.527	11.000025310688704
205	9.190601	121.060	9.999999999999998
206	9.661610	122.460	10.0
207	9.604575	123.333	9.000024324390067
208	10.674165	127.233	9.000023578788522
209	10.678688	128.378	8.999984421006717
210	11.169851	130.656	8.99996938525594
211	11.130287	131.311	9.00000761550822
212	11.680958	134.725	8.0
213	11.645260	136.586	6.999985357210841
214	12.138339	139.125	8.0
215	12.151602	139.150	8.0
216	13.233149	145.829	6.999979427960144
217	13.254562	148.267	5.999986510821693
218	13.783065	152.317	5.999986869489288
219	13.713396	153.817	5.999986997536032
220	14.262419	159.100	6.0
221	14.239272	153.014	7.000013070699412
222	16.441417	183.720	5.0
223	16.433627	197.960	5.0
224	6.153297	107.888	15.999925849028623
225	6.132849	107.475	16.0
226	6.621973	108.740	15.0
227	6.621478	109.333	15.000045731846743
228	7.113117	110.893	13.999981964596502
229	7.108520	111.685	12.999955231230693
230	8.129501	113.717	11.999964824960207
231	8.128217	115.483	12.000034637132737
232	8.639407	118.291	10.999991546271485
233	8.630446	119.055	10.999958002603837
234	9.161173	119.673	10.999974931688852
235	9.129689	120.718	11.000016567537568
236	9.598655	122.260	9.999999999999998
237	9.617163	124.356	8.999967834282224
238	10.170691	126.333	9.000023746764503
239	10.139666	125.190	10.000000000000002
240	11.178420	132.222	9.00001512607584
241	11.173870	132.787	8.000030123430756
242	11.730516	135.950	8.0
243	11.649144	138.363	7.999971090537211
244	12.264729	139.862	8.000028599619625
245	12.265470	140.300	8.0
246	12.819842	143.471	7.000020910149089
247	12.781939	146.986	6.999986393261945
248	13.905161	150.914	7.000013252580941
249	13.885947	152.300	6.999999999999999
250	14.414806	157.057	7.000006367115125
251	14.441540	158.900	6.0
252	14.884235	167.060	5.0
253	14.939290	167.250	6.0
254	17.123785	194.320	5.0
255	17.150632	200.460	5.0
256	5.389557	113.911	18.000017557566874
257	5.411417	113.300	18.0
258	5.796578	115.735	17.000043202142827
259	5.757928	115.512	16.99996537156313
260	6.127462	117.750	16.0
261	6.155314	118.533	15.000042182345844
262	6.894952	122.564	14.000032636010575
263	6.913013	124.000	14.0
264	7.286797	125.393	13.99998405014634
265	7.273657	125.357	14.000015954434136
266	7.645381	127.754	12.999984344912878
267	7.617628	128.285	12.999961024281873
268	7.938329	133.558	12.000029949535035
269	7.947486	132.625	12.0
270	8.375154	136.173	10.999977969200943
271	8.436387	139.100	11.0
272	9.091964	147.270	10.0
273	9.057241	144.991	10.999993103020188
274	9.322836	148.560	10.0
275	9.397324	151.030	10.0
276	9.574308	151.340	10.0
277	9.738771	158.689	8.999993698365987
278	11.371596	162.950	8.0
279	10.184069	160.860	9.999999999999998
280	10.509798	166.878	8.999988015196731
281	10.519544	171.237	8.000023359437506
282	10.906745	175.212	8.000022829486566
283	11.082061	176.400	8.0
284	11.090792	182.325	8.0
285	11.149730	176.556	8.999977344298692
286	13.303110	222.529	6.999986518611058
287	13.348831	227.657	7.000004392573037
288	5.037296	117.189	19.000076799016973
289	5.029033	117.321	19.000008523623222
290	5.380806	118.717	17.99994945963931
291	5.334013	117.622	18.000034007243542
292	5.715807	120.624	16.99993367820666
293	5.739950	121.141	17.00002476453059
294	6.436332	126.707	14.000015784447585
295	6.451434	127.133	15.000039328891791
296	6.736870	128.850	14.000000000000002
297	6.751386	131.164	14.000030496172732
298	7.077531	133.977	12.999992536032304
299	7.106280	134.736	13.999970312314453
300	7.388339	136.169	13.000022031446218
301	7.367312	137.692	13.000029050344246
302	7.783245	142.167	11.999971864075349
303	7.770428	141.315	13.00003538194813
304	8.413496	149.125	12.0
305	8.457551	150.082	10.999986673951573
306	8.688409	156.618	11.000012769924274
307	8.700695	153.109	11.000006531294698
308	9.035660	159.010	10.0
309	9.044971	160.930	10.0
310	9.265010	167.280	10.0
311	9.311884	162.130	10.0
312	10.042303	177.333	9.000016917325032
313	9.962128	178.044	9.000022466356631
314	10.149410	182.678	8.99998905177416
315	10.193930	178.333	9.000016822461351
316	10.463652	189.233	9.000015853471645
317	10.410282	184.644	9.000021663308853
318	11.889788	236.543	6.9999957724388375
319	12.045530	237.329	6.999987359319762
320	4.833604	119.165	20.0
321	4.835885	118.490	20.000000000000004
322	5.127203	120.989	19.00007438692774
323	5.162154	121.479	18.99999176812453
324	5.452432	123.853	16.99999192591217
325	5.474934	123.694	18.000064675732048
326	6.154254	130.344	15.999969311974468
327	6.142338	130.306	16.00003069697481
328	6.450198	132.553	15.000037720760753
329	6.442996	134.540	15.0
330	6.754564	137.700	14.0
331	6.755640	139.114	14.000028753396494
332	7.039579	139.971	14.000042866022246
333	7.048720	142.931	12.999979010851389
334	7.440639	146.315	13.000034172846256
335	7.462712	145.746	13.000013722503533
336	7.994813	156.392	11.999974423244156
337	8.055260	154.767	11.999974154697062
338	8.285098	162.236	11.000024655440223
339	8.322047	157.750	12.0
340	8.586060	161.436	11.000024777620853
341	8.629033	166.400	11.0
342	8.841623	168.964	10.999976326318032
343	8.901495	170.970	10.0
344	9.283111	183.260	10.0
345	9.394315	180.190	10.0
346	9.609823	190.978	8.999989527589564
347	9.657202	190.780	10.0
348	9.818092	193.240	10.0
349	9.881355	194.310	10.0
350	11.414073	238.938	7.999983259255539
351	11.478152	252.213	7.999984140389275
352	4.699328	121.905	21.999917968910218
353	4.717958	121.186	20.999950489330452
354	4.993468	123.285	20.0
355	5.010836	124.521	19.000008030773927
356	5.326366	125.861	18.000015890545917
357	5.327554	126.300	18.0
358	5.952179	132.113	15.99993944577748
359	5.967129	133.125	16.0
360	6.251914	137.060	15.0
361	6.282300	138.467	14.999963890313214
362	6.530418	140.800	14.999999999999998
363	6.554499	142.720	15.000000000000002
364	6.815771	144.027	14.999965284286976
365	6.807662	144.657	14.000013825808637
366	7.237751	149.946	13.000013338135062
367	7.254165	151.169	13.00001984533866
368	7.822311	159.708	12.000025045708417
369	7.796255	157.362	12.99996187135395
370	8.094525	164.292	11.999975653105446
371	8.063928	167.982	10.999988093962449
372	8.288717	170.482	10.99998826855621
373	8.317767	169.864	10.999976451749635
374	8.507726	176.882	10.99998869302699
375	8.605984	178.670	10.000000000000002
376	9.161372	187.620	10.0
377	9.080908	190.880	10.0
378	9.241951	195.040	10.0
379	9.306258	191.280	10.0
380	9.519977	201.980	10.0
381	9.445792	198.750	10.0
382	10.942758	251.463	7.999984093087254
383	11.019495	251.925	8.0
384	4.635688	124.900	21.0
385	4.640032	123.409	22.000016206273447
386	4.919775	126.270	20.0
387	4.942216	125.075	20.0
388	5.252532	127.242	19.00001571808051
389	5.234278	129.217	17.99995356648119
390	5.855727	134.718	16.99995546252171
391	5.844941	136.419	15.999970678571165
392	6.129805	140.144	15.999971457928988
393	6.144864	139.138	15.999942503126391
394	6.406090	143.600	15.0
395	6.419843	145.600	15.0
396	6.697149	147.320	15.000000000000002
397	6.688860	147.573	15.000033881536593
398	7.126156	152.029	13.999960533845517
399	7.159039	152.914	14.00002615849432
400	7.621220	160.646	13.0000124497342
401	7.643634	164.700	12.000000000000002
402	7.901467	168.892	11.999976316225755
403	7.888965	166.746	13.000011994290716
404	8.123913	172.058	12.00002324797452
405	8.175060	176.682	10.999988680227755
406	8.404381	183.509	11.000005449324012
407	8.379091	181.791	10.999994499177628
408	8.853163	194.600	10.0
409	8.890387	196.450	10.0
410	9.061951	200.500	10.0
411	9.131375	199.282	10.999989963970654
412	9.292673	204.130	10.0
413	9.296032	211.800	10.0
414	10.785222	251.233	9.000011941106463
415	10.906799	252.922	9.000007907576249
416	4.591932	125.614	21.999936312831373
417	4.583586	126.548	20.999936782880805
418	4.904585	128.130	20.0
419	4.887360	128.675	20.0
420	5.208304	130.600	18.000000000000004
421	5.215451	130.521	19.00000766160235
422	5.825112	138.769	15.999971175118363
423	5.814579	138.841	17.00002160745025
424	6.082363	141.418	16.999957572586233
425	6.081559	142.469	15.999971923716739
426	6.379338	146.833	15.000034052290697
427	6.347567	147.260	15.000000000000002
428	6.649115	153.079	13.999960804551897
429	6.598693	154.429	13.999961147193856
430	7.062478	157.350	14.000000000000002
431	7.076991	157.421	14.000038114355773
432	7.556442	169.375	12.0
433	7.528232	169.762	12.999964656401316
434	7.802178	171.817	11.999976719416589
435	7.803727	174.233	12.000022957763456
436	8.033658	180.173	10.999983349336471
437	8.062245	180.708	12.00002213515727
438	8.280174	188.618	11.00001060344188
439	8.319415	188.809	11.000005296357696
440	8.794277	196.291	10.999994905522922
441	8.755305	202.950	10.0
442	9.034287	209.590	10.0
443	9.095038	216.970	10.0
444	9.241384	217.910	10.0
445	9.160079	213.664	10.999981279017524
446	10.481815	260.811	9.00000383419411
447	10.581215	268.575	8.0
448	4.539687	128.652	21.00006218325405
449	4.575081	127.577	22.00004703042084
450	4.877812	129.960	19.999999999999996
451	4.866021	130.665	20.000000000000004
452	5.173950	132.679	18.999992463012234
453	5.152243	132.468	19.000060391943716
454	5.752504	139.947	17.000007145562247
455	5.754909	143.012	16.99997203031913
456	6.050339	144.662	16.000055301323084
457	6.055189	147.031	16.000027205147212
458	6.321261	150.767	14.999966836244006
459	6.303663	152.640	15.0
460	6.589074	154.629	13.999961197446794
461	6.541613	157.400	15.0
462	7.006390	158.657	14.000012605810015
463	6.999804	161.714	14.000024735026035
464	7.463095	171.846	13.00001163832734
465	7.479520	171.585	12.999970859923652
466	7.737026	179.583	12.000022273823246
467	7.774068	180.058	12.000022215064034
468	7.982739	181.475	12.0
469	7.977417	187.217	11.999978634418882
470	8.231334	188.950	12.000000000000002
471	8.182677	189.775	12.0
472	8.675229	205.930	10.0
473	8.628651	206.255	10.999975758163439
474	8.795220	210.755	10.999976275770445
475	8.938554	216.440	10.0
476	9.140729	225.990	10.0
477	9.094561	226.070	10.0
478	10.308254	267.489	8.999996261528512
479	10.351738	277.478	8.999992792221366
480	4.576681	129.505	21.999922782904136
481	4.530675	129.833	21.000053915414416
482	4.836755	131.329	20.99993146982007
483	4.828472	131.852	21.00006067408913
484	5.121793	135.384	19.00002954558885
485	5.161812	136.333	18.000044009887556
486	5.733610	143.753	16.99999304362344
487	5.786240	145.306	16.999986235943453
488	6.023495	147.375	16.0
489	5.999755	149.675	16.0
490	6.312097	153.933	15.000032481664102
491	6.283280	155.040	15.0
492	6.541928	158.567	14.999968467587832
493	6.576315	160.914	14.000024857998685
494	6.928436	164.136	13.999975629965396
495	6.991840	166.654	12.999987999087931
496	7.488125	176.962	12.99996609441575
497	7.500929	175.931	12.99998294786024
498	7.688278	184.742	11.999978348182873
499	7.737908	185.908	12.000021516018677
500	7.959277	192.325	12.000000000000002
501	7.964704	189.942	11.999978940939867
502	8.140407	196.918	11.000010156511847
503	8.184071	196.817	11.99997967655233
504	8.645659	209.245	11.000023895433582
505	8.564790	215.782	10.999990731386305
506	8.783607	216.509	11.000004618745642
507	8.796517	215.491	10.999995359434964
508	9.118239	229.700	10.0
509	9.058011	232.070	10.0
510	10.357004	286.589	8.999996510682546
511	10.379074	279.578	8.999992846361302
512	4.569397	130.252	21.00006141940239
513	4.604961	129.843	20.9999768951734
514	4.868361	131.275	20.0
515	4.881970	132.070	20.0
516	5.154738	134.484	19.00002974331519
517	5.169586	135.363	19.000022162629374
518	5.754090	144.219	15.999972264403443
519	5.807112	146.447	17.00000682840891
520	6.112239	150.637	16.0000531078022
521	6.046325	151.931	16.000026327740883
522	6.306939	152.775	16.0
523	6.306605	153.975	16.0
524	6.553092	161.171	14.000037227540936
525	6.567749	162.050	13.999999999999998
526	6.994612	164.629	13.999963554416295
527	7.007612	167.377	12.999994025463474
528	7.486025	178.515	13.000028008850796
529	7.506506	177.792	13.000022498200146
530	7.694169	185.725	12.0
531	7.757096	186.558	12.000021441053184
532	7.953273	192.573	10.99998442149211
533	7.968891	192.050	11.999999999999998
534	8.235563	199.509	11.000005012305209
535	8.190126	199.318	11.000010034216679
536	8.576662	214.064	10.999981313999552
537	8.655246	212.473	10.99998588055894
538	8.872858	223.340	10.0
539	8.848270	224.060	10.0
540	9.090432	230.160	10.0
541	9.012473	233.100	10.0
542	10.190389	290.033	9.00001034365055
543	10.241141	282.578	8.999992922308177
544	4.607935	129.495	21.0000386115294
545	4.624189	129.324	20.99996906993288
546	4.879553	132.225	20.0
547	4.899702	131.325	20.0
548	5.201936	133.916	18.999970130529586
549	5.220576	135.911	18.999933780194393
550	5.805322	145.647	17.000006865915537
551	5.807806	145.247	17.00000688482378
552	6.084982	150.975	16.0
553	6.080753	150.106	16.00002664783553
554	6.346377	153.947	14.999967521289793
555	6.331289	157.780	14.999999999999998
556	6.574637	161.971	14.00003704366831
557	6.627757	162.200	14.000000000000002
558	7.036393	166.436	13.999975966737964
559	7.028742	165.600	14.000000000000002
560	7.478234	178.283	12.000022436239014
561	7.543526	177.154	12.999988710387573
562	7.761679	180.946	13.000011053021344
563	7.747441	182.508	12.999978083152518
564	7.985898	187.900	12.0
565	8.015607	192.808	12.000020746027136
566	8.246148	194.925	11.999999999999998
567	8.222805	197.625	12.0
568	8.662193	208.636	11.000019172146706
569	8.677198	216.300	11.0
570	8.857678	217.018	11.000009215825415
571	8.900680	218.255	10.999977091017389
572	9.056893	232.470	10.0
573	9.093424	229.236	11.000017449266258
574	10.268686	282.500	9.0
575	10.346038	295.067	8.999989832817631
576	4.631179	130.300	21.0
577	4.667759	130.233	21.000053749817635
578	4.938701	132.140	20.000000000000004
579	4.928406	133.600	20.0
580	5.252375	136.139	17.999985309132576
581	5.259234	136.347	19.000051339596762
582	5.867973	145.731	16.000027447831965
583	5.850760	147.012	16.000054417326474
584	6.123531	149.106	16.000026826552922
585	6.136291	152.844	15.99997382952553
586	6.389041	154.206	16.000025939327916
587	6.387026	155.725	16.0
588	6.663501	158.127	14.999968379846578
589	6.664756	160.580	14.999999999999998
590	7.092312	167.108	12.999976063384159
591	7.119289	169.438	13.000035411182852
592	7.584638	180.517	11.999977841422137
593	7.609824	180.958	12.000022104576752
594	7.846993	183.942	11.999978254014852
595	7.818473	188.150	12.0
596	8.072210	188.450	12.000000000000002
597	8.112169	194.818	11.000010265991849
598	8.272327	198.808	12.00002011991469
599	8.402017	199.336	11.00002006662118
600	8.847256	218.755	10.999977143379581
601	8.739171	212.582	10.999990591865728
602	8.949088	222.540	10.0
603	8.957350	226.640	10.000000000000002
604	9.111651	233.940	10.0
605	9.182017	235.320	10.0
606	10.299591	283.433	9.000010584512037
607	10.340130	293.478	8.999993185179127
608	4.696039	130.457	21.000022996083
609	4.696175	131.076	21.00003051664683
610	4.968466	132.790	20.000000000000004
611	4.984881	132.730	20.0
612	5.298915	135.772	18.000029461155467
613	5.314094	136.532	18.999941405677788
614	5.925814	145.600	16.0
615	5.931360	147.513	15.999945767491678
616	6.192443	151.269	15.99997355704077
617	6.207173	150.550	16.0
618	6.457650	156.320	15.000000000000002
619	6.455740	155.380	15.0
620	6.731215	161.771	14.000037089465975
621	6.739896	161.771	14.000037089465975
622	7.177578	168.715	13.00002963577631
623	7.161560	170.231	12.999982376887877
624	7.666250	180.150	12.0
625	7.698788	181.242	11.999977930060362
626	7.855290	185.892	11.999978482129407
627	7.905589	183.242	11.999978170943344
628	8.138710	191.142	11.999979073149804
629	8.146623	188.550	11.999999999999998
630	8.342880	200.264	10.999980026365197
631	8.385396	203.564	10.999980350160145
632	8.817187	217.040	10.0
633	8.793029	215.618	11.000009275663443
634	8.977303	221.091	10.999995476975544
635	9.037517	221.090	10.0
636	9.218848	232.830	10.0
637	9.279072	232.060	10.0
638	10.323025	293.744	9.000013617299416
639	10.506069	287.922	9.00000694632574
640	4.758673	131.920	20.000000000000004
641	4.764199	130.724	20.999969401181115
642	5.042397	133.311	18.999932488691854
643	5.048870	132.263	19.0000226820804
644	5.358461	135.467	17.9999557087704
645	5.380901	136.456	17.999941373043324
646	5.979457	145.137	16.00005512033458
647	6.000957	147.213	15.99994565697323
648	6.256896	150.467	14.99996677012235
649	6.279279	152.287	14.999967167256562
650	6.533825	156.853	15.000031876980358
651	6.577667	156.327	14.999968015761834
652	6.802605	163.443	13.999987763318096
653	6.784066	160.527	14.999968852591778
654	7.237922	167.985	12.999970235437688
655	7.287647	170.600	13.000000000000002
656	7.751730	178.654	12.999988805176487
657	7.778935	180.058	12.000022215064034
658	8.011914	187.258	12.000021360903139
659	8.017000	184.042	11.999978265830626
660	8.212761	193.073	10.999984461835679
661	8.271280	192.833	12.0000207433375
662	8.518227	197.045	11.00002537491436
663	8.503653	202.991	10.999995073673217
664	8.923054	215.930	10.0
665	8.956144	219.050	10.0
666	9.058549	225.870	9.999999999999998
667	9.221421	226.670	10.0
668	9.323709	229.630	10.000000000000002
669	9.371530	235.800	10.0
670	10.391346	296.144	9.000013506942569
671	10.458565	291.333	9.000010297494619
672	4.830373	132.065	20.0
673	4.831567	131.440	20.0
674	5.116877	133.205	19.000037536128524
675	5.131554	134.042	19.0000149206965
676	5.442222	136.961	18.000014602697117
677	5.476547	138.189	17.999985527068002
678	6.083664	149.306	16.000026790617923
679	6.105182	148.056	16.000027016804452
680	6.337874	151.140	15.0
681	6.398516	153.207	14.999967364415465
682	6.620021	157.679	13.999961948008295
683	6.623897	158.329	13.99996210422601
684	6.865138	161.543	13.999987619395453
685	6.893490	164.150	13.999999999999998
686	7.350022	166.777	12.999994003969373
687	7.336481	168.900	12.999999999999998
688	7.835576	180.925	11.999999999999998
689	7.902425	177.783	12.000022499339083
690	8.084152	186.825	12.000000000000002
691	8.102161	186.650	12.0
692	8.368558	194.800	11.0
693	8.363864	189.950	12.000000000000002
694	8.590739	198.791	10.999994969591178
695	8.565512	204.500	11.0
696	9.012208	214.327	11.000013997303187
697	9.031388	215.391	10.999995357280483
698	9.183656	222.690	10.0
699	9.320259	227.090	10.0
700	9.458770	228.780	10.0
701	9.488657	239.700	10.0
702	10.493149	286.656	8.99998604599241
703	10.649998	281.122	9.00000711434893
704	4.899498	131.635	20.0
705	4.897907	131.660	20.0
706	5.199178	133.379	18.99999250256787
707	5.213009	133.163	19.000022528780516
708	5.504686	136.889	17.999985389622246
709	5.536970	136.811	18.00001461870756
710	6.137636	144.806	16.000027623164787
711	6.174534	146.213	15.99994528530295
712	6.444044	152.127	14.999967132724631
713	6.478495	151.547	14.999967006935142
714	6.720001	157.614	14.000025378456227
715	6.744445	157.893	13.999987333193998
716	6.987519	163.179	13.999963230562756
717	7.024482	162.857	14.000012280712527
718	7.473592	169.392	11.99997638613394
719	7.446596	170.615	13.000029305746857
720	7.957555	177.058	12.000022591467202
721	8.011226	182.692	11.999978105226283
722	8.188382	183.858	12.000021755920331
723	8.273259	185.808	12.000021527598381
724	8.460863	195.255	10.999974392461143
725	8.518494	191.345	11.00002613081084
726	8.684526	201.855	10.999975229744125
727	8.716045	199.436	11.000020056559498
728	9.129913	215.418	11.000009284275222
729	9.157903	217.380	10.000000000000002
730	9.347496	225.020	9.999999999999998
731	9.502627	230.040	10.0
732	9.593568	232.120	9.999999999999998
733	9.689808	231.320	10.0
734	10.701053	296.863	7.999986525771147
735	10.769153	295.700	8.0
736	4.969868	132.168	19.000060529023663
737	4.980756	131.060	20.0
738	5.270003	133.578	17.99997005494917
739	5.299210	133.774	18.99995514823508
740	5.644135	137.682	17.00004357868131
741	5.636299	136.817	17.999956145800592
742	6.259716	146.193	15.000034201363949
743	6.289706	147.660	15.000000000000002
744	6.569754	151.653	15.000032970003893
745	6.537590	152.007	14.999967106777977
746	6.808853	158.164	14.000025290205105
747	6.879589	159.821	14.000037542000113
748	7.099710	160.900	13.999999999999998
749	7.137532	161.093	13.99998758481126
750	7.578624	169.600	12.0
751	7.607921	171.333	12.000023346348923
752	8.041101	182.183	12.000021955945394
753	8.148888	180.767	11.999977872067356
754	8.386880	187.636	11.000021317870772
755	8.378755	185.650	12.0
756	8.655636	192.173	10.999984389066102
757	8.576040	196.009	11.00000510180655
758	8.750532	199.082	10.999989953888349
759	8.859410	198.300	11.0
760	9.344103	219.840	10.0
761	9.425600	217.190	10.0
762	9.725643	235.389	8.999995751713122
763	9.558835	230.822	9.000008664685343
764	9.720539	235.200	10.0
765	9.836134	236.690	10.0
766	10.831299	289.556	8.999986185746454
767	10.827270	292.633	9.000010251748778
768	4.991048	131.670	20.000000000000004
769	5.009225	132.842	19.00001505547944
770	5.280220	134.111	18.999932891410847
771	5.294313	133.900	19.0
772	5.608877	137.418	16.999956337597695
773	5.621842	138.159	16.999978285887998
774	6.224653	146.325	16.0
775	6.294629	146.800	16.0
776	6.536342	153.600	14.000000000000002
777	6.522223	154.833	15.000032292857465
778	6.820083	158.200	14.000000000000002
779	6.839995	160.708	12.99997511013764
780	7.077176	162.600	14.000000000000002
781	7.126038	163.929	13.9999633987885
782	7.560258	168.023	13.000005951566155
783	7.600192	172.567	11.999976820597217
784	8.055269	183.175	11.999999999999998
785	8.055195	181.950	12.000000000000002
786	8.307752	188.873	10.99998411631096
787	8.339169	186.842	11.999978591537234
788	8.508581	192.591	10.99999480764937
789	8.566103	196.982	10.999989846788033
790	8.764125	204.120	10.0
791	8.811276	205.782	10.999990280976956
792	9.237046	215.609	11.000004638025313
793	9.270757	219.990	10.0
794	9.549798	229.670	10.0
795	9.458022	226.830	10.0
796	9.635472	240.689	8.999995845260896
797	9.717265	241.333	9.000012430956396
798	10.607612	296.975	8.0
799	10.867473	298.611	9.000003348838456
800	5.003804	132.395	20.0
801	5.009524	133.489	19.00006742128565
802	5.312807	133.233	18.000045033888
803	5.303391	135.321	19.000007389836018
804	5.637645	138.600	17.0
805	5.635699	139.971	16.99994998964071
806	6.264592	147.793	15.000033831101609
807	6.275784	149.893	15.000033357128085
808	6.516928	153.873	15.000032494329739
809	6.563615	153.433	15.000032587513768
810	6.815559	160.143	13.9999875111619
811	6.843614	158.293	13.999987365202504
812	7.115007	163.671	14.000036658907199
813	7.105550	164.929	13.999963620709517
814	7.512671	171.825	12.000000000000002
815	7.530757	172.369	13.000017404521696
816	8.009373	179.642	11.999977733492168
817	8.050102	185.773	10.999983851259334
818	8.340388	189.350	12.0
819	8.316143	189.773	10.999984191639486
820	8.513437	196.055	10.999974496952385
821	8.555929	200.291	10.99999500726443
822	8.693183	198.091	10.999994951815074
823	8.788301	205.427	11.000014603727845
824	9.189861	216.910	10.0
825	9.245071	224.820	10.0
826	9.429188	221.527	11.000013542367297
827	9.439386	230.600	10.0
828	9.624132	241.222	9.000008291117725
829	9.660170	244.189	8.999995904811437
830	10.609938	296.156	8.999986493604721
831	10.721618	296.144	9.000013506942569
832	5.015923	132.585	19.999999999999996
833	5.013505	133.900	19.0
834	5.301437	134.574	18.999955414864683
835	5.311202	136.856	17.999941544397032
836	5.658482	138.247	17.00000723343002
837	5.629477	140.988	17.0000283712089
838	6.271628	148.267	14.999966277054234
839	6.265135	150.133	15.00003330380396
840	6.568465	154.873	15.000032284516992
841	6.571070	154.593	15.000032342990952
842	6.796235	161.364	14.000024788676532
843	6.909231	159.957	14.00001250336028
844	7.156308	167.923	13.000005955110378
845	7.109358	168.992	13.000023669759516
846	7.489668	173.042	11.999976884224639
847	7.545487	173.892	11.999976997216663
848	8.023148	182.808	12.000021880880485
849	8.050665	183.417	11.999978191770664
850	8.273543	192.973	10.999984453783687
851	8.293136	192.891	10.999994815724945
852	8.496240	200.109	11.000004997276482
853	8.503319	196.008	12.000020407330313
854	8.721406	201.918	11.000009905010945
855	8.819896	202.773	10.99998520513086
856	9.154232	224.190	10.0
857	9.194572	226.120	9.999999999999998
858	9.343067	226.170	10.0
859	9.428663	233.730	10.000000000000002
860	9.546756	234.780	10.0
861	9.627472	233.030	10.0
862	10.517637	300.522	9.000006655086816
863	10.597750	296.600	9.0
864	5.029159	132.995	20.0
865	5.032979	134.416	18.9999702416379
866	5.336802	135.583	18.000044253335595
867	5.330542	136.711	18.000014629400706
868	5.686069	139.282	17.000043078071826
869	5.683665	141.553	16.999992935508256
870	6.278809	151.593	15.000032983053309
871	6.299059	152.800	14.999999999999998
872	6.620042	155.753	15.000032102110396
873	6.584542	156.093	15.000032032185942
874	6.854026	160.521	14.000037378286956
875	6.848205	160.464	14.000024927709642
876	7.083506	166.086	13.99997591609166
877	7.152494	167.143	13.999988034198262
878	7.469368	170.277	12.999994127216242
879	7.575225	173.842	11.99997699060066
880	8.005259	182.767	11.99997811421099
881	8.040540	187.267	11.999978640123459
882	8.219355	191.425	11.999999999999998
883	8.223751	192.308	12.00002079996672
884	8.437023	198.845	11.000025145213609
885	8.525753	202.582	10.999990127454563
886	8.691168	201.327	11.000014901130996
887	8.782663	210.200	11.0
888	9.148437	219.236	11.000018245178712
889	9.191076	223.910	10.0
890	9.358810	234.650	10.0
891	9.439084	231.640	10.000000000000002
892	9.586987	245.978	8.999991869191554
893	9.633076	246.122	9.000008126051307
894	10.647764	301.378	8.999993363815541
895	10.646744	301.544	9.00001326506248
896	5.070133	133.350	20.0
897	5.056359	133.480	20.0
898	5.341762	136.711	18.000014629400706
899	5.368397	138.289	17.999985537533718
900	5.694060	140.065	16.999964302288223
901	5.727490	142.682	17.00004205155521
902	6.324985	151.780	14.999999999999998
903	6.330775	153.213	15.000032634306487
904	6.596015	157.036	13.999974528133675
905	6.583963	159.136	13.999974864267044
906	6.829765	160.486	13.99997507570754
907	6.850666	164.343	13.99998783033047
908	7.106173	165.500	14.0
909	7.108571	165.886	13.999975887054966
910	7.531455	174.800	11.999999999999998
911	7.566747	175.615	13.000028471372035
912	8.016013	184.617	11.999978333522916
913	8.058307	188.891	10.999994705941523
914	8.266604	191.708	12.00002086506562
915	8.312598	191.927	11.000015630943015
916	8.482464	199.382	10.999989969004222
917	8.495929	203.500	11.0
918	8.723932	202.773	10.99998520513086
919	8.692729	212.582	10.999990591865728
920	9.185234	220.360	9.999999999999998
921	9.146709	228.080	10.0
922	9.403525	235.060	10.0
923	9.376313	234.260	10.0
924	9.516573	246.111	9.000004063207252
925	9.553456	246.470	10.0
926	10.569006	297.356	8.999986548110682
927	10.631475	301.411	9.000003317728947
928	5.125380	136.521	19.000007324880425
929	5.081435	135.110	19.999999999999996
930	5.396466	137.972	18.000028991389556
931	5.430891	138.982	17.00004317105812
932	5.693607	140.747	17.000007104947173
933	5.723852	143.441	17.000020914522345
934	6.335843	152.260	15.000000000000002
935	6.319252	153.860	15.0
936	6.626075	157.600	14.000000000000002
937	6.650176	159.521	14.000037612602732
938	6.897542	161.929	13.999962946723564
939	6.858386	165.164	14.000024218352669
940	7.120805	165.900	13.999999999999998
941	7.173852	167.243	13.999988041353003
942	7.542180	171.962	12.9999651085705
943	7.586508	172.285	12.999970978320805
944	7.956803	188.292	11.999978756399635
945	8.099465	187.600	12.0
946	8.242890	194.091	10.999994847777588
947	8.324144	197.736	11.000020228992192
948	8.434988	202.973	10.999985219709023
949	8.529897	201.200	11.0
950	8.741305	208.300	11.0
951	8.790319	210.073	10.999985719249976
952	9.120459	218.355	10.999977101509012
953	9.232648	224.880	10.000000000000002
954	9.343665	234.580	10.0
955	9.335341	228.755	10.999978142554262
956	9.513083	241.870	9.999999999999998
957	9.526517	249.190	10.0
958	10.584271	299.544	9.000013353630854
959	10.590276	297.567	8.999989918236901
960	5.175184	135.978	17.99997058347674
961	5.170295	135.689	19.000066328147454
962	5.412545	138.011	18.000014491598495
963	5.478884	140.700	18.0
964	5.809452	143.488	15.999944246208743
965	5.794250	143.682	17.000041758884205
966	6.376693	152.187	14.999967145682614
967	6.420394	154.667	14.999967672483464
968	6.612926	158.421	14.000037873766736
969	6.691930	160.350	14.000000000000002
970	6.900367	162.286	13.99997535215607
971	6.946550	163.129	13.99996321929271
972	7.231030	169.085	12.999970429074134
973	7.172532	168.064	14.00002380045697
974	7.608019	176.867	11.999977384136104
975	7.614444	178.942	11.999977646388215
976	8.105353	189.092	11.999978846275885
977	8.082341	187.317	11.999978645824992
978	8.326937	197.336	11.00002026999635
979	8.378281	197.991	10.99999494926537
980	8.581415	204.370	10.0
981	8.541947	205.800	11.0
982	8.697876	211.000	11.0
983	8.722124	210.100	11.0
984	9.160016	221.273	10.999986442087376
985	9.316731	222.936	11.00001794236911
986	9.311680	232.260	10.0
987	9.352937	242.180	10.0
988	9.595439	238.410	10.0
989	9.624398	251.267	8.99998806050934
990	10.654625	306.887	8.000013034113532
991	10.568382	308.400	9.0
992	5.732068	139.712	16.99997136967476
993	5.900828	141.729	17.00004939003309
994	6.255465	144.647	14.99996543308883
995	6.023635	147.513	15.999945767491678
996	6.671194	147.920	15.000000000000002
997	6.565211	149.447	14.99996654332305
998	7.194932	159.385	12.999968629419332
999	7.459001	161.815	13.000030899483978
1000	7.313716	162.657	14.00001229581266
1001	7.916428	166.042	11.999975909709592
1002	7.594107	170.946	13.000011699601044
1003	7.977593	173.067	11.999976887563776
1004	8.036148	179.025	12.0
1005	8.599227	178.125	12.0
1006	8.477899	183.273	10.99998363097674
1007	8.571812	188.927	11.000015879149089
1008	9.077210	202.520	10.0
1009	9.389637	204.720	10.0
1010	9.394605	204.620	10.0
1011	8.342732	214.309	11.000004666159612
1012	8.611021	222.309	11.000004498243436
1013	6.985922	222.407	14.000008992522716
1014	10.402008	228.589	8.999995625336304
1015	9.619177	225.100	10.0
1016	10.444739	248.878	8.999991963934137
1017	10.660570	245.933	9.000012198444292
1018	10.594544	249.367	8.999987969538873
1019	10.886908	263.275	8.0
1020	10.817730	270.887	8.00001476630477
1021	10.476150	275.556	8.999985483894381
1022	12.202618	322.712	8.000012394952774
1023	12.362236	332.912	8.000012015187197
