-1	0	90	0
0	2.738093	96.165	36.999948006031296
1	2.733509	97.075	36.0
2	2.963242	97.315	33.00005137954067
3	2.968540	96.171	33.999854425970405
4	3.202904	96.145	31.000052004784443
5	3.181717	97.823	30.9998671069176
6	3.661569	99.674	27.000020065413242
7	3.662733	99.626	26.9999799249192
8	3.890277	100.348	25.0
9	3.893231	100.348	25.0
10	4.117971	101.261	22.999970373589044
11	4.118074	99.679	24.00004012881349
12	4.344352	101.891	23.00006870086661
13	4.353446	102.074	22.999980406371847
14	4.590392	102.038	21.000019600540977
15	4.556844	101.924	20.999960755072408
16	5.046835	105.310	19.999999999999996
17	5.047646	105.325	20.0
18	5.278962	106.268	19.000075281364097
19	5.274526	106.400	18.999999999999996
20	5.508966	108.035	17.000046281297728
21	5.496712	108.253	16.99999076238072
22	5.736509	107.200	17.0
23	5.742800	109.288	17.00003660054169
24	6.191861	111.613	15.99992832376157
25	6.189459	111.462	16.000071773339794
26	6.428204	113.679	13.99994721980313
27	6.422986	112.487	14.999955550419159
28	6.631326	114.540	14.999999999999998
29	6.648057	114.053	15.00004383926771
30	8.541683	142.691	10.99999299184952
31	8.490272	142.864	10.999972001343934
32	4.847559	99.015	20.0
33	4.827092	99.150	20.0
34	5.236458	99.974	18.999939984395944
35	5.219256	100.306	17.999920244053197
36	5.654858	100.571	16.99993039743067
37	5.629724	100.306	16.9999800610133
38	6.448708	102.607	14.999951270381162
39	6.447683	102.687	14.999951308344777
40	6.867811	104.343	13.999980832446832
41	6.894014	103.986	13.999961533283326
42	7.234789	105.477	12.999990519260123
43	7.164922	105.086	13.999961935938185
44	7.643094	106.733	12.00003747669418
45	7.682287	106.983	12.000037389117896
46	8.108788	108.233	12.000036957305072
47	8.021712	107.825	12.0
48	8.847724	111.130	10.0
49	8.906385	111.040	10.0
50	9.335103	111.460	10.0
51	9.365725	111.330	10.0
52	9.679722	111.460	10.0
53	9.744508	113.300	10.0
54	10.058083	115.130	10.0
55	10.083932	115.211	9.000008679726763
56	10.984545	117.625	8.0
57	10.961800	119.613	7.9999665588188575
58	11.290101	121.600	8.0
59	11.344539	120.075	8.0
60	11.711812	122.300	8.0
61	11.738456	122.125	8.0
62	14.538903	151.417	5.999986791443497
63	14.516068	150.633	6.000013277303114
64	6.150833	101.631	16.00003935806988
65	6.099705	100.712	16.00007943442688
66	6.664131	102.514	14.000039019060813
67	6.663961	100.721	14.000059570496717
68	7.194299	101.779	13.999941048742865
69	7.166667	103.086	13.999961197446792
70	8.183409	105.673	10.999971610534384
71	8.224011	104.458	12.00003829290241
72	8.745687	106.200	11.0
73	8.722020	105.482	10.999981039419048
74	9.246614	107.509	11.000009301546847
75	9.248650	108.110	10.0
76	9.882936	108.989	8.999990824762131
77	9.772866	108.790	10.0
78	10.313209	111.267	8.999973037827928
79	10.242568	112.011	9.000008927694601
80	11.306844	113.711	9.000008794223954
81	11.292444	114.838	7.999965168324075
82	11.883268	117.514	7.000017019248771
83	11.860037	116.463	7.999965654327985
84	12.399224	118.225	8.0
85	12.425720	118.929	6.999974774865676
86	12.894392	119.243	6.999991613763492
87	12.967118	119.400	6.999999999999999
88	13.994281	125.633	6.000015919384238
89	13.986315	126.317	5.999984166818401
90	14.556404	128.783	6.000015530000079
91	14.546261	126.167	5.999984147994325
92	14.943177	130.767	5.999984705621449
93	14.962610	129.600	6.0
94	18.596019	157.100	5.0
95	18.389444	158.780	5.0
96	7.137695	103.754	12.999980723634751
97	7.112391	103.723	13.000009641063217
98	7.733365	103.608	12.00003860705737
99	7.729618	103.025	11.999999999999998
100	8.362142	103.083	12.00003880368247
101	8.351505	104.508	12.00003827458185
102	9.513828	108.360	10.0
103	9.579275	107.930	9.999999999999998
104	10.222400	107.778	8.99998144333723
105	10.187789	110.578	8.999981913219628
106	10.819948	112.013	7.9999642898592125
107	10.775810	111.900	8.0
108	11.390467	113.862	8.000035130245385
109	11.417118	112.188	7.999964345562805
110	12.092059	115.350	8.0
111	12.073251	115.350	8.0
112	13.246465	118.829	6.99997475363758
113	13.306708	119.900	5.999999999999999
114	13.901737	121.917	5.999983595396868
115	13.837989	122.417	5.99998366239983
116	14.504838	124.967	5.999983995774884
117	14.451847	121.983	6.000016395727273
118	15.170710	126.183	6.000015849995641
119	15.198443	124.300	6.0
120	16.362710	132.700	5.0
121	16.259997	128.933	6.0000155119325544
122	17.069876	131.180	5.0
123	17.053192	135.800	5.0
124	17.583122	134.260	5.0
125	17.708803	139.100	4.0
126	20.744181	166.875	4.0
127	20.803905	163.225	4.0
128	7.712800	105.200	12.0
129	7.787871	105.392	11.99996204645514
130	8.466368	106.155	10.999952899062691
131	8.455321	106.136	11.00003768749529
132	9.151368	107.580	10.0
133	9.204780	106.864	10.999962569246893
134	10.472234	109.900	9.0
135	10.503907	110.989	8.999990990098118
136	11.198575	113.325	8.0
137	11.227319	111.589	8.999991038543225
138	11.901722	113.725	8.0
139	11.856292	115.086	6.999982621691605
140	12.580805	115.943	6.999991375072234
141	12.583390	117.229	6.999974409062604
142	13.227727	119.814	7.000016692540105
143	13.259602	118.500	7.0
144	14.534716	124.500	6.0
145	14.628339	122.800	6.0
146	15.168739	126.800	6.0
147	15.199947	125.317	5.999984040473359
148	15.980859	129.900	5.0
149	15.762095	125.700	6.0
150	16.620940	132.860	4.999999999999999
151	16.567029	129.950	6.000000000000001
152	17.889282	136.320	5.0
153	17.932645	134.020	5.0
154	18.644936	142.400	4.0
155	18.503000	142.200	4.0
156	19.186001	143.200	4.0
157	19.378473	147.750	4.0
158	22.388729	182.000	3.0
159	22.634760	182.300	2.9999999999999996
160	8.088334	106.258	12.000037644224435
161	8.143450	106.536	11.000037545993843
162	8.846059	107.745	11.000046405865701
163	8.808157	106.982	10.999981305266306
164	9.538336	107.870	10.0
165	9.575171	109.140	10.0
166	10.933227	113.650	8.0
167	10.900657	112.913	7.999964574495408
168	11.629570	115.013	7.999965221322807
169	11.460976	113.875	8.0
170	12.299505	117.457	7.00000851375397
171	12.262295	117.829	6.999974539374857
172	12.989005	117.800	7.0
173	12.983835	118.229	6.9999746255148905
174	13.803240	122.817	5.999983715609403
175	13.517664	123.267	5.999983775057396
176	15.035356	127.900	5.999999999999999
177	15.096474	125.567	5.999984072248282
178	15.809731	131.920	5.000000000000001
179	15.871339	131.380	5.0
180	16.338414	134.680	5.0
181	16.465694	130.550	5.999999999999999
182	17.074261	134.720	5.0
183	17.179318	137.840	5.0
184	18.573040	141.680	5.0
185	18.339359	141.220	5.0
186	19.413038	143.240	5.0
187	19.334033	147.000	5.0
188	19.995457	151.400	4.0
189	19.976175	151.200	4.0
190	22.913052	187.200	3.0000000000000004
191	22.886224	187.533	3.0000053323948324
192	8.221078	108.982	10.999981648345598
193	8.214542	107.458	12.000037223845595
194	8.821261	108.891	10.999990816504576
195	8.959380	109.740	10.000000000000002
196	9.789083	111.250	10.0
197	9.507684	110.760	9.999999999999998
198	11.052422	113.100	8.0
199	11.115642	115.550	8.0
200	11.591278	118.125	8.0
201	11.795940	117.100	8.0
202	12.255339	121.186	6.999983496443483
203	12.424693	121.471	7.000024697252842
204	13.088091	124.057	7.000008060810756
205	13.145004	122.429	6.999975496001764
206	13.696843	126.967	5.999984247875432
207	13.800790	126.533	6.0000158061533355
208	15.004937	132.883	6.000015050834191
209	15.279244	130.517	5.99998467632569
210	15.691477	132.933	6.000015045173133
211	15.752328	132.200	6.000000000000001
212	16.489545	135.550	5.999999999999999
213	16.398635	136.800	5.0
214	17.398731	143.400	5.0
215	17.322352	140.480	5.0
216	18.886376	152.525	4.0
217	18.789546	152.375	4.0
218	19.630793	149.700	5.0
219	19.458777	153.000	4.0
220	20.275478	161.300	4.0
221	20.283439	153.500	5.0
222	23.008214	190.825	4.0
223	23.209125	194.833	3.00000513260074
224	8.348701	109.745	11.000045560162194
225	8.136562	109.417	11.999963442609467
226	8.884919	111.173	10.999973015030628
227	9.009293	112.170	10.0
228	9.722174	112.767	8.999973396472372
229	9.662000	111.920	10.0
230	10.894812	118.513	7.999966248428442
231	11.132236	118.438	7.999966227055506
232	11.810482	121.213	7.999967000239249
233	11.902895	120.137	8.000033295321176
234	12.322349	121.175	8.0
235	12.320356	122.000	8.0
236	13.255511	124.743	6.999991983518114
237	13.129429	127.057	7.000007870483326
238	13.964352	128.871	7.000023279093046
239	13.963537	128.600	7.000000000000001
240	15.081430	134.400	6.0
241	15.197016	137.700	5.0
242	16.046758	140.350	6.0
243	16.080646	139.750	6.0
244	16.811802	142.240	5.0
245	16.808617	145.700	5.0
246	17.282213	144.850	6.0
247	17.449150	147.500	5.0
248	18.652368	151.420	5.000000000000001
249	18.925387	150.580	4.999999999999999
250	19.707310	154.640	5.000000000000001
251	19.162730	156.400	5.0
252	19.921807	162.960	4.999999999999999
253	20.289548	167.575	4.0
254	23.326929	190.025	4.0
255	23.259044	205.925	4.0
256	6.277992	115.263	15.999930593512229
257	6.314058	114.894	15.999965185301233
258	6.515672	116.640	15.0
259	6.620579	117.273	15.000042635559762
260	7.014457	119.343	13.999983241580988
261	7.028197	120.100	13.0
262	7.764195	124.517	11.999967875872372
263	7.830922	124.758	12.00003206207217
264	8.133874	128.982	10.999984493960397
265	8.253678	127.245	11.000039294274824
266	8.531054	130.755	10.99996176054453
267	8.535244	131.800	10.999999999999998
268	8.841456	132.845	11.00003763784862
269	8.796683	132.827	11.00002258576946
270	9.230810	137.810	10.0
271	9.393799	135.910	10.0
272	10.113262	145.944	9.000027407772846
273	10.073048	149.022	9.000013420837192
274	10.459261	152.556	8.999973780120087
275	10.568890	150.378	8.999986700182209
276	10.998493	157.962	8.00002532254593
277	10.806619	151.656	8.999973624518647
278	11.111444	163.012	8.000024538070816
279	11.182343	159.633	9.000018793106689
280	11.824779	169.200	8.0
281	11.256097	168.775	8.0
282	12.101248	175.800	6.999999999999999
283	11.752511	176.238	7.99997730341924
284	12.341264	177.457	7.000005635167956
285	11.956260	184.512	8.000021678806798
286	14.422768	223.550	5.999999999999999
287	14.263779	228.683	6.00000874573099
288	5.579890	118.776	17.000067353674144
289	5.483606	117.941	17.000025436447036
290	5.802851	119.206	16.999983222321024
291	5.799004	119.844	15.999966623276928
292	6.264303	121.450	16.0
293	6.093103	121.106	16.000033028916818
294	6.997165	128.100	14.000000000000002
295	6.783647	127.071	14.000047217697194
296	7.261165	131.015	13.000038163569059
297	7.143242	131.569	13.000022801723812
298	7.582142	134.615	13.000037142963265
299	7.569853	134.069	13.000022376537457
300	8.016432	135.825	12.000000000000002
301	7.691268	139.025	12.0
302	8.442954	142.127	11.000021107882386
303	8.382054	140.417	11.99997151342074
304	9.059010	147.900	11.0
305	8.943698	148.636	11.000026911380823
306	9.306201	154.840	10.0
307	9.456389	156.660	10.0
308	9.511615	159.530	10.0
309	9.589505	161.570	10.0
310	9.719965	163.860	9.999999999999998
311	9.814306	163.280	10.0
312	10.195560	173.411	9.000005766646868
313	10.541252	177.533	9.000016898266802
314	10.516583	179.189	8.999994419300293
315	10.618754	179.567	8.999983293144062
316	10.752845	189.800	8.0
317	10.776282	184.711	9.000005413862738
318	12.474198	234.014	7.0000085464972175
319	12.284612	231.443	6.999995679281723
320	5.144279	120.616	18.99996683690389
321	5.145124	120.274	18.99995011390658
322	5.498238	122.224	16.9999345464066
323	5.387565	120.067	17.99995002790109
324	5.751110	123.435	17.000040507149514
325	5.705172	123.600	17.0
326	6.361466	129.800	14.999999999999998
327	6.267303	130.440	15.0
328	6.591953	132.667	14.999962311652483
329	6.695027	132.727	14.999962328689717
330	6.984707	137.646	13.000014530026302
331	6.960212	137.850	14.000000000000002
332	7.279473	138.907	14.000014398122484
333	7.257273	139.715	13.000035787138103
334	8.014368	144.200	12.000000000000002
335	7.853634	145.733	12.000027447455277
336	8.397493	155.300	10.999999999999998
337	8.195913	153.742	11.999973982386077
338	8.649423	156.964	10.999974516449631
339	8.378758	158.642	11.999974785996143
340	9.027816	162.309	11.000006161087802
341	8.963699	163.773	10.999981681962229
342	9.251522	167.490	10.0
343	9.033227	168.880	10.0
344	9.809199	181.767	8.999983495353943
345	9.567326	183.130	10.0
346	9.836923	185.180	10.0
347	9.848407	185.840	10.0
348	10.010917	192.080	10.0
349	9.929360	193.856	8.999979366127436
350	11.670189	243.237	8.00001644486653
351	11.524709	237.687	8.000016828854754
352	4.909256	123.190	20.000000000000004
353	4.872524	121.210	20.0
354	5.030547	123.045	20.0
355	5.049380	123.679	18.999991914552997
356	5.349957	125.872	18.000031778314476
357	5.394495	126.094	18.00006344473171
358	6.092328	131.800	16.0
359	6.066326	132.793	15.000037652587109
360	6.254980	135.567	14.999963117867917
361	6.279425	135.450	16.0
362	6.628499	140.529	13.999957304186326
363	6.564161	140.607	14.0000142240429
364	6.830908	144.157	14.000013873762633
365	6.873356	145.064	14.000027574036288
366	7.445464	146.569	13.0000204681754
367	7.402774	149.085	12.999966462085386
368	8.010052	159.000	11.0
369	7.932327	158.108	12.000025299162598
370	8.230456	164.455	10.999969596546167
371	8.217032	164.036	11.000024384891121
372	8.513372	169.609	11.000005895913542
373	8.471002	165.908	12.000024109747573
374	8.703401	172.273	10.999982585779549
375	8.414236	171.725	12.0
376	9.146921	184.709	11.000005413921357
377	9.185357	185.140	10.000000000000002
378	9.336282	194.310	10.0
379	9.237409	191.260	10.0
380	9.605387	201.010	10.0
381	9.430514	199.260	10.0
382	10.509842	247.825	8.0
383	10.750571	246.612	8.000016219810878
384	4.747385	124.433	21.000056255173465
385	4.806964	123.720	20.0
386	5.004901	125.337	18.999976064530028
387	5.007126	125.116	18.999968029668466
388	5.304333	127.179	18.999992137066656
389	5.226689	127.658	18.99998433314011
390	5.880298	134.459	16.99997768836597
391	5.882461	134.288	17.000029786727033
392	6.102299	139.467	14.999964149225264
393	6.102999	139.044	15.999971232127956
394	6.409396	143.393	15.00003486920561
395	6.196401	142.613	15.999943904132163
396	6.629960	147.500	14.0
397	6.624325	147.757	14.00001353573773
398	7.171523	152.100	13.0
399	7.150835	152.685	12.999967252840817
400	7.414757	162.417	11.999975372036179
401	7.439874	160.331	12.999981288708986
402	7.862023	168.058	12.000023801306693
403	7.886298	164.483	12.000024318622593
404	7.942733	172.250	12.0
405	8.120597	169.333	12.000023622093744
406	8.386297	179.809	11.000005561456879
407	8.408839	180.709	11.000005533758694
408	8.659667	187.727	11.000015980652757
409	8.790380	194.580	10.0
410	8.938274	197.691	10.99999494160078
411	8.980950	197.255	10.999974652100075
412	9.281612	203.390	10.000000000000002
413	9.140632	207.820	10.0
414	10.390704	256.322	9.000007802685685
415	10.102507	252.644	9.0000158325549
416	4.651956	126.748	20.999936882633254
417	4.658339	124.333	21.000056300419036
418	4.865081	127.100	20.0
419	4.914691	126.840	20.0
420	5.174986	130.274	18.99995394322735
421	5.212449	129.379	18.999992270770374
422	5.727169	137.076	17.000058361784706
423	5.733051	136.106	16.99998530557066
424	6.002766	140.937	16.00005676295082
425	5.907082	142.256	16.000028118321897
426	6.163629	145.775	16.0
427	6.182722	144.363	15.999944584138596
428	6.522951	150.500	14.0
429	6.354692	149.713	15.000033397233372
430	6.981629	155.286	13.999974241077753
431	6.881962	154.457	14.000012948587633
432	7.387481	165.746	13.000012066656208
433	7.367867	163.615	13.000030559545273
434	7.643527	172.458	12.000023194053044
435	7.660241	172.300	11.999999999999998
436	7.880777	178.583	12.000022398548575
437	7.669701	176.015	13.000028406669886
438	8.082427	181.033	12.000022095419068
439	8.098154	185.464	10.99997843247207
440	8.433183	198.445	11.00002519589811
441	8.354882	193.533	12.000020668309798
442	8.632388	199.983	12.000020001700145
443	8.691900	203.200	11.0
444	8.811581	207.664	10.999980738115418
445	8.958590	214.240	10.0
446	10.028924	259.756	8.999984600933185
447	9.976774	251.450	10.0
448	4.553039	127.627	22.000047011995896
449	4.614583	126.614	21.000047388124536
450	4.799216	129.000	20.0
451	4.823395	128.885	20.0
452	5.028630	131.390	20.000000000000004
453	4.976042	132.505	19.000037734425117
454	5.589988	139.000	17.0
455	5.663545	139.465	16.999964148711147
456	5.769275	143.571	16.999951243635554
457	5.823670	142.529	17.00004911281213
458	6.091440	148.219	15.999973012906578
459	6.106407	149.633	15.000033415088916
460	6.319888	152.600	15.0
461	6.269600	153.033	15.000032672691512
462	6.733946	157.300	13.999999999999998
463	6.852780	158.943	13.999987416872713
464	7.351244	170.523	13.00000586431156
465	7.301678	167.546	13.00001193702028
466	7.467611	176.169	13.000017029102734
467	7.485387	172.285	12.999970978320805
468	7.775613	182.817	11.9999781201967
469	7.749403	183.342	11.999978182849537
470	7.935014	185.108	12.000021609006634
471	7.891202	189.950	12.000000000000002
472	8.407472	199.091	10.999994977171243
473	8.354535	203.355	10.99997541245605
474	8.458999	209.864	10.999980940037357
475	8.573866	205.355	10.999975651919847
476	8.848091	219.110	9.999999999999998
477	8.830356	219.709	11.000004551474905
478	9.671323	264.340	10.000000000000002
479	9.795888	262.230	10.0
480	4.570869	130.033	21.00005383248868
481	4.511469	127.324	20.999968584084698
482	4.745999	129.519	21.00000772087493
483	4.729553	130.367	20.999946305430054
484	4.997746	133.789	19.00006727010442
485	5.074972	133.484	19.00002996613826
486	5.493172	141.072	18.00002835431553
487	5.499899	142.412	16.999971912479285
488	5.711463	145.506	16.999986254862343
489	5.696508	145.559	16.9999793898007
490	6.033387	151.144	15.999973535171758
491	6.065051	149.394	15.999973225162993
492	6.166484	154.931	16.000025817944763
493	6.270588	154.588	15.999948249540715
494	6.692009	158.647	14.9999684834885
495	6.733501	159.500	15.0
496	7.206391	170.177	12.999994123765259
497	7.024273	172.829	13.999965283604023
498	7.374935	176.515	13.000028326204571
499	7.347984	179.508	12.999977716870555
500	7.612468	181.654	12.999988990058023
501	7.539619	186.908	12.000021400903119
502	7.651656	193.192	11.999979295208911
503	7.876707	193.725	12.0
504	8.179370	203.383	12.00001966732716
505	8.294487	203.850	12.0
506	8.384556	212.258	12.00001884499053
507	8.249793	213.408	12.000018743439798
508	8.635449	219.555	10.999977226663022
509	8.585096	227.609	11.000004393499378
510	9.773599	270.930	10.0
511	9.502206	275.330	10.000000000000002
512	4.415964	130.145	22.000076837373694
513	4.449641	128.455	21.999922151726285
514	4.598797	130.071	21.00006919297922
515	4.607773	130.400	21.0
516	4.910188	133.005	20.0
517	4.935702	134.235	19.999999999999996
518	5.410685	142.089	17.99998592431504
519	5.386461	140.800	18.0
520	5.653931	145.235	17.000034426963197
521	5.611838	146.441	17.00002048606606
522	5.806327	150.300	16.999999999999996
523	5.917918	149.729	17.000046751130373
524	6.147558	156.300	14.999999999999998
525	6.053342	156.600	16.0
526	6.576152	162.657	14.00001229581266
527	6.650721	162.200	14.000000000000002
528	7.027582	173.146	13.000011550945446
529	7.070824	172.343	13.999988395235086
530	7.299421	176.746	13.000011315673337
531	7.301107	179.969	13.000016669537532
532	7.425985	187.600	13.000000000000002
533	7.505311	184.446	13.000010843282046
534	7.692054	193.858	12.00002063365969
535	7.764498	195.133	12.000020498839252
536	8.181210	203.142	11.999980309340264
537	8.133444	209.509	11.000004773064642
538	8.216976	216.673	10.999986154250877
539	8.285402	217.945	11.000022941567828
540	8.488290	220.067	11.999981823717324
541	8.553392	223.036	11.000017934324504
542	9.445143	279.550	10.0
543	9.574791	276.790	10.0
544	4.353111	131.359	22.000015225450863
545	4.326025	127.752	23.000031310664415
546	4.587246	130.243	20.999976966132536
547	4.603656	130.690	21.000076516948504
548	4.832446	133.425	20.0
549	4.876429	133.890	20.000000000000004
550	5.372177	140.900	17.999999999999996
551	5.303805	142.094	18.00005630075865
552	5.622414	146.194	17.000013680452003
553	5.561543	147.059	16.99997960002448
554	5.811296	150.594	17.000013280741598
555	5.816226	149.853	16.99999332679359
556	6.108601	156.906	16.000025492970313
557	6.021462	155.338	15.999948499401306
558	6.527140	161.233	15.000031011021317
559	6.433173	161.127	14.999968968577582
560	7.005501	173.321	14.000034617847808
561	6.952308	173.371	14.000034607864059
562	7.189168	180.977	12.999994474435976
563	7.237600	181.162	12.999966880471622
564	7.438118	187.942	11.999978716838173
565	7.517219	187.600	13.000000000000002
566	7.517565	190.362	12.999968481104421
567	7.601396	190.638	13.000031473263464
568	8.041655	210.236	11.000019026237181
569	7.916934	209.525	12.0
570	8.264638	210.325	12.000000000000002
571	8.215886	211.900	12.0
572	8.433650	219.875	12.0
573	8.466655	224.709	11.000004450200038
574	9.458202	281.410	9.999999999999998
575	9.459817	275.990	10.0
576	4.373438	130.745	22.000076484760413
577	4.362289	128.674	22.999984456844427
578	4.568578	131.152	21.00006099792607
579	4.585820	131.424	20.999969564158754
580	4.871507	133.560	20.0
581	4.877670	134.495	20.0
582	5.284253	142.442	19.000014040802572
583	5.394682	141.772	18.000028214315947
584	5.569474	146.222	18.000027355664674
585	5.599106	145.939	17.99998629564407
586	5.811594	149.771	16.999953261979957
587	5.804491	152.688	15.999947605574768
588	6.038511	156.838	15.999948991953483
589	6.015252	158.019	15.999974686588322
590	6.562953	162.173	15.000030831272776
591	6.540625	161.147	14.9999689724289
592	6.943814	175.015	13.000028568979802
593	6.996837	174.014	14.000022986656244
594	7.084673	178.993	13.999988826378686
595	7.179334	182.323	13.000005484771531
596	7.356958	187.431	12.999983994109831
597	7.393152	185.354	12.999989209836311
598	7.608261	194.783	12.000020535673032
599	7.515538	196.400	12.999999999999998
600	7.991181	206.133	12.00001940494729
601	8.052971	211.245	11.00002366919927
602	8.196744	212.983	12.000018780841664
603	8.184077	213.417	11.999981257350633
604	8.483975	221.264	10.999981922047871
605	8.425948	226.309	11.000004418737214
606	9.423152	281.830	10.000000000000002
607	9.397801	274.620	10.0
608	4.339295	130.896	22.99993888277717
609	4.295692	129.377	22.00004637609467
610	4.531377	130.545	22.00007660193803
611	4.558667	131.100	21.0
612	4.805857	132.900	21.0
613	4.862732	133.665	20.000000000000004
614	5.367908	141.567	17.999957617241304
615	5.378021	142.039	17.999985919360174
616	5.533954	147.594	17.000013550686344
617	5.621691	146.518	16.999959049400076
618	5.842179	150.982	17.000039739836534
619	5.822206	150.953	16.999993375421486
620	6.001992	156.794	15.999974488819722
621	6.041582	155.956	16.00002564825977
622	6.428649	161.613	15.000030938105226
623	6.523158	163.413	15.000030597320896
624	6.975307	171.800	13.999999999999998
625	6.908472	175.092	13.000022845132843
626	7.141381	179.877	12.999994440645551
627	7.122334	180.546	13.000011077509333
628	7.397546	185.885	12.99997310164887
629	7.453258	183.600	13.000000000000002
630	7.522330	194.900	12.0
631	7.549137	195.467	11.999979536187693
632	7.881674	208.258	12.00001920694523
633	8.058169	204.275	12.0
634	8.132219	219.618	11.000009106721672
635	8.192048	220.191	10.999995458488312
636	8.294858	228.973	10.999986898018543
637	8.395381	228.127	11.00001315056964
638	9.448809	272.000	10.0
639	9.596317	282.111	9.000003544704036
640	4.340167	130.661	22.999977039820603
641	4.360187	129.173	21.999953550664614
642	4.569084	131.233	21.000053340242165
643	4.617927	130.605	20.99996171662647
644	4.871251	133.280	20.0
645	4.856345	133.835	19.999999999999996
646	5.355573	141.406	17.999943425314342
647	5.355459	142.661	18.00001401924843
648	5.614748	146.371	16.99995217631908
649	5.643166	147.718	16.99995938206583
650	5.862333	151.381	16.000026423395273
651	5.842172	152.047	17.00000657691372
652	6.066760	155.163	15.99994844131655
653	6.085253	157.319	15.999974573954832
654	6.486227	163.521	14.000036692534906
655	6.483691	162.940	15.0
656	7.029782	170.407	14.000011736607062
657	6.989308	175.231	12.999982879741598
658	7.260528	179.646	13.000011133006025
659	7.264315	182.969	13.000016396220124
660	7.510469	186.792	13.000021414193329
661	7.380184	190.685	12.999973778745051
662	7.704185	191.638	13.000031309030568
663	7.711510	193.431	12.999984490593544
664	8.083237	205.825	12.000000000000002
665	7.939194	205.600	12.0
666	8.262653	216.100	11.0
667	8.160241	217.727	11.000013778722895
668	8.425163	226.418	11.000008833219972
669	8.525909	230.264	10.999982628634958
670	9.462336	273.840	10.000000000000002
671	9.467385	283.522	9.00000705412631
672	4.380768	130.418	22.00003067061295
673	4.399048	128.809	22.00001552686536
674	4.622106	130.195	22.000076807865128
675	4.647681	130.482	21.99996934443065
676	4.907190	135.040	20.000000000000004
677	4.918726	134.240	20.0
678	5.386424	142.083	18.000042228838073
679	5.393496	141.800	18.0
680	5.677048	147.835	17.000033821490174
681	5.722218	146.871	16.999952339127535
682	5.923021	151.529	17.000046195777706
683	5.893568	151.718	16.999960452945597
684	6.117720	155.412	16.000051476076493
685	6.130443	158.563	15.999949546867807
686	6.612587	161.047	14.99996895316274
687	6.616567	163.993	13.999987804357504
688	7.009728	172.407	14.000011600457055
689	7.067948	173.114	14.000023106161256
690	7.278386	182.462	12.999967116440684
691	7.212005	180.654	12.999988929113112
692	7.430729	186.408	12.99997854169349
693	7.423358	184.654	12.999989168932165
694	7.739164	194.958	12.00002051723961
695	7.673284	195.683	12.000020441223816
696	8.023394	210.255	10.999976219352693
697	8.000537	209.617	11.99998091757825
698	8.346789	214.150	12.0
699	8.231081	217.750	12.0
700	8.362996	231.200	11.0
701	8.370860	229.491	10.999995642530644
702	9.424358	284.630	10.0
703	9.477135	281.130	10.0
704	4.445783	131.395	22.00007610639674
705	4.473344	129.550	21.999999999999996
706	4.647632	131.757	21.000022769188735
707	4.688023	131.845	20.0
708	4.953771	133.590	20.0
709	4.960067	135.111	18.999933388103116
710	5.468564	140.967	17.99995743684692
711	5.529085	142.724	16.999943947759313
712	5.708756	146.659	16.999979544385276
713	5.757614	147.129	17.000047577296115
714	5.972560	152.412	16.000052489305304
715	5.936630	153.294	15.999973906349888
716	6.194775	154.888	15.99994834977532
717	6.205966	159.073	15.000031432109784
718	6.648902	162.757	14.000012288257954
719	6.663927	163.179	13.999963230562756
720	7.060764	174.786	13.9999771148719
721	7.064516	173.700	14.000000000000002
722	7.318181	177.946	13.000011239364753
723	7.338626	182.577	12.999994522858849
724	7.533321	189.542	11.999978896497874
725	7.518902	191.133	12.00002092783559
726	7.738628	194.892	11.999979475812244
727	7.667540	197.792	11.999979776735156
728	8.180292	210.864	10.999981030427195
729	8.107221	212.900	11.0
730	8.229254	217.217	11.99998158523504
731	8.197908	218.183	12.000018333234028
732	8.485584	224.927	11.000013337660663
733	8.449536	229.391	10.999995640631063
734	9.512975	285.178	8.999992986836292
735	9.542908	280.350	10.0
736	4.512370	132.219	21.000007563209525
737	4.549230	129.345	22.000077312613552
738	4.723888	131.625	20.0
739	4.756969	131.471	21.000068456161436
740	5.032154	135.026	19.00004443588642
741	5.051042	135.379	18.999992613329983
742	5.541848	142.482	17.00004211058239
743	5.620415	143.218	16.999958105824685
744	5.773153	147.000	17.0
745	5.846670	148.662	16.0000538133484
746	6.023843	151.381	16.000026423395273
747	6.055630	153.869	15.999974003860427
748	6.286520	155.150	16.0
749	6.261184	156.081	16.000025627718944
750	6.744914	163.643	13.999987778273436
751	6.764844	161.929	13.999962946723564
752	7.099033	173.486	13.999976943384482
753	7.167904	174.464	14.000022927366103
754	7.328166	178.546	13.000011201595107
755	7.324435	182.815	13.000027350053331
756	7.551100	188.942	11.999978829482064
757	7.575774	190.625	12.0
758	7.786629	195.358	12.000020475230091
759	7.720731	195.985	12.999974487843458
760	8.193407	209.225	12.0
761	8.158442	209.383	12.000019103747677
762	8.468087	213.873	10.999985972983968
763	8.358858	219.364	10.999981765467442
764	8.508006	230.018	11.000008694971697
765	8.433388	225.992	11.999982300258417
766	9.506000	275.180	10.0
767	9.513100	289.800	8.999999999999998
768	4.548840	131.395	21.00003805319837
769	4.555773	129.295	22.000077342511315
770	4.771499	131.600	20.0
771	4.774094	132.220	20.0
772	5.059062	134.215	20.0
773	5.055355	134.550	20.0
774	5.568542	143.465	16.99996514829401
775	5.611837	144.588	17.000027664813125
776	5.821329	148.500	16.0
777	5.851850	148.865	16.99996641252141
778	6.037788	150.888	15.999946980541857
779	6.039148	153.500	16.0
780	6.314185	158.267	14.99996840781717
781	6.284106	159.500	15.0
782	6.742277	164.786	13.999975726093236
783	6.757563	162.560	15.0
784	7.117275	173.450	14.000000000000002
785	7.096176	174.286	13.999977049217952
786	7.420837	183.085	12.99997269028047
787	7.414818	182.031	12.999983519290671
788	7.564364	191.575	12.000000000000002
789	7.540224	192.392	11.999979209114723
790	7.758700	197.067	11.99997970233474
791	7.718133	199.308	12.000020069440263
792	8.070299	212.955	10.999976520861214
793	8.149112	212.918	11.000009393287556
794	8.380073	218.682	10.99999085429985
795	8.436783	223.164	10.999982075962075
796	8.585044	233.980	10.000000000000002
797	8.575645	233.418	11.000008568319496
798	9.518982	277.820	10.0
799	9.454179	290.389	8.999996556343387
800	4.575383	131.490	21.000076051410755
801	4.585437	129.832	21.999969190954467
802	4.797568	132.720	20.0
803	4.833566	132.515	20.000000000000004
804	5.103768	135.063	19.000022211856688
805	5.061733	134.779	18.99999258044651
806	5.615097	143.694	17.00001391846563
807	5.655385	145.059	16.99997931875995
808	5.834406	148.563	15.999946150791247
809	5.853850	148.635	17.00003363945235
810	6.097033	153.753	15.000032519690675
811	6.089385	154.100	16.0
812	6.321121	156.381	16.00002557855494
813	6.293176	158.456	16.00002524360075
814	6.750679	161.960	15.0
815	6.812590	164.300	13.999999999999998
816	7.162837	176.564	14.000022654674794
817	7.146626	176.507	14.00001133099537
818	7.402793	181.208	12.999977925919385
819	7.357095	185.969	13.000016131720878
820	7.551347	191.475	12.0
821	7.656127	192.275	12.0
822	7.767649	198.792	11.999979878465934
823	7.848170	194.417	11.999979425667508
824	8.214660	209.142	11.999980874238554
825	8.078833	210.558	12.00001899714093
826	8.336909	223.545	11.00002236686126
827	8.393958	225.927	11.000013278625396
828	8.519351	227.675	11.999999999999998
829	8.655076	230.645	11.000021678336838
830	9.422448	290.690	10.0
831	9.453254	281.820	10.0
832	4.618595	132.905	20.999962379142996
833	4.621594	130.557	21.000022978469175
834	4.828279	131.629	20.999931626009467
835	4.831408	131.833	21.000053097479388
836	5.086946	136.147	19.000051415014656
837	5.123911	137.358	18.99998543950844
838	5.614906	144.494	17.00001384140518
839	5.654035	144.056	17.999944466040983
840	5.880929	149.512	16.000053507410776
841	5.873937	150.150	16.0
842	6.084621	153.588	15.999947912597339
843	6.100713	153.212	16.000052215231186
844	6.347183	160.040	15.0
845	6.349278	160.380	15.0
846	6.795706	163.379	13.999963275573974
847	6.823982	166.950	14.000000000000002
848	7.219913	175.100	13.000000000000002
849	7.153265	178.169	13.000016837945994
850	7.412239	186.162	12.999967770006768
851	7.380691	184.746	13.000010825674167
852	7.634790	193.217	11.999979297887865
853	7.561464	194.917	11.999979478444672
854	7.822733	199.333	12.00002006692319
855	7.795565	202.317	11.999980229046496
856	8.257523	209.650	12.0
857	8.201921	209.967	11.999980949387284
858	8.444600	223.955	10.999977674086312
859	8.459746	219.582	10.999990891785302
860	8.529344	230.936	11.000017320816157
861	8.606491	237.255	10.999978925628545
862	9.472872	285.360	10.0
863	9.508702	292.690	10.0
864	4.650438	131.552	21.00006081245439
865	4.633271	130.681	20.99999234777818
866	4.855999	132.055	20.0
867	4.847405	132.870	20.0
868	5.133948	135.853	18.999948473717915
869	5.155167	137.279	18.999992715564655
870	5.642096	145.076	17.000055143510988
871	5.688067	143.971	16.99995137909718
872	5.909250	148.371	16.999952820969057
873	5.908199	149.129	17.00004693922711
874	6.101240	155.427	14.999967830557111
875	6.145144	155.581	16.000025710080283
876	6.346759	157.688	15.999949266906805
877	6.392997	158.867	14.99996852713276
878	6.802455	165.129	13.999963664771181
879	6.785744	167.979	13.99996428124944
880	7.174726	178.615	13.000027993169667
881	7.188665	177.221	14.000033856032863
882	7.467624	181.892	13.000021991071625
883	7.362702	187.708	12.99997869030622
884	7.588881	190.485	12.999973751214007
885	7.632848	191.585	12.999973901923427
886	7.809781	202.008	12.000019801195991
887	7.790692	198.354	12.999989917017048
888	8.140504	214.458	12.000018651670723
889	8.164175	214.142	11.99998132080582
890	8.417092	220.625	12.0
891	8.440633	223.127	11.000013445257634
892	8.517605	236.536	11.000016910745087
893	8.505792	231.236	11.000017298344549
894	9.499185	290.950	10.0
895	9.474200	295.689	8.999996618068307
896	4.642485	132.443	20.999977348746253
897	4.650230	131.538	21.000015204731714
898	4.858841	133.250	20.0
899	4.864281	132.495	20.0
900	5.143668	135.463	19.000022146268726
901	5.180834	136.558	18.99998535420847
902	5.693760	145.241	17.000020655324597
903	5.679648	146.929	17.00004764205841
904	5.918762	148.494	17.000013468557654
905	5.921267	149.353	16.999993304453206
906	6.110941	154.262	16.000051859822896
907	6.177750	157.893	15.000031667015005
908	6.336425	160.447	14.999968837061457
909	6.353620	162.373	15.000030793296915
910	6.779982	168.200	14.000000000000002
911	6.778327	169.000	14.0
912	7.237163	177.350	14.000000000000002
913	7.185547	179.871	14.000033357239353
914	7.445966	183.931	12.999983689535748
915	7.440544	188.458	12.000021224888304
916	7.558013	193.869	13.000015474366712
917	7.620686	194.438	13.000030858165585
918	7.760985	198.669	13.000015100493785
919	7.828024	200.183	12.00001998171673
920	8.261671	216.973	10.999986173394845
921	8.190651	218.264	10.999981673569621
922	8.427570	225.045	11.000022217778668
923	8.361903	229.555	10.999978218727538
924	8.596499	238.355	10.999979022886032
925	8.639762	234.573	10.999987210804314
926	9.434914	295.280	10.000000000000002
927	9.404056	287.320	10.0
928	4.642000	133.224	20.999969975379813
929	4.668782	132.248	20.999939507591797
930	4.861836	134.230	20.0
931	4.879044	135.010	20.0
932	5.142615	137.528	17.99997091501367
933	5.194700	137.179	18.999992710254485
934	5.714830	145.588	17.000027474791878
935	5.711815	147.153	16.999993204351934
936	5.946486	148.753	16.999993277446507
937	5.962484	150.665	16.99996681379219
938	6.162672	153.925	16.0
939	6.177150	157.213	15.000031803985674
940	6.363144	160.820	15.000000000000002
941	6.411662	162.907	14.999969307641782
942	6.813172	169.036	13.999976336401714
943	6.776290	169.857	14.000011774610408
944	7.272869	178.038	13.000033700670642
945	7.220321	181.500	13.0
946	7.385409	189.000	13.0
947	7.429451	186.977	12.99999465174861
948	7.578201	196.592	11.999979653292096
949	7.613570	196.033	12.000020404727776
950	7.724118	202.733	12.000019730384299
951	7.829670	204.075	12.000000000000002
952	8.269741	219.973	10.999986361962604
953	8.187999	222.218	11.000009000171005
954	8.356986	229.327	11.000013081756618
955	8.381311	229.445	11.00002179171479
956	8.505137	232.708	12.000017188923458
957	8.545494	236.927	11.000012662127997
958	9.322438	297.810	10.0
959	9.468005	291.160	9.999999999999998
960	4.677551	133.738	21.00001495461275
961	4.678796	132.386	20.9999546779871
962	4.898142	132.600	20.0
963	4.896268	133.925	20.0
964	5.181926	135.563	19.00002212993221
965	5.234631	136.295	18.999963314868484
966	5.710926	145.365	16.99996560382485
967	5.777027	147.931	16.00002703963334
968	5.952474	150.756	16.000026532940645
969	5.962620	152.669	15.99997379952708
970	6.217441	156.713	15.999948951267605
971	6.194872	156.362	16.00005116332613
972	6.389957	163.887	14.999969491173797
973	6.416302	161.960	15.0
974	6.799784	168.971	14.000035509051848
975	6.901287	171.143	13.999988313866181
976	7.178463	179.479	13.999966569905112
977	7.211661	180.062	12.999966678144196
978	7.461692	187.415	13.000026678761039
979	7.400927	187.554	12.999989336404449
980	7.752344	195.367	11.999979525713146
981	7.657663	198.408	12.000020160477401
982	7.905167	203.808	12.000019626314963
983	7.911734	201.267	11.999980125902407
984	8.200070	219.682	10.999990895931392
985	8.205018	220.064	10.999981823469536
986	8.335645	227.364	10.999982407065323
987	8.419077	229.891	10.999995650112446
988	8.651107	238.800	10.0
989	8.484452	240.536	11.000016629527389
990	9.411238	297.290	10.0
991	9.367249	295.110	10.0
992	5.322435	138.161	18.000014475865115
993	5.226104	137.211	18.000014576090837
994	5.679780	138.841	17.00002160745025
995	5.609530	141.294	18.000056619530906
996	6.059246	144.656	16.000027651808427
997	5.814249	145.035	17.000034474437204
998	6.307444	153.980	15.0
999	6.532658	155.960	15.0
1000	6.819292	160.493	13.999987538397315
1001	6.945037	159.436	13.999974911563259
1002	6.748552	165.179	13.999963675769923
1003	7.119462	167.923	13.000005955110378
1004	6.982836	171.636	13.99997669486588
1005	7.332668	171.108	12.999976622951586
1006	7.651656	177.050	11.999999999999998
1007	7.595998	179.577	12.999994431358136
1008	7.945573	189.708	12.00002108503595
1009	8.173696	196.555	10.999974561827477
1010	8.433102	200.491	10.999995012244938
1011	8.240035	204.273	10.999985313771276
1012	8.611205	210.418	11.000009504890265
1013	8.595698	207.918	11.00000961917679
1014	8.790818	218.980	10.000000000000002
1015	8.603107	218.982	10.999990866829238
1016	9.128596	229.145	11.000021820244822
1017	9.656677	233.120	9.999999999999998
1018	9.291413	237.673	10.999987377615463
1019	9.374892	245.270	9.999999999999998
1020	9.680977	259.178	8.99999228329565
1021	9.637881	261.878	8.999992362855988
1022	10.152441	318.522	9.000006279001136
1023	10.684266	308.156	8.999987019561521
