-1	0	90	0
0	10.707272	96.983	326.9985461369518
1	10.120299	98.254	346.0011806135119
2	11.363737	98.021	308.00032646065637
3	10.936642	99.185	320.0010082169683
4	12.348337	98.695	282.9991387608288
5	11.668163	99.880	300.0
6	14.117548	100.257	247.99964092282832
7	13.242194	101.075	269.0012367054168
8	15.009998	101.134	233.00077125397985
9	13.991516	102.722	250.0
10	15.708253	101.730	226.9989187063796
11	14.729571	103.384	236.99895535092472
12	16.237781	103.083	216.00069846628446
13	15.444604	104.223	227.00075799007897
14	17.227904	103.792	202.99926776630184
15	16.369918	105.259	212.99936347485723
16	18.926307	106.178	190.00075345175085
17	17.868588	108.006	196.00022220987722
18	19.451671	107.477	179.00015817337663
19	18.507527	108.816	188.9997794441994
20	20.558596	108.646	170.00073633635847
21	19.280623	109.892	181.00043679248716
22	21.347922	109.791	164.0006922243171
23	19.843972	111.039	176.00032421041257
24	22.485226	112.167	155.0001337291717
25	21.326544	113.986	163.99996490797116
26	23.494348	113.965	149.0001316193568
27	22.001524	115.236	158.9997917317505
28	24.071267	115.336	144.99982659360478
29	22.817858	115.956	158.00044844596223
30	30.693082	141.975	113.99964782532136
31	28.751084	143.412	120.99963740830613
32	19.389674	99.320	180.0
33	18.796647	100.658	185.99912575254822
34	21.046555	100.314	166.00075762106985
35	20.123869	101.468	173.99968462963693
36	22.449170	101.197	155.00064231153098
37	21.634086	102.273	167.00008799976533
38	25.229382	103.608	137.99996139294262
39	24.515975	104.856	141.99950408178836
40	27.031488	104.098	133.9996925973602
41	25.885792	105.583	139.99981057556616
42	28.571777	105.740	122.00018914318139
43	27.214385	107.196	129.0001492593007
44	29.716470	107.203	118.00042909246942
45	28.506784	108.495	122.00009217014608
46	31.645279	108.301	109.99990766474917
47	30.260216	109.732	115.00018226223892
48	34.399387	111.049	100.99955875334311
49	33.037227	112.214	106.00014258470424
50	35.810805	112.288	96.99967939583927
51	34.176515	112.621	107.00047060494934
52	36.857994	113.978	93.99971924406465
53	35.453739	115.289	97.99980917520318
54	39.020624	115.169	88.999644001424
55	36.724153	116.829	95.00038517833757
56	41.707653	118.950	83.99999999999999
57	39.333369	117.297	97.99994884779663
58	43.112061	120.963	80.9999751990278
59	41.234859	122.344	84.00003269469693
60	44.669393	122.955	78.0000813305681
61	41.980236	124.347	82.99999195798853
62	49.718695	150.801	69.00020556892859
63	51.621872	151.918	66.99996050500928
64	29.240354	102.076	119.00054861083899
65	28.128652	102.866	125.00048606925515
66	31.357680	103.185	111.99980617337792
67	30.162108	104.358	115.99973169282661
68	34.045127	104.018	101.99965390605472
69	32.410454	105.703	106.999801330142
70	38.091655	106.621	91.9996998715075
71	36.989541	108.180	93.99981512294323
72	40.592593	108.020	85.99981484910202
73	38.844088	109.461	90.00009135673893
74	42.498677	109.574	81.00005475751547
75	40.903802	110.852	84.99981957925883
76	45.418765	111.208	75.9999280627293
77	43.228879	112.588	80.99975130564538
78	47.113945	112.705	74.0002661816246
79	45.191541	114.127	77.00018400553769
80	51.818585	116.109	66.99997416220965
81	49.200367	117.458	70.99984675373325
82	53.561826	117.837	64.99995756850564
83	51.490523	119.301	68.00026822910118
84	56.234029	120.318	61.999867019066144
85	53.927356	121.625	64.0
86	58.053773	122.286	59.00021261632566
87	55.297962	123.279	62.00001622336327
88	61.885411	126.962	56.00022053842882
89	59.265227	127.852	57.999874855301435
90	64.474476	129.736	52.99993833631375
91	60.175819	130.149	57.00005378450852
92	66.176044	132.181	51.999909215394034
93	63.355386	132.952	53.999939827907816
94	79.890037	163.612	42.99990220766203
95	74.839030	164.576	46.00002430488042
96	39.164793	104.655	89.00004777602598
97	38.049465	105.429	90.99963008280454
98	41.468581	105.358	84.00026576054975
99	40.930923	106.898	84.99971935864095
100	45.083074	106.834	76.99983151431192
101	43.666280	108.320	80.00000000000001
102	50.750168	109.799	68.9997176659168
103	49.590251	111.481	69.00009867152251
104	54.338421	111.431	64.00014358661414
105	52.353920	113.000	66.0
106	57.131912	113.598	61.00019366538143
107	54.462965	115.171	63.0002344340155
108	60.300534	115.893	56.99999137135116
109	57.762983	116.778	60.00017126513555
110	63.699956	117.648	54.00006799945601
111	60.942617	118.861	57.00019350333583
112	67.483853	121.414	50.9998846920454
113	65.285310	122.594	53.000146826108946
114	71.404633	124.115	47.99983885912259
115	68.388017	125.318	50.0
116	73.856437	126.191	47.00018226339438
117	70.972587	127.567	47.99987457571316
118	76.148235	129.460	44.99999999999999
119	73.176987	129.928	46.99987685487347
120	82.742890	135.012	41.00005925399224
121	78.516125	135.120	44.00014801657785
122	85.095476	138.020	40.0
123	81.657875	138.169	42.00001447502696
124	87.783394	141.015	39.000106371662596
125	83.128396	141.088	40.99994329779996
126	100.113515	170.894	34.00002340632204
127	96.085095	170.911	35.00008776497709
128	47.228570	106.293	74.0001693432305
129	45.905019	107.034	76.0001494852103
130	50.413130	107.320	69.00018635855386
131	48.970515	109.204	71.00014651477969
132	54.181674	109.270	64.0001830328544
133	52.762889	110.517	65.99980093560268
134	61.313957	113.123	56.99990276071179
135	59.624841	114.095	57.99991235374031
136	64.982894	114.955	52.999869514157716
137	62.859704	116.182	54.999913928147215
138	69.291913	117.244	50.0
139	66.660110	118.406	51.999898653784435
140	71.771183	119.727	48.00003340933958
141	70.011392	120.627	48.99980932958625
142	75.847516	122.047	44.999877096528394
143	72.883054	122.872	47.00013021681099
144	82.770579	126.281	41.9999841623047
145	79.681490	127.256	42.99993713459483
146	86.689933	129.423	39.00002317980575
147	83.470770	130.588	40.999938738628366
148	88.812818	132.205	39.000037820052185
149	85.859295	132.487	40.00015095820722
150	92.848797	135.403	36.999918761031886
151	89.129147	136.653	37.99989755073069
152	100.735115	142.345	33.000105377779335
153	95.680696	141.786	36.00002821153005
154	102.790145	145.473	32.999938132849394
155	98.152907	145.886	34.999931453326575
156	106.097443	149.159	32.000080451062296
157	101.829091	149.235	34.00006700840955
158	120.297868	181.564	28.000044061598118
159	114.497581	181.333	30.000055147160197
160	54.759279	108.166	63.99977811881738
161	53.163782	109.042	66.0002567817905
162	58.743760	109.258	58.999798641747056
163	57.286815	111.000	60.0
164	62.394304	111.345	55.99982037810409
165	61.382936	112.730	56.99991129246873
166	71.383833	115.838	47.999792814102456
167	69.124506	117.186	48.99988053180414
168	76.033774	118.424	45.99996622306289
169	73.933308	119.666	46.999983286814974
170	79.693721	120.742	42.99995030726673
171	78.029103	122.048	43.999901678028316
172	84.661576	123.410	40.99991896928936
173	81.625706	124.500	42.0
174	88.587610	126.095	38.99996034735715
175	85.969603	126.853	39.99984233719345
176	95.399577	131.825	36.0
177	93.500482	132.422	36.00006041292232
178	100.104574	135.050	33.99999999999999
179	97.249940	135.709	34.99988946937933
180	104.590039	137.421	33.00005093835731
181	101.461889	138.559	33.99995669714706
182	109.236264	141.526	30.999957604963043
183	103.530546	141.497	32.999992932712345
184	117.528276	150.110	29.000066617813598
185	112.192141	149.103	30.000067067731703
186	120.450506	152.438	28.999986879911834
187	114.760949	153.462	29.000013032542256
188	125.008805	156.848	27.00002550239722
189	118.626616	156.824	29.00002550630005
190	138.708002	187.958	24.000042562700177
191	133.927288	187.068	24.999999999999996
192	64.984806	111.262	53.000125829124045
193	62.964041	111.049	55.000045025169065
194	68.743335	112.474	50.0
195	68.295782	113.494	50.0
196	74.566006	114.898	45.999930373026515
197	71.958738	115.712	48.00020741150442
198	84.539705	119.685	41.000125328988595
199	82.274046	120.648	41.99986738279955
200	89.965181	122.711	37.99985331388384
201	86.510949	123.470	40.0
202	95.963624	126.089	35.99996827637621
203	91.973337	126.532	37.00012645022603
204	100.025880	127.717	35.00003914905612
205	96.641744	129.034	35.000077498953765
206	104.099939	131.094	32.99998474377165
207	100.956404	131.335	34.000076141165714
208	113.883590	137.073	30.00007295382752
209	110.616868	137.381	30.999919930703665
210	119.241881	141.079	29.000063794044472
211	113.879469	141.887	29.99992952137969
212	123.343044	144.722	27.000041458796865
213	118.928566	144.810	29.00006905600442
214	125.969459	149.248	27.00002680102916
215	122.466029	149.136	27.999946357686945
216	135.124920	156.652	25.000000000000004
217	131.054576	157.288	26.000076293169215
218	139.914125	162.963	23.9999263636531
219	135.207266	162.652	25.000000000000004
220	142.901393	167.865	23.00002978583981
221	137.536627	165.988	25.0
222	162.640781	202.090	20.0
223	155.725707	201.186	22.000039764198306
224	73.511673	113.940	47.00017553098122
225	71.126232	114.254	48.00007001943039
226	79.178810	114.193	43.000008757104204
227	77.216497	115.131	45.00004342878981
228	77.775960	116.829	44.99995720240694
229	82.406828	118.802	42.00013467786737
230	95.214807	122.583	36.00009789285627
231	93.562898	123.722	36.99988684308369
232	100.971492	126.124	33.999873140718655
233	97.964218	126.491	35.00011858551201
234	105.771793	128.855	32.99988359008188
235	103.307640	129.721	33.000053961964525
236	110.927819	131.735	31.00011386495616
237	108.196975	132.425	32.0
238	116.612284	135.931	29.000007356673603
239	113.155692	135.660	30.000000000000004
240	125.716117	141.933	27.00006341020059
241	123.583665	142.157	28.000028137903865
242	131.589793	146.581	25.9999590670005
243	128.470772	148.135	25.999932494008846
244	136.661029	150.252	25.0
245	131.810953	151.492	26.000052808069075
246	139.877394	154.500	24.0
247	135.177648	154.848	24.999999999999996
248	148.981523	165.065	23.000030291097445
249	145.150022	162.921	23.999975448223374
250	153.436812	170.268	22.000023492376723
251	150.207648	170.286	22.000046979786948
252	159.111632	175.024	20.999977145991405
253	152.864773	176.764	21.999954741915776
254	176.616459	214.600	19.0
255	171.474661	212.350	20.0
256	77.573432	115.453	45.000129922998966
257	76.012248	115.157	45.99980895646813
258	84.144109	116.502	41.000154503785346
259	82.918165	116.674	41.99993143288136
260	89.979595	119.413	38.99994137991676
261	88.387882	120.444	38.999867158181395
262	101.618436	125.679	34.00011139490289
263	99.485427	126.449	34.99988137509984
264	106.570551	129.675	32.0
265	105.285103	129.427	33.00006953726812
266	113.649178	133.130	30.0
267	111.607347	132.916	31.000030094194827
268	118.826100	136.438	28.999985341327196
269	116.011454	137.159	28.999919801106746
270	123.495213	139.793	27.999971386263972
271	121.472943	141.536	27.999943477277867
272	136.096686	149.108	24.999999999999996
273	132.107114	150.838	26.000079555549664
274	142.424627	156.458	24.00005113193317
275	138.371639	154.768	25.0
276	148.243018	160.217	23.00005617381426
277	143.358908	160.565	23.000031140036747
278	151.970413	164.143	23.00006701473715
279	149.500065	164.113	23.0000060933625
280	161.767740	176.329	20.999948959048144
281	158.921835	174.977	22.000034290221
282	167.288998	183.070	20.0
283	165.055360	181.252	21.000044137444
284	173.521313	190.426	19.00003150830244
285	168.141995	189.795	20.000000000000004
286	196.116375	241.182	17.00002487747842
287	192.667624	238.633	18.00002514321154
288	81.501808	117.383	42.00011926769635
289	82.348889	116.533	42.000120137643414
290	88.701122	117.977	38.99997457131475
291	87.485177	118.495	38.99995780412676
292	95.833559	121.192	35.99990098356327
293	95.560816	122.017	35.99990165304835
294	107.768886	128.047	31.9999687614704
295	106.319112	128.475	32.0
296	113.723110	132.187	29.999924349595645
297	112.721368	132.027	29.999924257916945
298	121.951802	135.271	28.000088710810154
299	119.957232	135.710	29.000073686537466
300	127.521259	140.007	27.000078567500193
301	125.988595	140.448	27.000028480291636
302	134.533465	143.740	25.0
303	132.256088	144.438	26.000083080629754
304	145.132952	153.687	22.999993493268786
305	144.702526	153.870	22.99993501007344
306	151.260348	157.665	23.000031712808806
307	150.312173	157.009	22.99995541656848
308	157.362484	164.495	21.00003039606067
309	156.181948	163.527	22.000036691188612
310	162.373055	170.340	20.0
311	159.870046	168.281	20.99999405755849
312	173.499573	180.226	19.000033291533963
313	172.222416	181.020	20.0
314	180.682162	189.756	17.99995784059529
315	178.133192	186.174	18.99996777208418
316	186.267926	193.067	17.999968922705587
317	183.131890	195.172	18.000020494743097
318	213.805116	246.781	16.00001620870326
319	210.969666	244.806	16.000016339468804
320	97.122383	120.972	36.000066131005525
321	96.426582	119.961	36.00003334417019
322	104.001172	121.973	32.99992621317833
323	103.004670	121.573	32.99992597040462
324	111.857659	124.417	29.999919625131614
325	109.868459	124.506	32.000064253931534
326	125.185342	132.207	27.00008320285613
327	123.861031	132.489	28.000060382371366
328	132.737049	136.748	25.0
329	130.678293	135.831	25.999955827462067
330	138.070885	140.629	24.000028443635383
331	137.169035	139.612	25.000000000000004
332	144.853089	144.826	23.00001380967506
333	144.625226	144.054	24.000027767365015
334	154.101982	149.155	21.999932955650163
335	150.493641	149.486	22.000053516717283
336	164.114072	158.600	21.0
337	163.349537	159.010	20.0
338	171.366486	165.447	19.00004230962181
339	169.839605	164.500	20.0
340	171.455913	170.915	20.000000000000004
341	175.114780	168.440	20.0
342	184.197310	173.295	18.999971147465306
343	182.280273	177.572	18.00002252607393
344	194.820018	190.124	16.999957922198146
345	191.131097	189.665	16.99997363772968
346	200.795277	196.050	16.0
347	197.735827	194.118	16.99996909096529
348	205.691494	203.550	16.0
349	204.119178	205.069	15.999980494370188
350	237.757311	259.650	14.0
351	232.438628	256.186	13.999984386344298
352	104.055834	123.233	33.000089261804874
353	103.317511	121.258	32.99988454370021
354	111.489768	123.497	29.99991902637311
355	110.162828	122.819	31.999934863498318
356	118.529609	126.528	28.99990515933232
357	118.260244	127.472	29.000094138320573
358	135.724087	133.800	26.0
359	133.737301	134.927	25.99998517716988
360	144.587311	138.742	23.99994233901775
361	142.193299	140.217	23.99994294557721
362	151.433117	142.826	23.000014003052666
363	149.388616	144.404	23.000055400127422
364	159.402682	147.457	21.000020344914113
365	157.078607	149.462	20.999986618672306
366	166.531260	152.535	20.0
367	164.676986	152.319	21.00000656516915
368	180.825973	163.189	19.000055150776095
369	179.060279	162.547	19.00004306446751
370	189.276308	168.789	17.99998815088661
371	186.342885	168.989	17.999988164910143
372	193.191288	175.100	18.0
373	192.039453	172.867	17.99996529123546
374	201.982639	182.106	16.000021965229042
375	200.652237	181.576	17.00004405868617
376	215.144273	192.781	16.000020748932727
377	210.037929	197.047	14.999974625343192
378	217.835529	202.167	14.999975267971529
379	217.705335	204.127	14.99997550544514
380	224.671425	211.187	14.999976324300265
381	224.540874	210.393	15.000023765049217
382	257.236497	267.715	13.000018676577707
383	253.195571	263.231	12.99998860316604
384	106.116376	124.200	32.0
385	106.396671	123.003	32.00003251953204
386	115.539678	124.823	30.00008011344063
387	113.382938	124.950	30.0
388	123.591062	127.282	28.0000314262818
389	123.150908	128.139	28.00006243220253
390	139.940514	136.267	23.99994129172874
391	138.728003	136.596	25.0
392	148.470909	140.648	22.999971560207044
393	147.864491	140.713	23.00000710666392
394	157.323846	144.727	22.000041457364556
395	154.484509	146.000	22.0
396	163.701290	150.785	20.0
397	162.095907	150.657	21.000019912782015
398	174.331161	156.389	19.000057548804584
399	172.686483	156.705	19.000031907086562
400	187.552821	166.067	17.999963870004272
401	188.250128	168.211	18.000011889828844
402	196.323472	173.965	16.9999712585865
403	196.155391	171.118	16.999964936476584
404	202.906227	179.135	17.000027911910014
405	203.678379	177.247	17.000005641844428
406	213.101117	187.307	14.999973305856162
407	209.061991	186.444	15.99997854583682
408	226.494071	202.721	14.000029597328346
409	222.625068	202.213	15.000024726402357
410	233.151889	210.764	14.00001897857319
411	228.905546	206.073	15.000024263246518
412	239.395711	218.971	14.000027400888701
413	234.689440	219.593	13.999990892241557
414	274.191701	273.017	11.999985348897686
415	270.360865	279.825	12.0
416	108.121593	125.609	32.00009553455565
417	105.895340	123.678	32.000032342049515
418	115.679876	125.641	29.000087551038273
419	116.114663	124.917	29.999919946844706
420	124.413889	128.750	28.0
421	123.915367	128.793	26.999914591631534
422	142.232551	135.983	24.000058830883273
423	142.160137	137.050	23.999999999999996
424	149.987462	141.691	23.000049403278968
425	148.728616	141.535	22.99996467304907
426	160.817608	146.943	20.999979583920297
427	158.623548	148.219	21.000006746773355
428	168.902787	151.930	20.0
429	165.059879	151.219	21.000006612925624
430	177.656290	157.521	19.000006348359904
431	176.270743	158.968	19.00005032459363
432	193.764515	170.871	16.999959033422876
433	192.983437	171.300	17.0
434	202.689018	175.863	15.999954510044752
435	199.440014	174.282	17.000034426963197
436	209.960623	183.162	16.000043677181946
437	207.977748	180.112	16.99997779159634
438	218.130818	187.381	16.000021346881486
439	218.007581	188.062	16.000042539162617
440	232.727617	202.720	15.000000000000002
441	231.141085	203.833	15.000024529884758
442	239.350359	208.929	13.99997128211019
443	235.400358	213.564	14.00001872974846
444	247.916165	225.031	12.999986668503452
445	244.880140	219.500	14.0
446	289.210772	284.918	11.000007019563522
447	284.957848	276.800	12.0
448	109.435770	124.813	30.999975964042203
449	108.880233	123.719	31.999935337337032
450	117.686988	126.593	29.000023697992777
451	117.354004	126.266	28.99988912296263
452	127.277514	129.785	27.000038525253302
453	125.642284	129.493	26.99991505332335
454	144.492225	138.033	24.000057957155178
455	141.151524	138.264	24.999999999999996
456	151.797961	142.732	21.999971975450496
457	151.760269	143.927	22.000041687800067
458	161.864794	147.771	21.00006090504903
459	158.891140	148.143	20.999979749296287
460	167.477886	153.315	20.0
461	161.858736	153.648	20.999947932937623
462	179.026480	158.832	18.999949632315907
463	178.713987	158.374	18.99996211499362
464	194.646605	171.488	17.00002332524725
465	193.230536	171.565	16.99997085652668
466	204.451217	177.988	17.000022473425176
467	202.199911	177.376	17.00004510193036
468	210.655830	187.587	14.99997334570093
469	210.700193	186.113	15.999957015361636
470	218.112289	194.280	14.999999999999998
471	218.575385	190.262	16.000042047282168
472	238.776406	204.929	13.999970721566982
473	233.129243	207.271	14.000028947609653
474	243.145561	217.808	12.999981635201646
475	241.294855	217.179	13.99997237301949
476	251.385488	229.277	12.999995638463519
477	252.501487	227.777	12.999995609741108
478	293.336058	281.464	10.999985788591081
479	288.080988	284.982	10.999992982012898
480	121.999369	127.871	28.00009384457774
481	122.956363	127.304	26.999937158298245
482	131.082261	129.011	27.00002325383107
483	131.107155	129.104	25.99996901722642
484	141.464430	132.971	23.99996991825285
485	139.210509	133.088	23.999909834094733
486	157.970259	142.533	21.000049111433842
487	157.705876	142.695	21.00003503977014
488	165.714303	146.205	20.999965801443178
489	163.130974	146.952	21.000054439544886
490	171.660242	151.395	18.99996697381023
491	171.674655	151.490	20.0
492	177.800262	157.158	18.999987273953604
493	179.319602	157.547	19.000044431185614
494	185.745094	162.783	18.000036858885757
495	185.713663	162.706	17.99995083156122
496	205.235042	174.969	15.999977138807447
497	184.120823	174.542	19.000011458560117
498	215.218903	184.173	15.000027148387657
499	211.252812	182.544	15.9999780874748
500	221.204640	189.907	14.99997367132333
501	221.581608	188.900	15.0
502	228.790072	194.300	15.0
503	228.880418	199.671	14.000030049431315
504	247.185469	213.538	13.000028098043439
505	245.705111	214.285	12.999976666588887
506	252.174334	219.086	13.999981742329494
507	254.649290	219.054	12.999990869831182
508	262.500507	229.169	13.000013090775802
509	257.294099	227.615	13.00002196691782
510	305.694943	289.945	11.000017244649849
511	302.991154	287.518	11.000006956086228
512	114.115710	125.965	30.99988091930298
513	114.980630	124.497	29.99991967677936
514	121.429539	126.711	27.999936864202795
515	120.405595	125.666	28.99988859357344
516	128.236167	130.826	26.99998471251892
517	129.264210	129.858	25.999938394246023
518	146.016806	139.713	23.00000715753008
519	145.248843	139.526	23.000014334245943
520	154.964598	143.218	22.000027929450212
521	153.069274	143.117	23.000062885611072
522	161.560477	147.743	20.99997969446945
523	160.063517	148.218	22.000026987275504
524	166.350178	152.990	20.0
525	165.429828	153.010	20.0
526	171.806428	157.065	20.0
527	172.782858	157.245	20.0
528	183.471894	167.844	18.000047663306404
529	183.216824	167.872	18.000023827678227
530	189.918067	173.872	18.000023005429277
531	190.241613	171.661	18.00001165087003
532	198.618179	181.382	17.00003307935738
533	198.547844	181.625	16.0
534	207.622082	187.269	15.99997864035158
535	205.731386	187.675	16.0
536	226.001984	204.121	14.000029394329832
537	224.275471	202.113	15.000024738636306
538	232.741200	215.471	14.000027845974632
539	232.846622	214.721	14.000027943237969
540	243.814618	225.223	13.000004440043867
541	240.568162	224.885	12.999977766413945
542	278.141741	281.967	11.999985813942766
543	280.663575	281.117	11.999985771049065
544	115.348763	126.477	29.999920934241008
545	113.974279	124.390	30.0
546	121.506274	126.479	29.00007115805786
547	121.523573	126.311	27.999936664265185
548	128.052873	130.000	27.0
549	128.664347	131.123	26.00001525285419
550	145.909370	137.037	24.000087567591233
551	143.194266	138.750	24.0
552	153.131648	143.755	21.999930437202185
553	151.347316	143.705	21.99993041299885
554	139.033533	142.924	24.999999999999996
555	158.704607	148.324	20.999973032011003
556	165.266252	151.825	20.0
557	164.535874	151.919	21.000006582455125
558	168.859148	155.500	20.0
559	169.322324	154.875	20.0
560	177.815289	163.984	19.00002439262367
561	177.137705	166.000	19.0
562	183.429397	172.017	17.99996511972654
563	184.207716	170.522	18.0000234573838
564	190.035019	175.756	17.99995448235053
565	189.108045	177.572	18.00002252607393
566	196.015970	181.633	18.000033033644765
567	196.041441	181.471	16.999961426343603
568	216.966525	198.673	15.000025166982931
569	215.249507	199.180	14.999999999999998
570	226.537369	207.173	15.00002413441906
571	222.717683	205.053	15.000024383939763
572	229.295354	217.650	14.0
573	228.940434	217.914	14.00001835586516
574	266.378240	273.023	13.000003662695084
575	264.764707	275.892	13.000014498426921
576	114.163141	126.720	30.0
577	114.399274	125.473	30.000079698421175
578	122.516020	127.446	28.00009415752554
579	122.043007	126.882	28.000031525354263
580	129.119697	130.796	26.000030581974983
581	128.355198	130.263	26.999992323223015
582	145.778832	137.358	24.000058241966247
583	146.393430	139.435	22.999964140997598
584	153.720657	143.200	22.000000000000004
585	151.077607	143.723	21.999958253028392
586	157.519813	144.909	22.000013801765245
587	157.631821	147.152	21.000054365553986
588	162.817358	149.910	20.99993329330932
589	163.883759	151.425	20.0
590	167.297826	153.248	20.99994779703487
591	168.367995	154.400	20.0
592	175.785903	162.890	20.000000000000004
593	176.683922	163.705	19.00003054274457
594	181.560721	168.237	18.99998216801298
595	181.767669	170.367	17.99996478191199
596	186.246080	174.800	18.0
597	185.776045	176.472	18.000022666485332
598	193.967007	181.647	17.000005505183132
599	194.852646	182.894	17.000010935295855
600	210.935422	197.287	16.000040550061584
601	205.704689	193.594	15.99997933820263
602	219.171397	203.447	14.99997542357469
603	211.947495	203.631	16.000019643374536
604	227.538693	216.264	14.000018495912402
605	226.644212	216.543	13.99999076395912
606	264.094226	273.267	11.999985362301338
607	265.456700	276.758	12.000014453060075
608	115.011766	126.583	30.000078999549704
609	115.376470	124.593	30.000080261330893
610	122.275714	126.900	27.999999999999996
611	122.195531	127.004	27.999905514786935
612	129.174705	130.454	25.99996933785089
613	129.477996	130.385	27.00003834796948
614	144.515579	138.300	23.0
615	143.531066	138.242	23.999942130466867
616	152.647932	142.345	22.000070251852893
617	153.502755	142.043	23.000077441338185
618	157.965138	146.510	20.99993174527336
619	157.533433	146.232	21.99997264620603
620	163.749656	151.933	21.000046072940048
621	163.988312	152.725	20.0
622	167.588016	154.240	20.0
623	167.682591	154.725	20.0
624	174.380336	162.853	18.999957016450416
625	175.196200	164.574	18.99996354223632
626	181.683968	167.453	18.99995819722549
627	179.042028	168.221	19.00000594456102
628	184.794528	174.256	17.999954090533468
629	185.221594	174.344	18.000045886293762
630	191.746364	179.900	17.0
631	189.879547	179.694	18.000044520128665
632	207.869739	191.994	17.000010416992197
633	206.030364	192.762	16.000041501955778
634	218.332192	202.353	15.000024709295143
635	213.419018	201.481	16.00001985298862
636	223.993187	209.167	14.999976095655624
637	227.425181	216.936	13.999981561382159
638	266.285826	273.692	11.99998538503135
639	266.497014	277.083	12.000014436107591
640	114.844382	126.300	30.0
641	116.675348	124.610	29.00008025038119
642	120.764976	127.925	28.0
643	122.026742	126.996	28.00009449116508
644	128.162326	129.356	26.999907232753024
645	129.317207	130.385	25.999923304061053
646	143.331765	137.683	24.000058104486396
647	141.490049	137.700	24.000000000000004
648	153.184383	142.491	21.999985964025797
649	152.881545	143.164	21.999944120030175
650	158.947141	145.200	22.000000000000004
651	157.935508	148.133	21.000047254831806
652	162.209457	151.370	20.0
653	162.693837	150.786	20.99996020850742
654	165.896150	154.870	20.0
655	165.514307	155.440	20.0
656	176.211076	162.584	19.00002460266693
657	175.573533	163.058	18.999987734425787
658	178.587483	167.226	19.000035879588104
659	180.003148	170.589	17.999988275914625
660	186.610266	172.522	18.000023185448814
661	185.808380	173.594	18.00004608454209
662	192.084899	180.306	16.99998890774572
663	190.855481	179.976	17.00004445037116
664	205.538833	192.269	15.999979195814198
665	205.900423	193.969	15.999979378148055
666	213.202200	201.387	16.00003972451052
667	211.908096	200.381	16.00001996197244
668	227.632609	213.120	15.0
669	221.400081	209.173	15.000023903658693
670	268.669282	270.215	13.000018503784025
671	267.798434	273.267	11.999985362301338
672	117.207211	125.813	30.000079483042292
673	115.285929	125.803	29.000103336168458
674	123.923434	127.837	27.000007822461413
675	122.413938	127.089	28.00006294801281
676	128.550743	128.119	26.999898531833683
677	127.741106	128.859	27.000054322942127
678	145.284860	137.163	23.999912512849672
679	144.266426	138.548	22.999971129139357
680	152.053343	140.335	22.99996437096946
681	150.981420	140.643	23.00007821221106
682	158.293863	146.724	20.999972737929717
683	157.235486	146.655	21.999931812757833
684	162.806541	150.840	20.0
685	163.852724	150.129	20.99994005155566
686	167.014442	154.690	20.0
687	167.867862	154.840	20.0
688	176.227882	162.742	19.00001228939057
689	176.206170	163.947	19.00004269672516
690	182.072235	170.039	17.99998823799246
691	181.713450	169.479	18.999994099563956
692	187.739695	171.956	17.999953476470726
693	186.897232	175.400	18.0
694	195.113552	181.524	16.999955928692625
695	191.726547	181.700	17.0
696	210.412139	195.606	16.000020449270473
697	206.233366	195.344	15.999979523302482
698	219.383238	200.069	15.999980006897621
699	212.385094	199.200	16.0
700	229.806642	213.771	14.00002806741794
701	224.695186	212.460	15.0
702	269.932630	277.767	11.999985599441258
703	269.795890	281.192	11.999985774844236
704	117.296771	126.938	28.99998424427673
705	117.817152	125.110	29.000079929661897
706	123.623724	127.304	26.999937158298245
707	122.747815	125.982	28.00003175056754
708	129.287291	128.858	25.99993791615577
709	129.736878	130.250	26.0
710	143.585470	135.912	24.00008829242451
711	144.302526	138.213	23.000007235209424
712	153.169308	142.245	22.000070301240818
713	152.413232	142.464	21.999943845462713
714	160.286897	147.019	21.000006801841938
715	157.321381	147.124	20.9999728120497
716	163.293634	149.562	20.999986627619315
717	162.124778	151.390	21.000066054561067
718	168.137117	154.850	20.0
719	168.420158	155.175	20.0
720	176.646926	163.732	18.99995113966726
721	177.164790	162.468	19.000049240465817
722	182.905575	168.016	18.99997619274355
723	181.802491	167.916	18.999976178565475
724	189.001678	175.100	17.0
725	187.345518	174.144	18.000045938993015
726	196.035195	181.412	16.999977950741957
727	196.458296	182.918	16.999967198416776
728	210.086622	191.675	16.0
729	207.682923	193.488	15.999958653766642
730	226.349169	206.607	14.000009680214127
731	218.366953	202.733	15.000024662980373
732	230.426503	214.214	14.00001867291587
733	231.169283	215.836	13.99998146741044
734	277.137568	277.258	12.000014426995795
735	273.354612	273.200	12.0
736	117.307580	126.279	29.00007127075761
737	117.042323	125.238	28.999984030406107
738	121.240835	125.871	28.000095335700838
739	121.081236	125.024	29.000031993857178
740	129.995912	129.204	25.999969041206153
741	129.267272	128.759	27.00005436513176
742	143.473472	135.991	23.000051473994603
743	142.829765	136.221	23.999970635951872
744	149.806933	139.983	22.99993570647864
745	153.255181	142.991	21.99998601310572
746	156.590926	146.476	21.00002730822797
747	157.251185	146.045	22.00006847204629
748	161.530659	149.914	21.00004002294649
749	164.004816	149.219	21.000006701559453
750	169.213168	154.680	20.0
751	169.803198	155.547	19.000045002475137
752	179.642466	163.116	18.99997547757424
753	178.200450	164.805	19.00003033888535
754	182.254032	169.211	18.00001181956256
755	186.462486	171.011	18.00001169515411
756	193.174160	175.912	16.99997726135795
757	193.518552	173.411	18.000011533293737
758	198.945036	182.265	16.99997256741558
759	198.153613	179.729	17.00003894752655
760	213.157612	196.120	15.0
761	211.324652	194.987	16.000041028376252
762	223.599501	206.293	15.000024237371118
763	225.320766	203.953	15.00002451545209
764	229.008770	213.021	14.000028166237133
765	230.606652	214.300	13.999999999999998
766	285.982066	280.255	10.999982159105102
767	280.081534	281.791	10.999996451270622
768	116.826153	125.640	30.0
769	115.006041	124.117	29.999919430859592
770	121.256813	125.979	29.000071440478177
771	121.255561	126.343	27.99996834015339
772	127.719728	129.119	26.000046468761376
773	115.719861	128.677	29.999922286034025
774	141.764261	135.917	23.999941140549012
775	144.467580	137.748	22.999970961465866
776	152.123963	141.343	23.000077824865755
777	151.751940	141.950	22.000000000000004
778	158.579001	146.214	21.000041035742132
779	159.319934	146.133	21.00004790156912
780	164.838771	149.505	20.999966556302464
781	163.222769	150.060	20.0
782	169.396276	154.470	20.0
783	169.866719	155.150	20.0
784	180.504572	164.744	18.000048560190358
785	177.513189	162.368	19.000049270792275
786	188.854237	170.733	18.000035142591063
787	189.676675	169.694	18.00004714368216
788	197.414697	177.865	16.99997188879206
789	192.256887	176.982	17.00003390175272
790	196.267315	181.206	16.999988962837875
791	201.614313	184.106	16.000021726614015
792	218.539765	196.507	14.999974555613795
793	214.729711	196.893	15.000025394503615
794	223.753651	204.387	14.999975536604579
795	227.039298	203.447	14.99997542357469
796	239.644980	218.979	13.999972600112338
797	236.123830	215.700	14.000000000000002
798	284.926952	285.891	10.999996502163413
799	285.039496	288.645	11.00001732231634
800	117.655144	126.455	29.000039539757225
801	116.943804	124.690	30.0
802	124.510848	127.193	26.999913517253308
803	125.903606	126.343	27.99996834015339
804	133.254975	129.720	25.0
805	131.084470	129.335	25.99992268140874
806	146.625093	137.496	22.999941816489205
807	149.668856	138.391	21.999985548193163
808	156.898663	142.314	21.99994378627542
809	156.978939	142.282	21.99997188681632
810	163.959327	147.424	20.99997286737573
811	162.258641	146.290	21.000068357372342
812	167.813301	150.330	19.999999999999996
813	167.081280	151.170	20.000000000000004
814	173.794115	154.800	18.999999999999996
815	175.366250	156.075	20.0
816	186.710865	163.772	18.0000244241995
817	186.187997	166.194	18.000048136515158
818	194.224250	171.524	16.999953359296658
819	193.952983	172.894	17.000011567781414
820	199.896660	175.665	16.99997153673185
821	199.679071	179.382	17.000033448172058
822	207.555832	181.556	16.000022031769813
823	208.724470	184.475	16.0
824	227.896022	201.500	14.0
825	227.132653	202.443	13.999990120675943
826	232.959363	205.033	15.000024386318302
827	227.271543	204.367	14.999975534210515
828	242.637642	213.786	13.999981289700916
829	243.063787	220.823	13.000004528513786
830	288.746943	285.173	10.999989480069992
831	287.859155	290.364	10.999986224187573
832	119.444076	126.790	28.99992112942661
833	119.851642	124.486	29.00004819819096
834	128.598610	126.767	26.99992900360504
835	127.974433	127.393	26.99991365302646
836	135.447766	131.580	24.999999999999996
837	135.981004	131.284	25.0
838	152.439154	138.723	21.999956748340217
839	153.636289	138.791	21.999985589843725
840	159.998630	142.162	20.999985931542888
841	160.863573	143.986	20.999958329282013
842	165.150686	147.010	20.0
843	166.531235	148.190	20.0
844	171.687683	151.820	20.0
845	172.981094	151.360	19.999999999999996
846	179.084639	157.463	19.00001905209478
847	178.805395	156.411	18.999942459289947
848	190.556678	166.061	18.000012043767047
849	191.500026	165.050	18.0
850	200.793082	174.606	16.000022908720204
851	199.528089	173.347	17.000005768775925
852	208.136345	181.781	16.000022004499918
853	207.923798	179.262	16.00004462741685
854	218.006694	188.060	15.0
855	217.715506	188.927	14.999973534751518
856	236.238497	205.064	14.000019506105412
857	232.893327	199.933	15.000025008377808
858	243.888681	208.464	14.000019187965309
859	245.696643	216.269	13.000013871613591
860	252.448876	224.369	13.000013370831088
861	253.022572	220.246	13.000009080755154
862	290.384517	286.227	11.000010481191502
863	292.001611	291.255	10.99998283291274
864	122.272858	125.239	28.000063877865518
865	122.486740	124.279	27.99990344305957
866	130.565330	126.670	27.000078945290912
867	130.245487	127.696	26.00003132439544
868	137.062391	130.620	25.0
869	138.594990	132.167	23.99993947051836
870	155.908786	139.027	22.000043157084598
871	156.203417	139.400	22.0
872	162.854978	144.171	21.00006242586928
873	163.829905	142.724	20.999971973879656
874	168.978919	146.935	20.0
875	168.122161	148.110	19.999999999999996
876	175.223645	153.579	18.999993488693114
877	175.811609	153.215	20.0
878	182.279593	159.072	18.000025145845907
879	181.069859	158.416	18.999974750025252
880	195.971867	170.706	16.999988283950184
881	196.760531	166.841	17.000017981191675
882	206.447870	174.681	16.00002289888425
883	205.053188	175.800	16.0
884	214.219434	181.675	16.0
885	215.299272	181.906	16.00002198937913
886	222.260687	187.440	15.0
887	225.217686	191.553	15.000026102436403
888	242.716567	203.486	13.999980342627996
889	239.635751	208.869	13.000014363069676
890	253.296996	215.677	12.999995363436993
891	249.595085	211.793	13.999990556817268
892	258.593872	219.246	13.000009122173266
893	257.323263	225.562	12.999973399774785
894	297.427130	281.391	10.999996446226069
895	298.098103	289.891	10.999996550427575
896	123.152184	127.730	26.999921709856725
897	124.415510	125.632	28.000031839021904
898	132.126903	128.538	26.00009335760631
899	132.133099	127.408	25.99993720959437
900	140.202091	131.404	24.000030440473655
901	141.571627	131.596	23.99996960393933
902	157.873208	139.114	21.99994249320701
903	159.541909	138.977	22.000043172611296
904	165.353397	144.690	20.0
905	166.337549	144.710	19.999999999999996
906	170.874828	147.750	20.0
907	171.504343	149.565	20.0
908	177.316905	151.879	18.99999341581127
909	177.546087	154.089	19.00005840780328
910	184.811367	157.328	17.999974575409336
911	184.697318	159.372	18.000025098511657
912	202.204009	169.471	16.999958694997964
913	201.671439	169.571	16.999958719356492
914	181.458850	175.850	18.0
915	208.412634	176.213	15.999954600398382
916	219.612510	181.506	16.00002203783897
917	220.670949	184.287	14.999972868406346
918	231.542344	192.414	14.000020788508115
919	230.315697	192.871	14.000031108875879
920	247.354082	207.377	12.999995177864468
921	249.662788	209.162	12.999971314101032
922	257.049620	217.446	13.000009197685863
923	254.988682	214.054	12.999990656563297
924	263.164798	228.025	12.0
925	263.122808	226.833	12.000017634118493
926	303.865683	282.818	11.000007071685678
927	303.583147	282.382	10.999992917395584
928	126.186615	127.774	27.000015652636687
929	126.492269	126.022	27.000047610734633
930	136.683520	127.900	25.0
931	135.934719	128.308	25.0
932	144.775004	131.474	22.999984787866804
933	144.150907	131.900	24.0
934	162.110890	139.638	21.00001432274882
935	161.466860	140.176	21.000028535555302
936	167.633911	143.290	20.000000000000004
937	167.549717	144.295	20.000000000000004
938	172.241678	147.840	20.0
939	172.520822	149.421	19.000006692499717
940	178.940605	153.516	18.999973944084008
941	179.843831	154.906	17.999948355777054
942	187.512254	159.659	16.999981209953713
943	186.780581	160.100	18.0
944	205.659020	172.256	16.00002322125209
945	203.685578	171.513	15.999953356305351
946	215.661303	178.627	14.99997200871089
947	217.233660	179.747	14.999972183124056
948	223.871200	185.533	15.000026949383669
949	226.303459	188.071	14.000031902845203
950	234.389881	192.286	13.999979197653495
951	233.385628	194.821	14.000030797501296
952	250.871746	210.092	13.00001903927803
953	250.791444	207.477	12.999995180188646
954	259.590013	216.377	12.99999537843671
955	258.974768	215.923	13.000004631280595
956	267.732994	228.100	12.0
957	263.908307	222.377	12.999995503132068
958	307.522310	280.609	11.000003563677573
959	306.489659	282.264	10.999985828869427
960	128.588655	127.867	26.999929614364927
961	126.764195	125.530	26.999920337767865
962	135.656699	128.820	25.0
963	136.615737	128.100	25.0
964	146.178256	132.030	23.00007574036204
965	147.097749	132.248	22.9999697537959
966	163.338327	139.724	20.999971372133636
967	162.739937	141.133	21.00004959860557
968	170.611076	145.205	19.999999999999996
969	170.230915	144.980	20.0
970	175.882930	150.005	19.00003333222226
971	175.197761	149.726	19.00004007320038
972	183.433617	155.383	18.00003861426282
973	183.025197	155.428	17.999974264611264
974	188.997349	159.333	18.000037656982546
975	193.764848	161.929	17.00004322882251
976	211.004277	174.694	15.999977102819788
977	211.168852	173.519	15.99997694776941
978	220.687795	181.827	14.999972501333685
979	221.995738	177.793	15.000028122592003
980	233.773430	186.729	13.99996786787269
981	231.321341	187.486	13.99997866507366
982	238.747184	194.800	13.999999999999998
983	239.507217	192.000	14.0
984	257.833917	208.900	12.999999999999998
985	257.230542	207.077	12.999995170878465
986	269.379904	217.308	12.000018407053583
987	262.746250	218.533	12.000018303871727
988	277.533914	223.883	12.000017866474899
989	275.887099	226.383	12.000017669171271
990	310.430878	287.440	10.0
991	316.012224	291.220	9.999999999999998
992	165.934419	133.462	20.999985014461046
993	166.236076	133.785	20.0
994	179.572020	135.889	19.000066230526386
995	180.382536	136.742	19.00001462608416
996	195.618705	140.771	16.999950273849016
997	195.676000	141.218	16.99995751249841
998	221.098070	149.969	15.999973327821083
999	222.171433	151.060	15.0
1000	236.469752	155.907	14.000012828160376
1001	236.202178	157.614	14.000025378456227
1002	249.875626	163.586	13.99997554802978
1003	250.364705	163.621	14.00003667010958
1004	263.832157	168.300	13.0
1005	260.896660	173.025	12.0
1006	277.815504	176.515	13.000028326204571
1007	277.903691	176.433	12.000022671495694
1008	306.298653	193.827	11.000015477719822
1009	305.868234	190.555	10.999973760856445
1010	319.537590	201.830	10.0
1011	321.491996	205.610	9.999999999999998
1012	332.344593	214.133	9.000014009984449
1013	331.815737	213.350	10.0
1014	347.898312	222.033	9.000013511505047
1015	282.286996	219.582	10.999990891785302
1016	376.816930	237.033	9.000012656465557
1017	377.160027	237.978	8.999991595861802
1018	388.327560	254.762	8.00001570092871
1019	389.727705	243.667	8.999987688115338
1020	402.694653	269.129	6.999988852929264
1021	366.631435	258.322	9.000007742275145
1022	458.490385	340.367	5.999994123989693
1023	461.886286	339.000	7.0
