-1	0	90	0
0	2048.342564	96.593	56.99998964728293
1	2055.383637	96.793	53.999772710836524
2	2213.686467	97.776	48.99975454099166
3	2217.836882	97.730	50.0
4	2385.766195	98.323	47.00019324064563
5	2380.282690	98.322	45.99987795203515
6	2722.381807	100.738	39.99980146518692
7	2715.403629	100.602	41.00017892288423
8	2893.668637	100.811	37.99982144805626
9	2879.337907	101.618	38.00015745241985
10	3108.567009	102.931	35.00014572869204
11	3095.965506	101.994	35.00009804498304
12	3281.263395	103.353	33.99998064884426
13	3280.347746	103.318	33.00005807313343
14	3472.078399	104.603	32.00003823982104
15	3446.567507	105.165	30.99985736699472
16	3780.511787	107.003	29.000121491920787
17	3792.718041	106.114	28.99994345703677
18	3972.156302	108.664	28.000073621438563
19	3979.124627	108.100	28.000000000000004
20	4157.752368	108.354	25.99996308396552
21	4147.458319	109.008	25.99992661089094
22	4328.196061	110.688	24.999999999999996
23	4322.647621	110.156	25.0
24	4668.183979	113.183	22.999920482758007
25	4665.765381	113.009	22.999938058030775
26	4816.285178	114.713	23.000008717407795
27	4790.167196	114.557	22.999903977932384
28	4975.089160	116.538	21.00001716178414
29	4970.879319	116.018	22.00003447740868
30	6358.650441	143.563	15.999944275335569
31	6484.458067	143.231	16.000027926915262
32	3405.487644	100.866	31.99988103027779
33	3385.924153	100.591	31.999880705033256
34	3665.598110	100.660	30.000000000000004
35	3652.505383	100.600	30.0
36	3882.946519	102.232	28.00003912669223
37	3935.044539	102.168	27.999960848798054
38	4483.731815	104.812	24.000114490707173
39	4488.980346	104.167	23.99992320024576
40	4749.669571	105.252	23.00003800402843
41	4734.616526	105.809	22.000018901983765
42	4984.556395	106.618	22.000037517117185
43	5089.246202	106.481	20.99999060865319
44	5334.429006	108.755	20.0
45	5358.635756	108.485	20.0
46	5609.615719	109.605	19.000045618356825
47	5619.497422	109.047	19.00006419250415
48	6196.885017	111.706	16.999982095858773
49	6114.904733	110.229	17.000063504159524
50	6442.542900	113.312	16.999964699237502
51	6363.370438	113.318	16.99994705165993
52	6768.000313	115.547	14.999956727565406
53	6799.874471	113.825	16.0
54	6987.153160	116.087	14.999956928855083
55	7051.171442	116.373	15.000042965292636
56	7472.458988	120.650	13.999999999999998
57	7449.184911	119.847	14.999958280140513
58	7822.896358	121.543	13.999983544918258
59	7833.594411	122.136	13.999967249623372
60	7951.889352	123.900	13.0
61	8129.163384	123.008	12.999967481789803
62	9919.367636	149.227	11.000020103600555
63	10103.942534	150.950	10.0
64	4578.151814	102.546	23.999960993115284
65	4589.602509	102.700	23.0
66	4925.922334	102.018	22.00003920876708
67	4950.243099	103.227	22.000058124327936
68	5330.160064	104.500	21.0
69	5348.290944	104.080	20.0
70	6068.304895	107.217	17.999944038725204
71	6053.185209	107.478	17.999962783081187
72	6465.160794	109.088	17.000036667644473
73	6461.187878	108.694	17.000018400279682
74	6799.154915	110.393	15.000045292726895
75	6760.535987	108.631	16.000036821901666
76	7160.393308	111.680	15.0
77	7181.644397	112.127	14.999955407707333
78	7553.693736	112.964	14.000035409510994
79	7536.522786	113.200	14.0
80	8285.740836	114.746	13.000017429801476
81	8287.839195	116.523	13.000008581996687
82	8670.891825	117.985	12.999957621731575
83	8668.415569	118.158	12.000033852976523
84	9046.561635	120.891	10.99999172808563
85	9037.494451	120.609	11.000008291255215
86	9404.354781	121.036	11.000033048018771
87	9408.020530	121.691	10.999991782465424
88	10150.267841	127.230	10.0
89	10116.793026	128.130	10.0
90	10540.388533	130.411	9.00000766806481
91	10483.417107	128.790	10.000000000000002
92	10878.535332	131.610	9.999999999999998
93	10914.708687	131.333	9.00002284269757
94	13253.183680	165.171	7.000018162994715
95	13327.790821	164.186	6.999987818693432
96	5602.083068	103.626	19.000057900526894
97	5554.835619	104.750	20.0
98	5999.133786	106.235	17.000047065468067
99	6007.543921	103.650	18.0
100	6493.327500	106.538	15.99992490942199
101	6510.534478	105.794	15.99996219067244
102	7341.449463	109.740	15.0
103	7351.383210	110.193	15.000045374933073
104	7854.975333	111.807	14.000017887967658
105	7583.186626	111.914	14.000035741730256
106	8305.157969	113.931	12.9999736682729
107	8197.622844	113.331	12.99997352886677
108	8731.315381	115.933	12.000034502686896
109	8730.962219	115.742	11.999965440376009
110	9207.440663	116.783	12.000034251560587
111	9212.629852	116.850	12.000000000000002
112	10129.515913	120.820	10.000000000000002
113	10053.526557	121.710	10.0
114	10570.283776	124.600	10.0
115	10544.688173	123.590	10.0
116	10936.981596	124.810	9.999999999999998
117	10910.700600	125.610	10.0
118	11390.804408	127.811	9.000007824052702
119	11199.382688	128.444	9.00003114197627
120	12429.921261	131.650	8.0
121	12401.037895	134.762	8.000029681957821
122	12812.549424	135.712	8.000029474180618
123	12601.928671	133.250	8.0
124	13273.881739	141.600	7.000000000000001
125	13063.360949	138.725	8.0
126	15543.735915	166.767	5.999988007219654
127	15306.690134	168.067	5.999988099983935
128	6447.247974	106.047	17.000009429781134
129	6429.835900	106.935	17.000046757375976
130	6941.233650	108.460	15.000000000000002
131	6883.342265	108.080	15.0
132	7451.879911	109.536	13.999963482325445
133	7502.916909	109.579	13.999945244983072
134	8424.389022	112.783	12.000035466338012
135	8479.819213	112.583	12.000035529342796
136	9012.544987	113.618	11.00001760284462
137	9096.020282	112.673	10.999973374277777
138	9553.763086	116.627	11.000025723031547
139	9576.885782	117.420	10.0
140	10129.530348	119.370	10.0
141	10123.018267	119.670	10.0
142	10673.389229	122.078	8.999983617031734
143	10483.614225	120.920	10.0
144	11647.279178	127.412	8.000031394217185
145	11718.403878	127.212	8.000031443574505
146	12251.627467	128.613	7.999968898944897
147	12218.470277	129.600	8.0
148	12737.636505	132.438	7.999969797188119
149	12558.318254	131.188	7.999969509406349
150	13235.679531	135.771	7.000022096029344
151	13261.499484	136.043	6.999992649382915
152	13691.920374	140.000	7.0
153	14139.751761	141.829	6.999978847767381
154	14573.050145	142.800	7.0
155	14530.725961	141.086	6.999985824249039
156	14632.967173	148.257	7.000006745044078
157	15084.291096	147.786	6.999986466918382
158	17739.035357	178.420	5.000000000000001
159	17526.576980	181.440	5.0
160	7211.250443	108.580	15.0
161	7148.335396	108.900	15.0
162	7755.808034	109.579	13.999945244983072
163	7710.432321	109.229	13.999945069532817
164	8358.900703	110.423	13.00000905608433
165	8335.717259	111.062	12.999945976121445
166	9535.009196	116.636	11.0000342947289
167	9505.399259	115.609	11.0000086498456
168	10150.738056	118.720	10.0
169	10158.450774	118.510	9.999999999999998
170	10690.037709	119.640	10.0
171	10763.807301	119.390	10.0
172	11243.241519	123.622	9.000016178350132
173	11259.597191	121.622	9.000016444393284
174	11936.273996	125.737	8.00003181243389
175	11912.649677	125.156	8.999968039886223
176	13044.175076	129.713	7.999969162689939
177	12975.245990	128.950	8.0
178	13466.065350	135.014	7.000014813278622
179	13518.936063	134.757	7.000007420764783
180	14106.705349	138.271	7.000021696523494
181	14018.594100	136.700	7.0
182	14636.096977	141.757	7.000007054325359
183	14537.030476	140.114	7.000014274091097
184	15676.622673	144.757	7.000006908128794
185	15842.592322	145.233	6.000013770974916
186	15850.883331	150.067	5.9999866726195625
187	16216.728678	147.033	6.00001360238858
188	16881.431382	155.583	6.00001285487489
189	16686.630809	154.617	5.999987064811761
190	19483.990045	182.500	5.0
191	19427.424528	188.460	4.999999999999999
192	7871.297930	110.257	14.000018139437858
193	7829.007540	110.900	13.0
194	8495.000896	112.075	12.0
195	8456.957594	111.942	11.999964267209805
196	9139.214496	113.900	11.999999999999998
197	8948.365986	113.358	12.000035286437656
198	10392.108559	119.410	10.0
199	10223.353599	117.660	10.0
200	11101.450660	121.233	9.000024745737546
201	10814.528698	120.978	8.999983468068574
202	11737.087553	123.778	8.99998384203978
203	11684.304054	124.613	7.99996790062032
204	12386.139789	128.113	7.9999687775635575
205	12350.156493	124.922	9.000016009990233
206	12962.236291	128.438	7.999968856568929
207	12967.894162	127.250	8.0
208	13726.594623	133.750	8.0
209	14101.880853	135.257	7.000007393332692
210	14278.817148	139.314	7.000014356058975
211	14624.936735	141.457	7.000007069286074
212	15260.031920	139.757	7.000007155276658
213	15247.131447	140.814	7.000014203133212
214	15939.586254	143.914	7.000013897188599
215	15397.296188	145.983	6.000013700225368
216	17185.773774	155.617	5.99998714793371
217	17218.856029	154.550	5.999999999999999
218	17493.657226	157.283	6.000012715932428
219	17656.541319	158.940	5.0
220	17839.550131	165.720	5.0
221	18218.761630	166.400	5.0
222	21207.682362	193.340	5.0
223	20714.502149	195.800	4.0
224	8366.263750	112.269	13.000026721534883
225	8438.815697	112.833	12.000035450621715
226	8924.711463	115.000	12.0
227	9039.802336	114.000	12.0
228	9712.965908	116.900	10.0
229	9777.248825	115.890	10.0
230	11178.228795	120.230	10.0
231	11145.184885	120.611	9.000008291117725
232	11672.747014	123.533	9.000024285008864
233	11748.472746	123.022	9.0000162572548
234	12450.036190	128.000	8.0
235	12539.326094	126.550	8.0
236	13114.081842	130.287	8.00003070145141
237	13190.585852	130.300	8.0
238	13483.687088	133.357	7.000007498668986
239	13815.218000	131.250	8.0
240	14909.257364	137.286	6.99998543187215
241	14917.372791	141.817	5.999985897318375
242	15628.843013	141.114	7.000014172938191
243	15683.899722	143.033	6.0000139827871894
244	16353.734616	147.533	6.000013556289102
245	15994.402533	144.967	5.999986203756716
246	16911.853703	154.517	5.999987056440392
247	17003.492083	153.000	6.0
248	18370.898792	159.740	5.0
249	18258.956380	164.020	5.0
250	18634.242450	167.820	5.0
251	18855.422734	163.120	5.0
252	19477.101485	174.900	5.0
253	19382.512573	171.480	5.0
254	22701.315063	201.175	4.0
255	22529.332724	212.925	4.0
256	7408.529070	115.147	14.999956577244738
257	7457.867174	115.360	15.0
258	7433.473606	120.086	13.999966690538448
259	8015.293094	119.931	12.99997498561673
260	4229.388514	115.412	25.999896024676808
261	8521.547016	121.458	12.000032933195014
262	9915.049417	126.909	11.000007879661805
263	9583.056987	127.309	11.00000785490421
264	11128.806435	131.167	8.999977128393574
265	10708.855603	130.822	9.00001528794851
266	9757.779465	136.250	10.0
267	11778.744854	132.233	9.000022687226334
268	10528.432346	137.350	10.0
269	11089.803699	137.111	9.000007293360854
270	12343.245225	142.963	7.9999720207326375
271	12915.106170	145.086	6.99998621507244
272	12747.806532	152.987	8.000026146012408
273	13540.082177	150.750	8.0
274	14073.089326	156.414	7.000012786579208
275	12984.282099	158.838	7.999974817109257
276	10008.538638	154.709	11.000006463748068
277	14483.929680	160.300	6.999999999999999
278	8627.796666	161.383	12.000024785758102
279	14997.274026	166.214	7.000012032680761
280	16638.469406	174.750	6.0
281	17605.896250	178.240	5.0
282	16262.011491	185.583	6.000010776849173
283	14695.458983	182.700	7.000000000000001
284	11624.435457	187.037	8.000021386142848
285	12453.310841	187.463	7.9999786624560585
286	14595.768028	224.757	7.000004449249634
287	20971.314386	248.675	4.0
288	8440.076371	117.842	11.999966056244801
289	8215.662580	116.862	12.99994865739077
290	9183.475012	120.882	10.999983454939528
291	9202.590821	120.664	10.999966850096135
292	9545.199225	124.036	11.00003224870199
293	9163.203911	122.900	11.999999999999998
294	10730.861910	131.590	10.0
295	10881.371756	129.830	9.999999999999998
296	11861.401682	132.256	8.999969755625454
297	11876.328454	131.756	8.99996964085127
298	12129.071149	140.037	8.000028563879546
299	12742.080542	139.025	8.0
300	13377.965038	139.900	8.0
301	12988.022494	141.338	7.9999716990476735
302	13940.398683	147.786	6.999986466918382
303	14007.221487	142.738	7.999971976628509
304	14206.609239	154.043	6.9999935083061215
305	15034.981655	152.771	7.000019637234817
306	14895.419572	156.129	6.999980785119998
307	15436.753902	155.857	7.00000641613787
308	15836.697251	167.750	6.0
309	15825.377520	162.329	6.999981519013854
310	16656.947622	165.850	6.0
311	15797.872428	167.029	6.999982039047112
312	18919.329067	180.300	5.0
313	16750.975055	176.517	5.999988669646549
314	16069.371631	193.833	6.000010318160478
315	18075.225300	185.100	5.0
316	17396.507026	198.920	5.0
317	19247.974284	198.520	5.0
318	22980.077856	239.975	4.0
319	22983.948092	232.475	4.0
320	8199.034224	119.608	12.999966557420908
321	8283.896873	120.267	11.999966740668679
322	9900.437562	121.927	11.00002460488653
323	9331.460144	123.427	11.000024305865004
324	9825.144643	126.330	10.0
325	9458.135508	127.100	11.0
326	12284.238787	133.713	7.999970085182444
327	11557.935115	133.613	7.999970062793292
328	11725.742371	136.778	8.99998537776543
329	12661.997148	135.363	7.999970449827502
330	12030.918749	140.450	8.0
331	12076.955862	140.412	8.000028487593653
332	13424.197152	145.188	7.999972449513734
333	13968.633863	143.714	7.000013916528661
334	14777.501330	148.657	7.000006726894797
335	14487.499344	146.429	6.999979512255086
336	15444.895158	161.383	6.000012392879051
337	15175.331226	161.917	5.99998764799249
338	15432.041277	167.167	5.9999880359161795
339	16186.486960	159.883	6.0000125091473135
340	15871.392267	171.283	6.000011676582032
341	15859.415399	172.933	6.000011565172639
342	17189.276371	168.533	6.00001186711208
343	16292.706337	170.333	6.000011741705952
344	18570.037913	188.260	5.0
345	19847.387303	180.320	5.0
346	18539.814688	199.100	5.0
347	19004.302637	196.260	5.0
348	20458.163477	192.780	5.0
349	20692.200721	193.520	5.0
350	24214.961587	265.467	2.9999962330534493
351	23794.288101	264.233	3.000003784538646
352	9016.235339	121.308	12.00003297391763
353	9528.572448	122.036	11.000032777213281
354	9329.550607	124.233	12.000032197564254
355	10007.053541	123.236	11.000032458047972
356	11290.256375	128.233	9.000023394913944
357	10584.097571	126.770	10.0
358	12257.825191	136.037	8.00002940376515
359	12093.893475	135.625	8.0
360	12806.680232	139.488	7.999971323698096
361	12588.378002	137.450	8.0
362	14194.034110	143.686	6.999986080759433
363	12155.803666	146.750	8.0
364	14264.781805	144.243	6.999993067254564
365	13815.907795	149.443	6.999993308485508
366	15071.970570	153.433	6.000013035005508
367	14650.547529	155.957	7.0000064120238275
368	15968.121398	161.683	6.00001236988428
369	14943.319715	165.350	6.0
370	16623.003035	170.600	6.0
371	16742.345156	166.933	6.000011980854595
372	18094.584389	168.967	5.999988163369178
373	18035.219498	172.980	5.0
374	18055.201818	182.980	5.0
375	18392.566087	185.220	5.0
376	19116.762743	188.260	5.0
377	18319.370954	198.420	5.0
378	18936.102143	196.640	5.000000000000001
379	20218.244822	206.800	4.0
380	20117.819194	215.380	5.000000000000001
381	19767.660394	211.460	5.0
382	24046.445253	252.900	4.0
383	24171.172590	252.725	4.0
384	9320.624367	123.918	11.000016139705288
385	9891.408007	121.909	11.000008202839823
386	10053.373597	126.900	10.0
387	10161.615393	127.020	10.0
388	9690.257701	130.936	11.000030549275982
389	10724.071931	129.370	10.0
390	12383.166022	135.067	8.999977788801113
391	12269.257338	136.600	9.000000000000002
392	13748.853395	140.438	7.9999715176804
393	13117.378969	141.700	8.0
394	14238.319339	144.029	6.999979170861424
395	13362.172093	149.657	7.000006681946049
396	14434.922193	151.886	6.999986832229435
397	13992.986972	151.100	7.000000000000001
398	15531.050876	157.950	6.000000000000001
399	14026.575868	158.314	7.000012633121519
400	15792.608019	170.083	6.000011758964741
401	17509.190423	166.233	6.000012031305457
402	17695.300849	171.633	6.000011652770737
403	17035.511809	171.250	6.0
404	17757.050369	178.767	5.999988812252821
405	15769.679647	178.033	6.000011233872373
406	19308.870386	190.740	5.0
407	18525.414556	183.740	5.0
408	19528.248382	198.900	5.0
409	19576.305629	194.540	5.0
410	18354.504598	212.140	5.000000000000001
411	18307.485586	201.667	5.999990082661021
412	18237.749468	211.460	5.0
413	21997.218430	222.600	4.0
414	24044.922842	279.533	3.000003577395155
415	24180.424311	278.725	4.0
416	8748.379125	123.975	12.000000000000002
417	9694.646888	124.827	11.000024033262035
418	10533.191196	129.022	9.00001550123235
419	10465.399959	128.720	10.0
420	10664.212970	133.078	8.999984971219886
421	11305.202117	131.578	8.999984799890559
422	12695.281131	142.050	8.0
423	12127.610920	139.533	9.000021500290254
424	13266.152113	142.850	8.0
425	11730.633276	142.867	8.999979001448901
426	14048.069055	147.338	7.99997285153864
427	14221.090978	150.086	6.999986674306729
428	14870.183919	157.971	7.00001899082743
429	15136.961221	155.414	7.000012868853515
430	14729.797308	159.457	7.000006271283167
431	15743.567365	157.971	7.00001899082743
432	16698.681884	169.350	6.0
433	17032.484583	167.850	6.0
434	16920.915905	181.620	5.0
435	17755.329124	182.400	5.0
436	18433.136996	189.300	5.0
437	18365.852253	182.420	5.000000000000001
438	18852.611789	194.860	4.999999999999999
439	19283.984745	197.175	4.0
440	19795.033839	208.820	5.0
441	20369.001090	208.740	5.0
442	19497.754013	212.360	4.999999999999999
443	21307.389905	207.500	5.0
444	21583.328103	216.680	5.0
445	20505.277797	226.660	5.0
446	24854.294446	276.275	4.0
447	24803.393924	283.450	4.0
448	9779.843371	125.136	11.000031965221838
449	9967.982484	127.710	10.0
450	10863.790279	130.250	10.0
451	10765.070516	129.250	10.0
452	11152.942055	135.778	8.999985270073209
453	10879.130013	135.800	9.0
454	12698.661075	144.688	7.999972354307199
455	12897.649754	142.162	8.000028136914224
456	13811.893407	149.286	6.9999866028964535
457	13715.127885	145.188	7.999972449513734
458	14065.386175	150.600	8.0
459	13789.364869	153.343	6.999993478671998
460	14867.243868	159.600	7.000000000000001
461	14603.824585	158.929	6.999981123646408
462	15974.997530	160.900	6.999999999999999
463	16167.787867	164.500	6.0
464	16432.042335	180.417	5.999988914570134
465	16290.977180	175.133	6.00001141989231
466	17905.955375	187.560	5.0
467	16163.589436	179.600	6.0
468	17315.535756	192.833	6.00001037166875
469	19048.290131	191.580	4.999999999999999
470	17728.953671	187.917	5.999989357003358
471	17601.943883	202.920	5.0
472	20819.286092	203.980	5.0
473	19818.288972	206.680	5.0
474	20305.970403	211.920	5.0
475	22825.769055	209.400	4.0
476	21680.616393	235.100	4.0
477	21427.817710	222.500	5.0
478	25509.117486	284.525	4.0
479	25648.759086	288.367	2.9999965321968185
480	9886.854267	129.700	10.0
481	10112.068906	126.600	10.0
482	10842.163202	132.180	10.0
483	10184.666185	131.870	10.0
484	11672.179325	136.333	9.000022004943778
485	11506.773202	134.722	9.000014845385312
486	13236.636167	146.900	8.0
487	13059.827813	145.025	8.0
488	13674.121437	148.475	8.0
489	14092.753462	148.243	6.999993254318923
490	14804.002913	158.014	7.000012657106331
491	14768.141698	155.243	6.99999355848573
492	15951.767507	165.133	6.000012111449558
493	15277.700099	165.500	6.0
494	16614.265170	170.880	5.0
495	15837.638643	170.233	6.000011748603384
496	17291.907188	174.067	5.999988510171371
497	16141.627551	183.833	6.0000108794394915
498	17176.774678	187.450	6.000000000000001
499	17220.903157	188.483	6.000010611036539
500	18517.093868	192.800	5.0
501	19507.377023	200.620	5.0
502	19633.122087	197.760	5.0
503	18499.265169	195.867	5.999989788989468
504	21093.571811	219.360	4.999999999999999
505	21311.766520	221.600	4.0
506	21517.461777	235.700	4.0
507	21506.141715	219.440	5.0
508	22340.777271	234.550	4.0
509	22819.496409	247.050	4.0
510	25681.367841	295.567	2.999996616672362
511	26252.175633	309.633	3.000003229629917
512	8995.521165	127.992	11.999968748046753
513	9519.661284	127.245	11.000039294274824
514	10811.625863	132.830	9.999999999999998
515	9168.567074	130.767	11.999969411242898
516	11742.691517	136.911	9.000007304015018
517	11693.345956	135.556	8.999970491900026
518	11304.494729	146.622	9.000013640517793
519	12251.725034	145.467	8.999979376765864
520	13529.616639	149.450	8.0
521	13418.924857	150.287	8.00002661574188
522	14106.260416	154.186	6.999987028653703
523	14815.718183	157.986	6.9999873406504385
524	14861.293856	161.557	7.000006189765842
525	13730.040559	160.100	8.0
526	11857.613558	165.700	9.0
527	15226.950491	166.900	6.999999999999999
528	16329.660043	177.583	6.0000112623393
529	17573.679708	184.900	5.0
530	16704.444857	192.217	5.999989595093045
531	16023.580985	188.250	6.0
532	15961.870370	198.933	6.0000100536361485
533	14165.027525	190.643	6.999994754593665
534	19119.262301	207.220	5.0
535	17990.682422	201.480	5.0
536	20035.339581	225.700	5.0
537	21016.915694	220.325	4.0
538	18476.607133	232.960	5.0
539	19290.477913	221.440	5.0
540	20201.196246	246.425	4.0
541	22943.355521	248.650	4.0
542	22713.054248	291.500	4.0
543	21633.630126	280.200	5.0
544	8183.863424	129.962	12.999953832658779
545	8611.992689	127.485	12.999960779699572
546	9522.601139	131.200	11.000000000000002
547	9161.770146	131.017	11.999969469610814
548	9808.907912	137.180	10.0
549	10040.485752	137.340	10.0
550	10856.449445	147.267	8.99997962883742
551	11081.411016	146.567	8.999979531545298
552	11550.107622	151.400	8.999999999999998
553	11868.048400	149.511	9.000006688471082
554	12724.899419	153.838	7.999973998621927
555	12221.215500	157.012	8.000025475759815
556	13350.729892	164.914	7.0000121275331395
557	12999.720486	161.975	8.0
558	13435.042275	163.125	8.0
559	13902.218256	165.137	8.000024222312382
560	15201.767055	182.900	6.0
561	15026.864449	175.643	6.999994306633342
562	15122.709912	189.400	6.0
563	15673.611452	192.283	6.000010401335532
564	15685.057510	188.957	7.000005292209339
565	16160.381455	195.250	6.0
566	16907.791962	208.020	4.999999999999999
567	16382.330720	208.733	6.000009581618623
568	18045.534441	217.240	5.0
569	17524.173848	220.640	5.000000000000001
570	15150.988816	231.017	5.999991342628464
571	18295.530916	235.840	5.0
572	19101.143447	227.260	5.0
573	18537.948177	246.260	5.0
574	22605.379969	283.600	4.0
575	16785.707839	303.660	4.999999999999999
576	8985.052426	128.417	11.999968851476051
577	8781.650372	129.408	12.00003090999011
578	8216.511290	130.638	13.000045928443484
579	9258.347175	132.836	11.00003011231895
580	10004.456147	136.245	11.000036698594444
581	10282.186344	135.710	9.999999999999998
582	11254.402843	146.567	8.999979531545298
583	11383.003788	148.067	8.999979738901983
584	12041.741734	149.267	8.999979901786732
585	12198.552428	151.022	9.000013243103655
586	12892.180484	155.587	8.000025709088806
587	12750.038033	159.443	6.999993728166177
588	13329.198114	159.737	8.00002504116141
589	12718.996657	160.525	8.0
590	14119.686881	170.429	6.9999823973619515
591	14112.515260	165.887	8.000024112799677
592	15104.528003	180.343	6.9999944550107305
593	15555.630270	180.217	5.999988902267821
594	15646.341334	188.583	6.00001060540982
595	15619.241254	193.700	6.000000000000001
596	16570.558406	190.850	6.0
597	16687.262429	200.740	5.0
598	15058.188316	206.300	6.999999999999999
599	17456.079949	204.917	5.999990239950809
600	18142.170069	219.880	5.000000000000001
601	18457.459764	227.840	5.0
602	18490.675948	220.340	5.0
603	18634.666199	236.260	5.0
604	19501.174967	230.680	5.0
605	19883.324558	244.900	4.0
606	24206.616296	290.375	4.0
607	23261.805619	285.525	4.0
608	8936.438215	129.692	11.999969157696695
609	9002.030857	127.867	11.999968717495523
610	9658.715453	133.182	10.999984982955656
611	9430.279853	132.055	10.999962136988374
612	8929.986011	136.142	11.999970618912606
613	10113.576081	137.155	10.999963544894463
614	12101.076888	144.244	9.000027730789496
615	11671.272777	144.544	9.000027673234447
616	12432.004819	153.500	8.0
617	12559.991632	148.625	8.0
618	11208.261068	156.200	9.0
619	11571.293229	159.378	8.999987451216606
620	11535.202338	161.367	8.999981408838238
621	13702.607815	166.243	6.999993984709131
622	11936.115081	165.211	9.000006052865729
623	12905.545354	166.213	7.999975934493692
624	15687.223955	183.950	6.000000000000001
625	14045.968763	176.525	8.0
626	14140.095129	187.086	6.999989309729214
627	15549.860415	191.450	6.000000000000001
628	17073.064781	190.167	5.9999894829281635
629	17027.053269	190.133	6.000010518952522
630	17542.483374	209.140	5.000000000000001
631	17945.960984	210.100	5.0
632	18730.328640	214.183	6.0000093378092565
633	19073.790190	222.840	5.0
634	16551.004025	220.700	6.000000000000001
635	19405.393328	239.380	5.000000000000001
636	19206.084239	241.180	5.0
637	19973.686621	232.880	5.000000000000001
638	23567.061211	311.675	4.0
639	22762.764058	304.225	4.0
640	8339.484367	129.550	11.999999999999998
641	9341.110315	128.464	10.999968862872088
642	9693.888196	132.982	10.999984960370575
643	8086.559094	131.285	12.999961914917927
644	10454.719446	136.710	9.999999999999998
645	8683.120252	136.325	12.000000000000002
646	11985.029745	144.756	8.999972367293928
647	9982.396648	143.291	10.999993021194632
648	12300.146831	149.500	9.0
649	10340.575757	149.770	10.0
650	13169.392997	158.537	8.000025230703242
651	11350.192658	157.867	8.999980996661748
652	13808.241333	166.071	7.000018064562747
653	11731.884034	159.744	9.000025040064102
654	14229.023948	172.857	7.0000057851287485
655	14406.851796	167.814	7.000011917956786
656	15907.755952	184.650	6.0
657	15520.820535	186.467	5.999989274241554
658	16340.938753	183.633	6.0000108912886025
659	16743.615635	193.450	6.000000000000001
660	15247.145256	191.929	6.9999843692198676
661	17028.615829	192.633	6.000010382437069
662	15553.853729	207.783	6.000009625426527
663	17824.715646	211.560	5.0
664	18566.998258	227.920	5.0
665	16461.327761	213.567	5.99999063525732
666	18944.564031	225.940	5.0
667	19488.907985	237.660	5.0
668	16727.888552	237.383	6.000008425203152
669	17437.212597	230.850	6.0
670	22071.455100	312.900	4.0
671	23394.050194	297.275	4.0
672	8393.552335	129.285	12.999961325753182
673	9317.138801	129.455	10.99996137654011
674	10094.285142	133.730	10.0
675	9565.167886	134.073	10.999977624130137
676	10519.848654	135.410	10.0
677	11138.159723	137.022	9.000014596196232
678	11155.069065	147.722	9.000013538944774
679	12228.777410	144.844	9.000027615917816
680	11991.468534	149.433	9.000020075886853
681	12937.302501	150.150	8.0
682	13755.403700	160.543	6.999993771139196
683	13514.172749	160.514	7.0000124599723375
684	11649.278748	165.244	9.000024206627774
685	14325.050107	163.729	6.999981677039497
686	14528.324075	172.600	7.000000000000001
687	13450.074382	169.325	8.0
688	16235.904079	181.200	6.000000000000001
689	16663.123411	187.380	5.0
690	16210.672672	190.200	6.000000000000001
691	16855.310941	183.483	6.000010900192389
692	14245.740936	200.614	7.00000996939396
693	17033.700797	197.967	5.999989897306116
694	17854.949104	202.050	5.999999999999999
695	17997.992522	200.667	5.999990033239148
696	18905.496556	218.840	5.0
697	16331.329487	227.583	6.000008788002619
698	19698.734328	232.740	5.0
699	19674.355331	231.120	4.999999999999999
700	19726.162394	230.500	5.0
701	21225.808933	251.725	4.0
702	23518.080205	314.567	2.999996821026999
703	24496.881227	315.167	2.9999968270789776
704	7879.783617	128.693	13.99998445913919
705	9196.610260	128.583	12.000031108311363
706	9713.712637	132.018	11.000015149449318
707	10006.796787	133.240	10.0
708	10286.028742	137.970	10.0
709	10795.144777	138.978	8.999985609233114
710	11187.092925	145.844	9.00002742656537
711	12276.220050	149.062	8.000026834471562
712	11074.648742	153.067	8.999980400739544
713	12954.101566	154.786	6.9999870789347876
714	13084.628761	160.050	8.0
715	11507.899426	157.289	8.99999364227632
716	12532.740315	165.662	8.000024145549371
717	14081.829330	163.857	7.0000061028823914
718	13494.889075	171.157	7.000005842588967
719	15156.767943	173.967	5.999988503566768
720	13978.452414	182.343	6.999994515830058
721	16323.512716	187.667	5.999989342825324
722	16406.896425	189.017	5.999989418941153
723	16677.033898	195.760	5.0
724	15970.584890	196.367	5.999989814989281
725	18405.889109	203.240	5.0
726	17942.615034	203.483	6.00000982883091
727	15909.861134	206.667	5.999990322596254
728	16663.750539	228.817	5.9999912593906926
729	16583.083870	221.933	6.000009011728765
730	19287.041476	226.100	5.0
731	19590.601091	242.475	4.0
732	20814.696771	251.925	4.0
733	18058.002964	249.520	4.999999999999999
734	23479.165459	285.100	4.0
735	23818.488665	316.467	2.999996840112871
736	9376.587786	130.182	10.999984636892966
737	9542.235213	129.509	11.000007721471095
738	10305.154648	134.930	10.0
739	10238.904656	132.818	11.000015058199942
740	10985.575940	136.670	10.000000000000002
741	11202.794542	136.800	9.0
742	12220.870167	147.062	8.000027199412491
743	10680.115768	147.630	10.0
744	11344.113939	150.733	9.000019902741933
745	13414.604722	153.875	8.0
746	13791.854310	157.100	7.000000000000001
747	12326.697156	158.575	8.0
748	13867.653709	168.614	7.00001186141127
749	12435.590101	161.567	8.9999814318518
750	15221.232341	169.614	7.000011791479476
751	14840.784139	170.729	6.999982428292791
752	16452.378517	180.100	6.0
753	16718.748263	189.200	6.000000000000001
754	15399.080010	189.386	6.999989439557306
755	17422.152445	190.217	5.999989485692655
756	15143.733766	195.686	6.99998977954478
757	15414.557451	196.933	6.000010155738246
758	17830.090079	210.720	5.0
759	18399.108480	214.100	5.0
760	19243.193304	216.720	5.0
761	17011.556345	226.800	5.0
762	17774.050847	235.280	5.0
763	20599.736062	242.625	4.0
764	20909.457373	252.875	4.0
765	20846.184378	253.500	4.0
766	24315.146647	288.200	4.0
767	24410.136602	318.400	3.0000000000000004
768	8369.342702	129.846	13.000015402861852
769	9617.618947	131.400	11.0
770	8959.585089	132.350	12.0
771	10576.774065	135.330	9.999999999999998
772	10968.653435	137.860	9.999999999999998
773	11276.203081	137.300	9.0
774	12677.461000	148.512	8.000026933850462
775	12703.814662	150.725	8.0
776	13507.146368	150.588	7.999973437458497
777	13455.065211	152.125	8.0
778	13011.357356	156.625	8.0
779	12208.195265	160.525	8.0
780	13303.404556	165.286	6.999987899761625
781	14598.747352	169.314	7.000011812372279
782	14414.569200	168.243	6.999994056216306
783	15798.448697	167.314	7.000011953572326
784	15491.293741	181.357	7.000005513986226
785	17235.803246	182.600	6.0
786	17427.264175	187.500	6.0
787	17579.686648	189.067	5.999989421739383
788	15825.547021	196.000	6.0
789	18567.258862	205.760	5.0
790	18593.416526	201.917	5.99999009494
791	18677.279264	208.840	5.0
792	19957.824146	232.650	4.0
793	15735.466504	230.617	5.999991327612449
794	17710.024471	228.167	5.999991234490527
795	18052.369243	231.450	6.000000000000001
796	20750.427503	242.120	4.999999999999999
797	21551.068465	245.550	4.0
798	24369.106457	317.500	3.0
799	24450.680307	319.133	3.000003133489799
800	7554.747659	129.807	14.000015407489581
801	7669.199415	130.164	14.00003073046311
802	8058.225206	134.485	12.999962821132467
803	8142.140854	132.308	12.99996976751217
804	9227.649583	136.467	11.99997068888449
805	9341.552467	136.909	11.000007304121716
806	10454.865211	147.180	10.0
807	10011.668410	149.120	10.0
808	10826.417226	154.211	9.00000648462172
809	10884.811392	154.611	9.00000646784511
810	11408.218707	160.378	8.999987529461649
811	10934.687723	157.590	10.0
812	12403.097393	166.738	7.999976010267606
813	12203.420934	163.889	8.99999389830922
814	11894.075013	169.689	8.99999410686609
815	12826.538814	168.438	7.999976252389604
816	13935.662465	186.486	6.999989275334342
817	13778.749861	179.463	7.9999777112831065
818	13672.100738	193.900	7.0
819	14482.793709	187.963	7.999978719216016
820	14118.718056	194.986	6.999989742853334
821	14600.516407	202.914	7.0000098563923645
822	14562.419141	202.629	6.999985194616763
823	15290.587489	212.600	6.0
824	16225.672796	227.400	6.0
825	15814.985182	220.667	5.999990936569582
826	16731.260138	236.400	6.0
827	17304.573525	233.700	6.000000000000001
828	17819.292721	243.283	6.0000082208785654
829	16881.537066	248.050	5.999999999999999
830	20385.779370	302.140	5.0
831	19998.447323	305.820	5.0
832	9065.227017	130.727	11.000022948587514
833	8178.619336	130.008	12.999969232662604
834	8734.571418	134.700	12.000000000000002
835	8261.143155	132.854	12.999984945880438
836	8693.313689	136.642	11.999970726423795
837	8640.401600	139.667	11.999971360450214
838	10057.886594	145.936	11.000027409275297
839	10159.203425	146.882	10.999986383627673
840	10584.738653	152.020	10.0
841	11294.035997	155.222	9.000012884771488
842	10889.028780	157.680	10.0
843	11002.879282	158.250	10.0
844	13000.251446	163.350	8.0
845	11571.842255	162.422	9.000012313602838
846	12961.962250	173.225	8.0
847	13029.993685	170.788	7.9999765791507595
848	13221.447323	187.329	6.999983985394679
849	13987.300988	188.271	7.00001593447743
850	14074.310220	186.725	8.0
851	14766.509341	192.071	7.000015619224141
852	15019.424114	204.633	6.0000097735946785
853	15616.600073	204.100	6.0
854	15718.853351	213.217	5.999990619884906
855	16154.802577	206.100	6.0
856	16642.416076	225.383	6.000008873783736
857	17357.906812	219.300	5.999999999999999
858	16813.706940	225.200	6.000000000000001
859	16871.467440	242.640	5.000000000000001
860	17307.452644	252.640	5.000000000000001
861	18371.220024	252.840	5.0
862	21137.606430	292.620	5.0
863	19853.914574	305.060	5.0
864	8269.797207	129.885	12.999961504407747
865	8331.163173	129.462	12.999953654354174
866	8868.344909	134.508	12.000029738008147
867	8917.734591	133.100	12.0
868	9136.862699	139.636	11.000028645907932
869	9498.285939	138.845	11.000036011379596
870	10644.310184	145.900	10.0
871	10637.191246	149.100	9.000000000000002
872	11078.566607	153.744	9.000026017275472
873	11035.371524	154.878	8.999987086610107
874	11883.782000	161.522	9.000012382214189
875	12131.270259	158.838	7.999974817109257
876	12799.152854	165.637	8.000024149193719
877	12679.084703	162.038	7.999975314432416
878	12915.648128	173.525	8.0
879	13466.607922	169.475	8.0
880	13846.542850	183.700	7.000000000000001
881	13660.849154	185.671	7.000016157612121
882	14541.751232	196.114	7.000010198150055
883	14571.952881	193.171	7.000015530281461
884	15623.783705	195.714	7.000010218993021
885	14729.965145	197.600	7.0
886	16356.637806	198.500	6.0
887	15714.745871	212.667	5.999990595626025
888	17357.714405	216.883	6.0000092215618555
889	16759.712824	219.000	6.0
890	17440.316344	242.820	5.0
891	18098.894114	237.160	5.0
892	17886.306570	253.800	5.0
893	18964.275696	230.900	5.0
894	20296.848080	315.260	5.0
895	20647.323514	313.740	5.0
896	7618.138180	129.679	13.999953731907247
897	8297.665355	130.100	13.0
898	8734.964880	135.350	12.0
899	8781.161969	133.483	12.000029966362757
900	10052.079390	139.290	10.000000000000002
901	9412.117354	139.245	11.000035907932062
902	10552.021016	150.022	9.000013331378065
903	10717.331517	147.789	8.999993233596546
904	10494.856157	153.640	10.000000000000002
905	10772.962648	155.522	9.000012859916925
906	11831.031786	162.275	8.0
907	11288.182243	160.311	9.00000623787513
908	12078.884769	165.500	9.0
909	12486.979780	165.650	8.0
910	12688.471353	172.337	8.000023210337885
911	12465.738918	170.413	7.999976527612329
912	14453.872347	187.014	7.000010694386516
913	14448.773238	183.800	6.999999999999999
914	15207.644066	197.083	6.000010148008707
915	15029.528173	197.217	5.999989858886404
916	15094.933143	204.350	6.0
917	14773.157856	206.183	6.000009700120766
918	15380.734522	213.050	5.999999999999999
919	15356.560847	214.217	5.9999906636728175
920	15570.483234	232.533	6.000008600929761
921	16940.034760	217.400	6.0
922	16907.009097	244.040	5.0
923	19488.430425	245.300	5.0
924	18301.904972	246.640	5.000000000000001
925	18203.914909	254.780	5.0
926	21178.247094	322.925	4.0
927	25584.571460	301.225	4.0
928	8033.850779	131.831	12.999977243592175
929	8154.791903	130.046	13.000015379173524
930	8986.370147	133.825	12.000000000000002
931	9136.027525	135.645	11.000036860923734
932	9373.628657	139.982	10.999985712448742
933	9095.680236	137.950	12.000000000000002
934	10941.691552	150.389	8.999993350577501
935	10830.641370	147.960	9.999999999999998
936	12604.771887	151.713	7.999973634428164
937	11615.271403	155.878	8.999987169453036
938	12318.927192	163.188	7.999975488393755
939	11825.553705	158.667	8.999981092476697
940	12753.638167	169.275	8.0
941	11942.538801	166.656	8.999975998463903
942	12675.492009	171.012	8.00002339017145
943	12803.557737	176.043	6.99999431956965
944	14666.031700	186.229	6.99998389080111
945	14567.946985	185.414	7.000010786671989
946	15390.800413	187.443	6.99999466504484
947	15369.346579	191.257	7.000005228566797
948	12894.072837	204.463	7.999980436558205
949	15900.614824	202.350	6.0
950	16946.176646	215.920	5.0
951	16257.357607	214.800	5.999999999999999
952	17439.734146	224.333	6.000008915317854
953	17187.478408	227.417	5.999991205582696
954	18857.687802	234.340	5.0
955	17600.439803	246.120	4.999999999999999
956	19280.664205	256.550	4.0
957	18264.503831	255.020	4.999999999999999
958	22100.611271	322.575	4.0
959	21635.948431	306.920	4.999999999999999
960	8275.298360	129.931	12.999976910821896
961	8150.371852	130.823	13.000007643915826
962	8319.061933	135.642	11.99997051060881
963	9040.423976	133.791	10.999992525655687
964	9724.432226	139.236	11.000028728202476
965	9270.084076	138.175	11.999999999999998
966	10457.876708	147.310	10.0
967	10929.481698	151.233	9.00001983694035
968	11337.663362	156.833	9.000019128627265
969	11823.759998	153.467	8.999980451823518
970	11681.069060	163.300	8.0
971	12504.425684	163.500	8.0
972	12237.242166	170.188	7.999976496580253
973	13044.310219	163.000	8.0
974	13863.588304	176.343	6.99999432923337
975	13718.063959	169.925	8.0
976	14839.710747	184.857	7.00000540958687
977	14357.798165	183.043	6.999994536802827
978	15258.672828	195.450	6.000000000000001
979	14897.368884	198.417	5.999989920218529
980	16063.946791	207.050	5.999999999999999
981	16215.942210	198.117	5.999989904955154
982	16483.097234	215.767	5.999990730741957
983	16746.011288	211.250	6.0
984	17933.399908	224.267	5.999991082058439
985	17757.838490	229.580	5.0
986	18322.148554	238.540	5.0
987	18738.910026	247.600	5.0
988	18779.322052	244.200	5.0
989	18542.109454	257.880	5.0
990	21445.315893	304.000	5.0
991	21307.539281	316.850	4.0
992	8402.998230	131.015	13.000038163569059
993	7979.264143	130.386	13.99996932185971
994	8952.197206	136.255	10.999963304098932
995	9044.931726	133.618	11.000014968043228
996	9730.252644	138.264	10.999971069837413
997	8951.121952	141.627	11.00002118240166
998	10828.608664	149.690	10.0
999	10747.741828	149.810	10.0
1000	11356.918020	154.944	9.000025815778605
1001	11451.169642	153.422	9.000013035940087
1002	12207.717241	163.138	7.999975480881217
1003	12367.711035	163.963	7.999975604252179
1004	13358.270490	170.100	7.000000000000001
1005	12860.944163	163.500	8.0
1006	13518.647944	175.043	6.999994287118022
1007	13508.260002	177.143	6.999994354843262
1008	14225.894109	191.400	6.999999999999999
1009	14080.147325	186.786	6.999989292559399
1010	15585.938049	199.033	6.000010048584909
1011	14681.279056	190.029	6.999984212935921
1012	15060.330639	200.014	7.000009999300048
1013	16244.894761	198.717	5.999989935435821
1014	16941.985750	217.217	5.99999079261752
1015	16363.588430	211.250	6.0
1016	17747.700644	236.660	5.0
1017	17196.931236	224.233	6.00000891929377
1018	18552.350828	231.000	5.0
1019	18641.219763	230.980	5.000000000000001
1020	19423.645808	256.140	5.0
1021	19116.784703	249.240	5.0
1022	20513.264574	325.250	4.0
1023	21564.780890	303.260	5.0
