-1	0	90	0
0	0.091254	95.850	547.9989567031821
1	0.091522	95.831	550.9981112583611
2	0.099091	96.442	505.0019700960163
3	0.099441	96.471	507.99929512495976
4	0.107295	97.332	465.99987671063985
5	0.106758	97.573	468.9996207967368
6	0.121502	98.799	415.9981376329719
7	0.121687	99.104	410.9985469809493
8	0.129136	99.771	387.999518898277
9	0.129611	99.911	385.9995395902353
10	0.136757	100.742	364.9987095749538
11	0.136822	100.842	364.9987108546042
12	0.144707	101.583	346.0008072216808
13	0.144523	101.632	345.9992915617128
14	0.153679	102.668	325.0009740133245
15	0.151713	102.905	329.9985423448812
16	0.167555	105.149	297.99902994797856
17	0.168061	105.488	296.9987107538298
18	0.175138	106.220	284.9990585577104
19	0.174712	106.661	285.9995687270886
20	0.183884	106.976	277.0004486987736
21	0.183297	107.531	272.00063237578
22	0.189826	108.487	263.00017513619144
23	0.190507	109.026	262.0008071469191
24	0.205730	111.148	243.00032389246772
25	0.205202	111.701	242.99961504373283
26	0.213290	112.277	238.9999732803691
27	0.213079	113.178	235.0006184947605
28	0.222428	114.377	224.00045463685882
29	0.220264	114.700	227.0
30	0.281225	139.207	176.99971984167462
31	0.281160	142.367	177.00028798808714
32	0.122160	96.818	409.0014253547894
33	0.122778	97.010	407.9991753427482
34	0.132535	97.582	377.9990162120063
35	0.131880	97.966	378.998836330972
36	0.142233	98.414	357.0010364379052
37	0.142722	98.704	350.001013130167
38	0.163318	100.379	306.0012552426304
39	0.163164	100.709	306.00045676156054
40	0.173867	101.346	287.0009669843901
41	0.173472	101.606	289.0006495679389
42	0.183892	102.457	272.00093697843977
43	0.184340	102.687	271.00022398161406
44	0.193941	103.392	257.99965181058496
45	0.194333	103.763	256.99912300145525
46	0.204813	104.648	243.99892974543232
47	0.204190	104.977	244.00106690036864
48	0.226256	107.397	220.0005586748233
49	0.224895	107.551	222.00072523732928
50	0.234117	108.407	212.99916057081185
51	0.234904	108.983	212.0009542772726
52	0.244947	109.666	204.0003282694728
53	0.243444	109.957	204.99922697054302
54	0.256432	111.152	193.9992082913488
55	0.255285	111.219	200.99982916587993
56	0.276043	113.912	179.9994732776178
57	0.275275	114.510	181.0007859575583
58	0.284776	115.853	175.00021579070028
59	0.286909	116.301	174.000223557837
60	0.295223	117.661	168.9999235090642
61	0.295618	118.298	168.00030431621835
62	0.375537	143.247	131.99997207620402
63	0.374968	146.080	132.999726177437
64	0.165796	97.887	301.99924402627516
65	0.165469	98.310	301.99877937137626
66	0.179535	99.051	278.99970722153233
67	0.179647	99.364	278.0010869127652
68	0.193050	99.910	259.0011009908918
69	0.193210	100.400	258.99900398406373
70	0.221516	102.229	226.00044997016502
71	0.221266	102.079	231.0004996130448
72	0.233795	103.303	213.99959342903884
73	0.235216	103.889	212.00030802106096
74	0.248172	104.682	201.00017194933224
75	0.248478	105.326	201.0007025805594
76	0.262942	105.613	190.00028405594009
77	0.260928	106.640	191.00056264066015
78	0.276511	107.577	179.99944225996262
79	0.275559	108.101	180.99925070073357
80	0.304044	110.641	163.99978308222086
81	0.303760	110.855	164.0007216634342
82	0.317033	112.669	157.0005946622407
83	0.318247	112.483	157.00061342602882
84	0.332626	113.581	149.99955978552748
85	0.331528	114.259	150.00043760228954
86	0.347237	114.994	144.00055655077657
87	0.343435	115.138	145.99958310896488
88	0.374361	117.943	132.99983890523387
89	0.373298	119.260	133.00016770082172
90	0.387757	120.088	128.0002997801612
91	0.387210	120.491	128.00043156750297
92	0.401818	121.772	123.99977006208324
93	0.404988	122.824	123.00039080310037
94	0.499785	150.452	100.0
95	0.499156	152.739	99.00025533753659
96	0.211055	99.238	236.99893186077912
97	0.210504	99.671	237.99901676515734
98	0.227361	100.461	220.00079632892366
99	0.228082	100.969	219.00088145866553
100	0.245475	101.496	203.99917238117757
101	0.245854	102.185	202.99946176053237
102	0.280860	104.262	178.00061383821526
103	0.280972	105.061	177.00002855483956
104	0.298114	105.039	172.99955254714916
105	0.297651	106.405	168.00056388327616
106	0.315608	107.219	157.9999813465897
107	0.315995	107.592	158.00059483976503
108	0.333805	107.970	148.9997221450403
109	0.333004	108.765	149.99954029329288
110	0.349975	109.644	143.00007296340885
111	0.350981	109.810	141.9998178672252
112	0.386262	112.553	128.99967126598136
113	0.385932	113.349	128.999814731493
114	0.401936	114.377	124.0004546368588
115	0.403589	114.997	122.9997304277503
116	0.420895	116.294	119.00012038454263
117	0.420312	115.869	124.00037973918822
118	0.440534	118.257	112.99965329747921
119	0.439264	118.714	113.00015162491367
120	0.472170	121.846	104.99975378756791
121	0.472660	122.990	105.99967477030653
122	0.492788	123.850	100.99959628582963
123	0.490225	125.001	101.999984000128
124	0.507501	126.454	98.00006326411186
125	0.510408	126.723	98.00036299645684
126	0.628190	156.073	78.00003844354886
127	0.627568	159.044	79.00015090163728
128	0.255954	100.642	194.99910574114188
129	0.256664	101.072	195.00059363621972
130	0.278661	102.023	178.99983337090654
131	0.276587	102.720	180.0
132	0.299056	103.134	166.99924370236778
133	0.298018	104.142	168.00042250004805
134	0.340276	106.725	146.00046849379245
135	0.341110	106.777	145.9996066568643
136	0.362040	106.870	137.9994385702255
137	0.364252	107.779	136.99978660035816
138	0.384132	108.486	130.00018435558505
139	0.384424	109.199	130.00027472779055
140	0.406098	110.187	121.99987294326917
141	0.404864	110.757	122.99990068347824
142	0.425984	111.877	116.99991955451077
143	0.431452	112.416	115.99950185027043
144	0.469639	115.899	106.00005176921285
145	0.470126	116.246	106.00020645871686
146	0.491230	117.644	100.99962599027575
147	0.492872	118.403	100.99997466280415
148	0.512652	119.366	96.99998324481008
149	0.512884	120.389	96.99972588857787
150	0.534891	121.880	92.99967180833606
151	0.533405	122.549	93.99995103999217
152	0.576276	126.558	86.00009481818613
153	0.576103	126.909	86.00020487120693
154	0.595138	128.649	83.99987563059176
155	0.597774	129.271	84.00027848473363
156	0.617978	131.554	79.99984797117533
157	0.618431	132.785	80.0
158	0.748716	162.320	65.99987678659438
159	0.752289	165.620	65.0
160	0.301562	102.047	170.00009799406158
161	0.301778	102.802	165.00068092060465
162	0.327786	103.414	151.9997292436227
163	0.327595	104.064	153.00007687576877
164	0.350152	104.492	142.00034452398268
165	0.350381	104.780	143.00057262836418
166	0.402249	107.614	123.99966547103537
167	0.401505	108.064	123.99966686408055
168	0.428080	109.294	115.99996340146761
169	0.427027	109.850	117.00045516613565
170	0.452011	110.629	110.99982825479755
171	0.451447	111.753	109.99973155083084
172	0.476268	112.087	110.00026764923675
173	0.477468	113.225	104.0
174	0.502830	114.354	98.99959774035014
175	0.501750	114.023	104.00007016128325
176	0.551474	119.040	90.99966397849462
177	0.552585	119.412	90.0001674873547
178	0.576957	120.573	86.00018246207692
179	0.578156	121.287	87.00025559210798
180	0.602870	122.636	83.0000978505496
181	0.604324	123.699	81.99985448548492
182	0.628446	125.613	78.99978505409472
183	0.626438	126.409	78.99991298087951
184	0.678198	131.178	73.00004573937703
185	0.677517	132.044	72.99990912120202
186	0.704457	133.439	71.00023231588966
187	0.703477	134.527	70.0000743345202
188	0.733196	136.518	67.99982419900672
189	0.727997	137.224	67.9997668046406
190	0.880426	168.229	55.99985733731995
191	0.878255	172.388	55.99983757570133
192	0.347588	103.393	144.0000773746772
193	0.347093	103.368	144.0000773933906
194	0.376541	104.454	133.00017232465967
195	0.375172	105.106	133.0000190284094
196	0.405226	105.974	122.99998112744635
197	0.403840	106.534	123.99984981320517
198	0.463167	109.998	108.00014545719011
199	0.463215	109.995	108.00036365289331
200	0.491057	110.894	101.00005410572257
201	0.491696	111.144	106.99992802130569
202	0.521729	113.596	94.9998239374626
203	0.520519	114.086	95.00026295952178
204	0.549846	115.143	90.99988709691426
205	0.549199	116.057	91.0001120139242
206	0.578564	117.597	85.99964284803184
207	0.577566	117.717	86.0003228080906
208	0.635637	121.995	77.99991802942743
209	0.639743	122.766	77.00014662039978
210	0.664298	124.245	75.00020121534065
211	0.664441	125.047	74.00017593384888
212	0.693269	126.949	71.9997794389873
213	0.694635	127.972	70.9999062294877
214	0.723307	129.542	69.0000154390082
215	0.723971	130.818	67.99981653900839
216	0.782861	135.860	63.00014721036361
217	0.782474	137.070	62.99992704457576
218	0.811090	139.370	61.0002152543589
219	0.810342	140.570	61.000213416803014
220	0.838964	143.407	58.99990934891602
221	0.842481	143.314	58.99981858018059
222	1.001439	174.173	49.000132052614354
223	1.001650	176.400	49.0
224	0.391933	104.277	127.99946296882342
225	0.392755	104.433	127.00008617965585
226	0.425417	106.150	116.99952896844088
227	0.426003	106.763	117.00027162968443
228	0.458377	107.465	107.99981389289536
229	0.460461	108.577	107.99985263914088
230	0.524360	111.376	94.99982042809941
231	0.524625	112.038	94.99991074456881
232	0.557266	113.664	89.00003519144144
233	0.556711	114.174	90.00035034245975
234	0.590247	115.252	84.99982646721966
235	0.590725	116.286	83.9997936123007
236	0.624656	117.785	78.99987264931868
237	0.623846	118.198	79.99966158479839
238	0.655506	119.728	75.99976613657624
239	0.656881	120.962	75.99990079529108
240	0.722204	125.484	69.0000318765739
241	0.719769	126.593	68.99986571137424
242	0.754678	128.194	65.9999687972916
243	0.753399	128.473	65.9998598927401
244	0.788271	130.595	63.00011485891497
245	0.787014	131.822	63.000106203820295
246	0.818238	134.908	60.00014824917722
247	0.819407	135.388	60.00014772357964
248	0.884492	140.007	56.00005714000014
249	0.883921	141.968	55.99994364927308
250	0.917709	144.161	54.00004162013305
251	0.919098	144.685	54.00006911566506
252	0.950202	146.935	51.9998638853915
253	0.952632	148.827	51.999973123156416
254	1.125506	180.614	43.99991141329022
255	1.125453	184.609	44.000021667416
256	0.436396	106.426	115.00009396200177
257	0.437293	106.334	114.00022570391408
258	0.471783	108.024	105.99959268310745
259	0.472838	107.973	105.00032415511286
260	0.511620	109.627	96.99982668503198
261	0.508110	110.657	98.00012651707529
262	0.583006	114.616	85.00034899141481
263	0.584231	115.436	85.00034651235316
264	0.619023	116.994	80.99988033574371
265	0.621554	117.899	79.99983036327704
266	0.658785	120.321	76.00003324440455
267	0.653687	120.733	75.99993373808321
268	0.692522	122.756	71.99973932027763
269	0.687521	123.787	72.00029082213803
270	0.729794	127.065	67.99984260024397
271	0.729817	127.500	68.0
272	0.804215	133.315	61.999774969058244
273	0.804351	134.126	61.99991053188792
274	0.838667	137.605	59.00003633588896
275	0.840867	137.669	59.00021065018268
276	0.876844	140.734	55.99997157758608
277	0.870114	140.944	56.99994323986832
278	0.912519	143.613	53.99998607368414
279	0.902455	144.609	55.000034575994576
280	0.980357	151.763	50.99991434012242
281	0.980698	153.312	50.999921728240444
282	1.020780	157.082	48.99988541016794
283	0.999262	155.571	49.00013498659776
284	1.061177	161.241	46.00008682655156
285	1.055327	161.804	46.00009888507083
286	1.262887	209.732	37.999923712166
287	1.345515	217.589	35.999981616717754
288	0.483686	107.770	102.99990720979864
289	0.482327	107.759	103.99966592117596
290	0.523114	109.522	95.00009130585636
291	0.524817	110.129	96.00014528416675
292	0.564844	111.739	89.00025953337688
293	0.563708	111.682	87.99985673608997
294	0.645196	116.712	76.99979436561792
295	0.647238	117.596	77.00006802952481
296	0.684076	120.010	72.9997500208316
297	0.685038	120.626	72.000232122428
298	0.725389	123.219	68.99991072805331
299	0.726259	123.663	68.0001293838901
300	0.766582	126.594	64.99992100731473
301	0.763982	126.897	64.99996059796527
302	0.804599	129.841	60.9999922982725
303	0.803368	129.955	61.99992305028663
304	0.888483	136.314	56.00011737605823
305	0.882420	137.351	54.99996359691593
306	0.925775	139.900	53.0
307	0.922121	140.130	53.00007136230643
308	0.963832	142.829	51.000147028964705
309	0.968467	144.625	51.000172860847016
310	1.005079	147.161	49.00007474806504
311	0.999799	147.345	48.99996606603549
312	1.076549	155.804	45.00012836640908
313	1.087630	156.536	44.99987223386314
314	1.128414	160.611	44.00009961957774
315	1.121694	161.730	43.99987633710506
316	1.162616	166.117	41.99991572205133
317	1.163534	166.538	42.00002401854231
318	1.381993	216.011	35.0000694409081
319	1.411852	215.451	35.000069621398836
320	0.526837	109.232	93.9999267613886
321	0.529209	109.162	93.99974350048552
322	0.570092	110.879	87.00024350868965
323	0.571953	111.186	87.00016189088555
324	0.615947	113.446	80.99977081607109
325	0.615387	114.346	80.00017490773617
326	0.703603	119.323	69.99991619386037
327	0.702452	119.715	71.0002923610241
328	0.748111	122.493	66.99974692431404
329	0.750587	123.395	66.0002431216824
330	0.791573	125.382	62.00012761002376
331	0.792165	125.754	62.99998409593333
332	0.835575	128.727	59.000054378646276
333	0.835608	129.142	59.999845131715475
334	0.878466	132.493	56.99999245243146
335	0.880872	132.327	55.99990931555919
336	0.963195	138.335	51.000108432428526
337	0.967115	139.927	51.000164371422244
338	1.010346	141.784	48.99988715228799
339	1.007060	142.986	48.99990208831635
340	1.057014	146.179	46.999911067937255
341	1.063187	147.541	46.000094888878344
342	1.096853	150.787	44.99990052192828
343	1.100617	151.713	45.00009887089439
344	1.179377	160.510	41.999875397171515
345	1.185419	161.757	42.00003709267605
346	1.229994	164.977	40.000121229019804
347	1.234737	166.363	39.99987978096091
348	1.265288	171.451	39.00006415827263
349	1.273194	171.667	38.9999242719917
350	1.557905	224.919	31.99996443163983
351	1.513251	224.047	31.99998214660317
352	0.574149	110.610	87.00027122321671
353	0.573823	110.131	87.00002724028657
354	0.620805	112.563	80.99997334825831
355	0.620956	112.540	80.0
356	0.668444	115.269	73.99994794784374
357	0.670182	115.313	75.00021680122796
358	0.764535	121.474	64.99991767785698
359	0.764652	122.752	65.00016293013556
360	0.808592	124.041	60.999991938149485
361	0.813489	125.370	61.00023929169658
362	0.862003	127.779	56.9999765219637
363	0.861680	128.595	56.9998833547183
364	0.913118	130.257	54.0001688968731
365	0.905774	131.369	53.999802084205555
366	0.955704	134.796	51.00002967447106
367	0.948141	134.906	51.99991104917498
368	1.053622	141.494	46.9998727861252
369	1.047175	142.306	47.00012648799066
370	1.098279	145.720	45.0
371	1.101294	146.191	45.00003420183185
372	1.150051	151.102	43.00009265264523
373	1.145336	150.835	42.99996685119501
374	1.190350	155.749	40.99994221471727
375	1.197643	155.978	41.0000128223211
376	1.283478	165.995	37.999939757221604
377	1.292576	165.813	38.000036185341315
378	1.338954	169.454	37.000011802613095
379	1.336699	170.935	37.00002925088484
380	1.389079	176.829	34.999915172285085
381	1.374639	176.181	35.99990918430478
382	1.667445	228.590	28.9999562535544
383	1.662693	230.379	29.000039066060708
384	0.620460	111.955	80.0
385	0.618088	111.348	81.00010777023387
386	0.670941	114.118	73.99971958849613
387	0.671167	114.466	74.00013977949784
388	0.725156	117.249	69.00016204829039
389	0.722451	117.835	68.00016972885815
390	0.821433	122.707	60.99977996365326
391	0.824838	123.973	60.000161325449895
392	0.880677	126.402	55.999905064793275
393	0.876341	126.861	55.99987387770867
394	0.928864	128.925	52.99980608881132
395	0.928406	130.217	52.99999232051114
396	0.974335	133.158	50.0
397	0.977602	133.256	50.0
398	1.028586	136.842	47.99988307683313
399	1.023183	136.847	48.99997807770722
400	1.134345	144.368	44.00005541394215
401	1.135570	146.602	43.00009549665079
402	1.180419	150.010	41.99986667555496
403	1.185861	151.186	41.999920627571335
404	1.232558	154.485	39.99999999999999
405	1.238878	154.850	40.0
406	1.287630	159.345	37.9999372430889
407	1.283408	159.023	39.0000188651956
408	1.397257	169.051	35.00008873061976
409	1.385438	169.920	35.0
410	1.441715	175.406	33.00001140211851
411	1.435537	176.450	34.0
412	1.489147	180.467	32.999939047027986
413	1.494606	181.900	33.0
414	1.794973	235.830	26.9999575965738
415	1.793804	238.348	27.00001678218403
416	0.666084	113.208	75.0
417	0.660622	112.351	74.99977748306645
418	0.716602	115.877	68.99988781207661
419	0.715357	116.259	69.99974195546152
420	0.770365	118.759	64.00020208994687
421	0.772477	119.439	64.00003348989861
422	0.889214	124.739	56.00012826782321
423	0.889818	125.689	56.000127298331606
424	0.937358	127.455	52.99988231140403
425	0.939422	129.058	51.99987602473307
426	0.992590	132.034	50.0
427	0.997697	132.298	50.0
428	1.053378	135.313	46.99991870699785
429	1.050651	136.517	46.000131851710776
430	1.097399	139.302	45.0000717864783
431	1.103135	139.551	45.00003582919506
432	1.213356	149.073	41.00004695686006
433	1.214058	149.329	41.00007366285182
434	1.281029	153.876	38.000077984870934
435	1.254999	152.875	40.0
436	1.320210	157.908	37.00002533120552
437	1.331283	158.492	36.99997476213311
438	1.375570	162.308	36.000073933509135
439	1.377166	162.900	36.0
440	1.481246	174.130	33.000057428358126
441	1.494522	172.924	33.00004626309824
442	1.533562	180.291	31.999933440937152
443	1.540144	180.139	30.999950038581318
444	1.584595	186.294	30.99992484996833
445	1.610220	188.243	30.000053122825285
446	1.903425	240.415	26.000041594742427
447	1.896897	241.223	26.000008291083354
448	0.709649	114.857	70.0000870647849
449	0.711457	114.311	70.00026244193472
450	0.766530	117.120	65.0
451	0.769908	118.168	64.99983074944147
452	0.831191	120.295	60.0
453	0.824013	121.322	59.99983514943703
454	0.945978	126.262	51.9998099190572
455	0.949086	127.185	51.99984274875182
456	1.002857	130.240	50.0
457	1.007774	130.110	49.00007685804319
458	1.066582	133.548	45.999940096444725
459	1.064777	134.752	46.00005936832106
460	1.128719	139.588	43.000114623033504
461	1.121504	139.089	43.99988496574136
462	1.188667	141.790	42.00014105367092
463	1.178461	143.921	42.00012506861403
464	1.298851	151.663	38.00003956139599
465	1.297850	152.653	37.99990828873327
466	1.362314	156.206	35.99989757115604
467	1.362554	156.635	37.00003192134581
468	1.421797	161.824	33.99990112715048
469	1.423457	161.329	34.99990702229605
470	1.484125	167.730	33.00005961962678
471	1.482019	166.159	33.999963890008964
472	1.593562	179.017	29.999944139383413
473	1.610087	177.813	30.9999831283427
474	1.662407	185.362	29.000010789697996
475	1.660797	186.048	29.000042999656
476	1.726566	190.452	28.999957994665326
477	1.724305	193.036	27.999958556953107
478	2.036912	248.438	23.99995169821042
479	2.067440	250.625	24.0
480	0.754747	116.815	66.00008560544451
481	0.756499	115.736	66.00020736849382
482	0.822009	118.840	59.99999999999999
483	0.821529	119.208	61.00010066438494
484	0.886098	121.555	56.000164534572825
485	0.885030	122.061	55.99986891800001
486	1.010162	128.449	48.999992214808984
487	1.011802	128.490	48.99992217293174
488	1.075728	132.739	46.00004520148562
489	1.077745	132.491	46.00010566755478
490	1.136412	136.642	42.999956089635695
491	1.138515	136.418	44.00005864328754
492	1.200078	140.688	40.99994313658592
493	1.200414	142.488	40.99994385492111
494	1.265624	144.910	39.00006900835001
495	1.264639	145.477	38.9999793781835
496	1.392860	155.240	34.99999999999999
497	1.392665	154.991	35.00009677981302
498	1.459992	158.929	34.0000880896501
499	1.457019	161.170	32.99993795371348
500	1.517679	165.778	32.00002412865398
501	1.520444	165.737	32.00009653849171
502	1.579540	170.719	31.000064433367115
503	1.582118	171.329	31.000005836723496
504	1.707450	184.186	29.0000325757658
505	1.707954	184.418	27.99997831014326
506	1.771051	188.846	28.000063543839953
507	1.775387	192.096	27.000041645843748
508	1.839376	197.333	27.00004560818515
509	1.837123	199.577	25.999989978805175
510	2.181287	255.514	21.999968690560987
511	2.165795	255.100	22.0
512	0.787244	117.431	64.00013625022353
513	0.787088	117.151	62.999889032103866
514	0.849620	119.210	58.000167771160136
515	0.854162	119.897	57.99978314720134
516	0.927652	122.945	53.00012200577495
517	0.915826	123.054	53.999869975782985
518	1.043478	128.754	48.00006213399195
519	1.050964	130.394	46.9998619568385
520	1.107453	134.161	44.000119259695445
521	1.103509	133.991	43.999970147248696
522	1.172310	137.571	42.0001308415291
523	1.175105	139.531	41.99998566626771
524	1.253781	142.887	39.00004898976114
525	1.245312	142.847	40.0001400099407
526	1.320173	146.684	36.99994546099098
527	1.302719	147.939	38.000121671770124
528	1.429587	156.406	33.999974425533544
529	1.443196	156.865	33.99993625091639
530	1.483635	160.424	33.000049867850194
531	1.485046	162.818	33.000036850962424
532	1.558410	166.858	31.000011986239798
533	1.553356	166.978	32.00002395525159
534	1.663417	174.797	28.999925628014214
535	1.634707	172.590	30.0
536	1.773261	186.411	27.999957084077657
537	1.758550	186.670	27.00005357047196
538	1.824688	190.859	27.000036676289824
539	1.831370	195.115	26.000051251825845
540	1.922469	200.946	26.000019905845352
541	1.930814	203.196	25.0
542	2.257275	260.738	21.000007670535172
543	2.272187	264.424	20.999984872780082
544	0.820879	118.733	60.99989051064152
545	0.820589	118.161	60.99982227638561
546	0.905325	119.900	55.0
547	0.909344	120.775	54.99979300351894
548	0.964833	123.722	50.999822181988655
549	0.957357	123.919	52.00009683745027
550	1.095542	130.769	44.99996176463841
551	1.105490	131.887	44.9998862662734
552	1.171380	136.179	41.999867821029675
553	1.167710	136.342	42.99995599301755
554	1.242366	140.570	40.0
555	1.247568	141.641	39.000007060102654
556	1.299829	145.557	36.99993816855253
557	1.288225	146.158	37.999972632356766
558	1.364594	148.800	36.0
559	1.358424	149.317	35.99991963406711
560	1.489455	159.079	32.99995599670604
561	1.491926	159.627	33.00005638143923
562	1.574983	164.910	30.9999393608635
563	1.565084	165.071	30.999993942000714
564	1.650300	169.297	29.999940932207892
565	1.641283	171.473	30.000058318219192
566	1.721148	177.318	27.999977441658487
567	1.731292	178.054	27.999932604715422
568	1.809835	191.258	25.99995817168432
569	1.821457	189.741	26.999963107604575
570	1.899726	197.069	26.0000304461889
571	1.877748	197.716	24.999999999999996
572	2.024400	204.117	23.999960806792185
573	1.951408	204.848	24.999999999999996
574	2.340836	265.262	20.99999246028455
575	2.305980	262.048	20.99996947124191
576	0.856818	118.567	58.00011807669925
577	0.864773	117.989	57.00022883489138
578	0.931723	120.770	52.999917197979634
579	0.953912	122.071	52.0000655356309
580	1.005849	124.782	48.999855748425254
581	0.990370	124.710	50.99991981396841
582	1.160148	132.726	42.9998643822612
583	1.162691	134.671	42.000133659065426
584	1.214972	137.907	40.000145025270655
585	1.222814	138.680	40.0
586	1.279885	141.051	39.00007798597671
587	1.281611	141.474	39.000098958112446
588	1.386245	146.994	36.000108847980194
589	1.380293	147.826	34.99993235290138
590	1.435177	151.456	33.99997358968942
591	1.392224	150.478	35.999946836082344
592	1.590082	161.894	30.99991352366363
593	1.565131	162.413	30.99998152857222
594	1.706301	169.097	28.999923121048866
595	1.671296	169.476	28.999976397838044
596	1.751475	173.989	28.00004597991827
597	1.714318	174.397	28.999925457433328
598	1.762688	179.863	26.99999444021283
599	1.782098	180.264	28.00004437935472
600	1.853729	191.150	25.999999999999996
601	1.936973	193.484	25.0
602	2.001871	200.817	23.999960162735228
603	2.045751	201.175	23.999999999999996
604	2.085458	210.691	23.000033224010515
605	2.001525	206.221	23.999980603333317
606	2.443432	267.345	19.999999999999996
607	2.426054	272.211	18.99996693741252
608	0.905792	120.527	55.00012445344197
609	0.885869	119.371	56.0002010538573
610	0.976891	121.955	50.99995900127096
611	0.963692	122.392	52.00013072749853
612	1.032674	125.273	47.9999680697357
613	1.065768	126.381	46.999944611927425
614	1.203645	134.290	41.00007446570854
615	1.203565	134.761	40.99999257945548
616	1.260823	138.532	40.000144370975654
617	1.268508	139.633	39.000093101201
618	1.306816	142.211	37.99987342751264
619	1.326803	142.462	37.00004211649423
620	1.418416	148.712	33.999946204744745
621	1.387347	146.908	36.00008168377488
622	1.464838	152.945	33.00009807447122
623	1.534612	154.759	32.00007753991691
624	1.607236	162.390	31.000061580146564
625	1.590571	163.306	31.000085728632136
626	1.692194	170.059	28.999935316566603
627	1.692507	170.359	28.99993543047329
628	1.794099	175.933	27.000051155837735
629	1.769832	174.207	28.000022961189853
630	1.810580	179.993	26.999938886512254
631	1.883842	184.469	26.000032525790242
632	2.004726	197.137	24.000060871373716
633	1.989365	199.463	23.999939838466286
634	2.059053	202.158	24.000039573007253
635	2.102540	207.239	23.00001447603974
636	2.115725	211.048	22.99998104696562
637	2.074328	211.243	23.000052072731407
638	2.507309	276.000	19.0
639	2.514223	278.368	19.00002873893551
640	0.972854	121.790	51.000082108547495
641	0.901684	119.507	55.000125515660166
642	0.983989	122.500	51.0
643	1.010332	123.406	49.00004862000226
644	1.086713	126.407	44.99988133568553
645	1.075747	126.789	46.00004732271727
646	1.256063	135.972	38.99994116435736
647	1.238663	135.537	40.00014756118255
648	1.296015	139.776	38.00008585164835
649	1.296821	140.171	38.0000142682866
650	1.366024	143.325	36.0
651	1.426999	145.134	35.00006890184244
652	1.444397	148.718	33.999919310372654
653	1.423473	147.634	35.00006773507458
654	1.516770	153.666	31.99992190855492
655	1.516139	153.870	32.999935010073436
656	1.670890	164.500	29.0
657	1.667821	164.886	29.0000363887777
658	1.732100	170.243	27.99997650417345
659	1.837899	174.950	26.0
660	1.823596	174.778	26.999965670736593
661	1.839460	177.137	27.00000564534795
662	1.918283	184.504	25.000000000000004
663	1.874332	183.919	26.000032623056885
664	2.068080	197.939	23.000015156184485
665	2.142220	204.339	23.00001468148518
666	2.217540	212.424	20.999981169735996
667	2.125880	205.830	23.000048583782732
668	2.222689	217.336	22.0000368093643
669	2.160030	211.874	22.999990560427428
670	2.572226	278.917	17.999978488224098
671	2.623749	281.317	17.99997867174753
672	1.002151	122.164	50.0
673	0.929853	120.050	54.0
674	1.055970	123.779	46.99989497410708
675	1.066720	124.730	46.999919826825945
676	1.154919	128.116	43.00009366511598
677	1.160215	128.909	43.00010084633347
678	1.270700	136.133	39.000095494846946
679	1.266597	136.608	38.99991215741391
680	1.394157	141.760	35.00000000000001
681	1.341523	140.646	36.999985779901316
682	1.419863	143.974	35.000069456985294
683	1.415687	145.277	35.00003441701026
684	1.522121	150.544	31.99994685938994
685	1.492128	151.176	32.99994708154734
686	1.603962	155.950	30.000000000000004
687	1.561823	155.677	31.000083506234063
688	1.681177	165.121	28.99994549451614
689	1.715841	167.143	27.999976068396524
690	1.749858	170.354	27.999929558448873
691	1.841426	174.538	26.000068752936322
692	1.852790	177.148	27.000022579989615
693	1.876142	180.362	25.99993346713831
694	1.921405	183.472	25.0
695	2.023349	188.779	24.000021188797483
696	2.054939	196.830	23.000050805263427
697	2.098108	197.965	23.000025256989872
698	2.175779	206.118	22.000019406359467
699	2.221403	209.845	22.000047654220975
700	2.269797	219.533	21.000031885866818
701	2.268088	220.586	20.99997279972437
702	2.431866	263.590	20.000000000000004
703	2.626861	279.100	18.999999999999996
704	0.987369	121.448	50.0
705	0.979809	120.642	50.00000000000001
706	1.071185	123.859	45.99988696824615
707	1.077395	125.139	46.00004794668329
708	1.120130	127.176	44.999842737623446
709	1.119002	128.230	43.99984403025814
710	1.317355	137.619	36.999978200684495
711	1.342632	138.259	37.00012295763749
712	1.385464	141.194	36.00011331926286
713	1.392567	141.856	35.99988720956463
714	1.457538	145.515	33.99993127856235
715	1.534148	148.566	31.99991922781794
716	1.537496	150.563	31.999893732191843
717	1.529946	150.744	31.999946929894392
718	1.656548	156.537	29.999936117339672
719	1.637673	157.753	30.00006339023664
720	1.760252	168.457	28.000023744931944
721	1.752884	168.625	28.0
722	1.823033	172.662	25.999930500052123
723	1.899940	176.146	26.00002270843505
724	1.950954	181.988	25.0
725	1.872161	179.468	25.0
726	2.010190	185.468	25.0
727	1.989916	187.967	23.999957439337752
728	2.190037	202.765	23.000024659088112
729	2.131867	203.522	22.999970519157635
730	2.262655	212.695	21.000023507839867
731	2.243033	213.138	21.00000938359185
732	2.321727	218.348	20.999963361239857
733	2.237827	214.827	22.00002792945021
734	2.838427	289.918	16.999979304492996
735	2.726939	282.189	17.999992912551516
736	0.982970	121.344	50.0
737	1.035988	121.727	48.00003286041716
738	1.100547	125.067	44.99988006428555
739	1.105481	126.149	44.999960364331066
740	1.167135	128.298	42.99989087904722
741	1.183184	129.438	42.00003090282606
742	1.355322	138.450	36.0
743	1.325878	137.930	36.99992749945624
744	1.496480	143.148	33.000111772431325
745	1.436358	142.651	35.00010515173395
746	1.500893	146.521	33.000047774721715
747	1.533967	148.894	31.999946270501162
748	1.577836	151.500	31.0
749	1.570168	151.468	30.999947183563528
750	1.672846	156.797	29.999936223269575
751	1.676179	159.210	29.000062810124994
752	1.817566	167.704	26.999952296904066
753	1.861945	170.377	25.99998826132635
754	1.889082	174.046	26.000022982429932
755	1.904354	176.412	25.0
756	1.927835	177.627	25.999988740450494
757	1.993031	183.546	23.99997820709795
758	2.099966	189.561	22.99998417395983
759	2.055890	189.125	24.0
760	2.225470	202.045	22.00004949392462
761	2.201426	200.600	22.0
762	2.293898	210.067	20.999966677298193
763	2.295694	211.838	21.00000944117675
764	2.362544	221.205	20.0
765	2.366594	221.095	20.0
766	2.897811	285.029	17.00002455890453
767	2.880289	293.094	15.999986352501246
768	1.028878	122.323	47.99996729969017
769	1.074235	123.291	46.00011355248964
770	1.114678	123.870	44.000161459594736
771	1.116255	125.886	44.00012709912143
772	1.240007	130.860	39.99999999999999
773	1.185435	129.417	41.999891822558084
774	1.410481	138.154	35.00007238299289
775	1.392644	139.083	34.99996405024338
776	1.449848	142.938	34.00005596832193
777	1.505837	144.694	31.999944710907158
778	1.579601	148.752	30.999919328815746
779	1.605346	149.271	30.9999933007751
780	1.605063	152.835	31.00009814505839
781	1.667186	154.893	29.00001936820902
782	1.750752	159.025	27.999999999999996
783	1.760953	160.804	27.99992537499067
784	1.884704	171.246	26.000023358209823
785	1.906387	172.744	25.000000000000004
786	1.957660	175.448	24.999999999999996
787	1.993826	179.017	23.999955311506728
788	2.138671	186.126	23.00001074540902
789	2.069646	186.270	22.999946314489716
790	2.196518	190.905	21.999947617925145
791	2.106431	191.613	23.000005218852586
792	2.300439	206.705	20.99997581093829
793	2.286089	207.186	20.999971040514318
794	2.394894	216.725	20.0
795	2.615146	225.861	18.000008855003742
796	2.489705	225.789	19.000039860223485
797	2.583327	229.437	18.999986924515227
798	2.892081	282.482	17.000021240291414
799	2.908612	292.725	16.0
800	1.087351	123.922	45.99990316489404
801	1.085679	123.480	46.00016196954972
802	1.172746	126.243	41.99995247261234
803	1.138659	125.570	42.999920363144064
804	1.280717	131.774	39.00010624250611
805	1.240654	130.752	40.00015296133137
806	1.441682	139.518	33.99991398959274
807	1.429843	141.371	33.99990096978871
808	1.526521	145.466	31.99991750649636
809	1.497249	143.588	32.99997214251887
810	1.602779	148.110	30.999932482614266
811	1.593469	149.248	31.00008040308748
812	1.672543	153.352	28.999947832437787
813	1.685900	153.497	28.999915307791028
814	1.755252	161.096	27.000049659830164
815	1.790912	161.004	27.999925467690247
816	1.911355	171.820	25.0
817	1.935768	171.712	25.000000000000004
818	2.038905	180.752	23.000022129768965
819	2.015544	179.913	23.999933301095528
820	2.170127	187.600	23.0
821	2.145917	185.961	22.99998386758514
822	2.147634	191.622	22.9999686883552
823	2.248159	193.891	21.99998968492607
824	2.395701	210.450	20.0
825	2.364868	209.930	20.0
826	2.551847	221.295	18.999977405725392
827	2.471009	219.347	19.000031912905126
828	2.523525	227.695	18.999978040800194
829	2.580307	231.400	18.0
830	2.963702	292.606	16.000013670259666
831	2.941320	295.012	16.00002711754098
832	1.097140	124.356	44.99983917141111
833	1.094942	123.742	45.0000808133051
834	1.194640	127.612	41.000062690029154
835	1.188667	127.412	41.99996860578281
836	1.273305	130.203	38.99986943465204
837	1.293905	131.546	39.0000456114211
838	1.478940	140.530	33.00007115918309
839	1.441925	139.576	34.00011463288818
840	1.538311	145.103	32.000027566625086
841	1.551519	147.213	30.999979621364965
842	1.646334	150.910	29.000066264661054
843	1.598523	149.055	30.999966455335276
844	1.709111	154.914	28.999961268833033
845	1.728196	156.443	27.999974431582107
846	1.771873	159.468	27.99997491659769
847	1.822985	163.888	26.000073220736112
848	2.007361	172.100	25.0
849	1.983717	174.388	23.999931187925775
850	2.168077	183.295	22.00005455686189
851	2.103361	181.222	22.999966891437023
852	2.177479	187.659	22.000010657628998
853	2.160061	187.070	22.99994654407441
854	2.296422	196.143	20.99998470503663
855	2.254855	197.410	20.999949344004865
856	2.423247	211.100	20.0
857	2.441327	207.965	20.0
858	2.518128	219.005	19.000022830528984
859	2.585483	226.150	18.0
860	2.613927	227.742	19.0000087818672
861	2.781319	239.818	16.99997498102728
862	2.997923	296.433	15.000016867217887
863	3.050275	297.688	15.999973126226116
864	1.146399	125.012	42.99987201228682
865	1.146737	124.949	42.99994397714268
866	1.184830	125.750	42.0
867	1.201190	127.102	41.000141618542585
868	1.295383	131.424	37.99990869247626
869	1.290092	131.621	38.999855646135494
870	1.491295	140.106	33.00001427490614
871	1.476965	140.597	32.9999928874727
872	1.574785	145.461	31.000061872254417
873	1.576061	145.181	30.999924232509763
874	1.673146	150.203	30.000066576566383
875	1.674273	151.990	28.999934206197775
876	1.763081	156.639	28.000051072849033
877	1.748325	156.550	27.999999999999996
878	1.879942	163.738	26.000073287813457
879	1.845177	162.642	26.000049187786672
880	2.044098	173.004	24.0000231208527
881	2.031287	174.363	23.999931178059565
882	2.120604	183.187	22.999994541097347
883	2.096180	180.100	24.0
884	2.221145	189.514	21.000031659930137
885	2.190890	188.582	21.99997878906789
886	2.285938	195.219	21.000005122452222
887	2.286253	196.238	21.00001019170599
888	2.468663	211.315	20.0
889	2.531064	212.584	19.000018816091522
890	2.572036	219.579	18.99999544583043
891	2.652839	226.094	18.00003538351305
892	2.708472	233.847	17.000004276300317
893	2.681726	232.550	17.999999999999996
894	3.049282	299.453	15.000016697111068
895	3.142658	305.473	15.000016368058716
896	1.159835	125.709	43.00010341343897
897	1.142144	124.686	43.00001604029321
898	1.252252	127.108	38.99990559209491
899	1.240313	128.345	40.0
900	1.378368	132.781	35.9998795008322
901	1.324926	132.481	37.00002264475661
902	1.536787	142.575	32.0
903	1.511860	142.281	32.00005622676253
904	1.633944	145.663	30.000068651613653
905	1.620385	146.637	29.999931804387707
906	1.743112	153.364	28.000052163480344
907	1.760778	154.548	27.00002588192665
908	1.776018	157.522	27.000038089917602
909	1.792331	157.826	26.99998732781671
910	1.880178	161.896	26.000024707219453
911	1.929454	163.232	25.0
912	2.081109	173.646	23.99997696462919
913	2.149644	179.109	22.999960917653496
914	2.246837	185.762	20.999989233535384
915	2.214166	185.377	22.000032366474805
916	2.296320	193.152	21.00004141815772
917	2.240196	188.477	22.000031834122996
918	2.374193	198.925	20.0
919	2.372819	199.470	20.0
920	2.534197	213.353	18.99996719052462
921	2.553255	216.628	17.999981535166278
922	2.821149	229.118	16.99997381262057
923	2.697269	226.344	18.000035344431485
924	2.801937	237.088	17.000016871372654
925	2.846082	234.000	17.0
926	3.151933	299.180	14.999999999999998
927	3.164349	303.987	14.999983551928207
928	1.167636	125.431	41.99998405497844
929	1.200280	126.110	40.99992070414717
930	1.281565	127.305	39.00003927575507
931	1.246396	127.778	39.99984347853308
932	1.351785	132.514	36.99986416529574
933	1.369416	132.903	35.999939805722974
934	1.607555	143.810	30.0
935	1.579766	143.713	30.99997912506176
936	1.656309	146.513	30.00006825332905
937	1.651261	147.760	30.000000000000004
938	1.731725	152.532	28.00002622400545
939	1.735373	152.814	28.99996073658173
940	1.850962	158.500	26.0
941	1.885729	160.065	26.000062474619686
942	1.944607	164.716	24.999999999999996
943	1.989531	165.017	23.99995152014641
944	2.138634	175.535	22.99997151565215
945	2.129612	178.774	22.999988812690884
946	2.192291	184.159	22.000010860180605
947	2.295624	186.981	20.999994651863023
948	2.328433	193.329	20.99995344723244
949	2.321413	189.762	20.999989460482077
950	2.403182	200.075	20.0
951	2.453456	201.800	18.999999999999996
952	2.584533	212.300	18.999999999999996
953	2.644027	219.422	18.00001822971261
954	2.701291	221.400	18.0
955	2.647188	224.972	18.000017779990397
956	2.902342	240.581	16.000016626416883
957	2.812435	234.871	16.999970196405688
958	3.291946	303.914	14.00001316161809
959	3.143471	301.333	15.000016592938708
960	1.214295	125.683	40.99997613042336
961	1.208766	125.820	40.999841042759506
962	1.298100	128.739	38.00013981777084
963	1.301997	129.511	37.999861015666625
964	1.418878	132.851	35.000112908446305
965	1.406106	133.472	36.00005993766483
966	1.621778	142.530	29.999999999999996
967	1.624212	143.343	30.000069762736935
968	1.639871	146.557	29.999931767162266
969	1.675394	147.669	28.99999322809797
970	1.771932	152.282	28.000026267057166
971	1.789618	154.737	27.000006462578437
972	1.870715	158.696	26.00002520542421
973	1.877383	159.554	25.999974930117702
974	2.019394	166.446	23.99997596818187
975	1.982011	166.033	24.0000481831925
976	2.246782	178.014	21.999955059714406
977	2.210159	179.686	22.00004452211079
978	2.341355	188.630	20.0
979	2.364129	188.685	20.0
980	2.443026	193.155	20.0
981	2.400270	195.080	20.0
982	2.520440	202.263	19.00001483217395
983	2.511495	203.705	19.00002454529835
984	2.668226	217.667	17.999972434957986
985	2.712753	216.000	18.0
986	2.863328	229.665	16.999978229159865
987	2.717119	222.983	18.00002690788087
988	2.929352	242.725	16.0
989	2.984305	244.531	16.0000163578442
990	3.454459	306.314	14.00001305849553
991	3.299507	307.650	14.000000000000002
992	1.235401	126.278	39.99984161928444
993	1.221623	126.442	40.000158175289855
994	1.322225	129.524	37.000092646922575
995	1.355174	130.344	36.00012275210213
996	1.401440	132.823	34.999962355917276
997	1.447091	134.974	33.9998814586513
998	1.656711	143.623	30.000069626731094
999	1.649501	144.590	29.999999999999996
1000	1.725711	147.771	28.000081206732045
1001	1.759504	148.532	28.000026930223786
1002	1.855693	153.746	26.000026016937024
1003	1.814741	153.533	27.000058619319624
1004	1.996128	159.756	25.0
1005	1.955516	160.517	23.999950161042133
1006	2.042990	167.092	23.999952122184183
1007	2.116414	168.370	22.999940606996496
1008	2.263398	178.186	22.00004489690548
1009	2.258431	181.662	20.999988990542874
1010	2.369415	187.775	20.0
1011	2.294191	186.119	21.000005372906582
1012	2.490202	195.111	18.99995387241109
1013	2.380571	192.295	20.0
1014	2.704645	205.739	17.999990278945656
1015	2.609042	201.916	18.99998018978189
1016	2.785184	221.141	17.0000135660054
1017	2.692473	217.971	16.999967885636163
1018	2.870073	226.588	17.000017653185516
1019	2.823781	224.271	16.999968787761237
1020	2.965286	235.135	17.000021264380038
1021	2.859299	234.600	17.0
1022	3.239140	299.907	14.000006668733974
1023	3.582195	316.692	13.000012630568502
