-1	0	90	0
0	0.008107	95.590	773.0003138403599
1	0.008236	96.282	760.0039467397852
2	0.008952	96.571	698.9986641952553
3	0.008855	97.651	706.0030107218564
4	0.009635	98.110	649.0001019264091
5	0.009547	98.148	657.000652076456
6	0.010994	100.641	569.0016991087132
7	0.011001	99.966	568.9984594762219
8	0.011615	100.876	538.997382925572
9	0.011594	101.583	540.0017719500311
10	0.012373	101.800	506.00000000000006
11	0.012349	102.720	506.9996105919003
12	0.012947	102.863	484.0020221070745
13	0.012992	103.022	481.00114538642225
14	0.013647	105.162	457.00157851695474
15	0.013705	103.984	455.99996153254347
16	0.014975	108.092	418.00133219849755
17	0.014962	106.694	418.0019495004405
18	0.015522	107.993	402.9983424851611
19	0.015634	109.412	400.0
20	0.016407	109.090	380.00091667430564
21	0.016362	109.125	381.0016036655212
22	0.016999	110.537	367.9989505776346
23	0.016975	110.476	369.0005068974257
24	0.018343	113.297	342.000229485335
25	0.018123	115.140	343.9986103873545
26	0.018926	114.936	331.00073084151177
27	0.019215	114.994	324.99869558411746
28	0.019821	116.659	314.99927138069074
29	0.019505	116.686	319.99897159899217
30	0.025271	141.734	245.9995484499132
31	0.025112	141.687	248.00087516850522
32	0.013514	98.080	460.00101957585645
33	0.012950	97.734	516.0015961691939
34	0.014244	99.681	470.9984851676849
35	0.015169	98.788	443.9992711665385
36	0.017013	100.816	381.0000396762419
37	0.014984	99.616	436.001244779955
38	0.019326	102.090	320.00097952786757
39	0.017940	102.121	352.9998727000323
40	0.020608	105.358	301.0003986408246
41	0.020121	104.075	345.9985587316839
42	0.021737	105.260	288.0001900057002
43	0.021973	104.462	285.0002871857709
44	0.022684	105.563	280.0005683809668
45	0.020663	105.465	296.9999525909069
46	0.021404	108.618	284.9997238026846
47	0.019945	106.447	301.99911693143065
48	0.023991	109.327	252.00087809964603
49	0.023935	109.360	260.9994513533285
50	0.024707	110.432	265.99989133584467
51	0.025396	113.198	246.9990635876959
52	0.024919	111.877	264.99995530806154
53	0.026090	112.260	237.0007126313914
54	0.027760	113.608	236.00098584606715
55	0.027514	113.823	244.99969250502974
56	0.032021	117.294	214.00071614916365
57	0.031801	120.984	216.00046287112346
58	0.032979	121.033	190.99997521337156
59	0.031591	119.566	193.00051854206043
60	0.031119	121.332	195.99940658688558
61	0.031778	121.779	192.00026277108532
62	0.041066	149.095	163.99946342935712
63	0.043409	150.403	146.99972739905456
64	0.019711	99.782	317.0000601310858
65	0.018287	100.970	342.9989105674953
66	0.020353	100.990	298.9999009802951
67	0.021164	101.189	295.9995651701272
68	0.022546	102.173	283.9987080735615
69	0.021567	102.390	287.99980466842464
70	0.025209	106.448	245.99992484593417
71	0.027097	104.820	234.00019080328184
72	0.027866	105.949	225.99930155074614
73	0.028823	106.009	216.99950004244923
74	0.029909	107.435	207.00051193745054
75	0.025158	107.317	239.00034477296236
76	0.030798	108.847	202.0000551232464
77	0.031452	110.111	201.00080827528586
78	0.033165	110.902	187.00023444121837
79	0.032061	111.008	193.99953156529259
80	0.034078	114.550	180.99956350938456
81	0.036921	114.089	173.9992462025261
82	0.034533	115.469	180.9992292303562
83	0.034790	118.935	174.99978980115188
84	0.038901	117.680	158.99983004758664
85	0.039617	117.926	155.00059359259194
86	0.039474	119.428	156.00026794386577
87	0.038085	119.705	164.00066830959443
88	0.041799	124.087	150.00040294309636
89	0.036825	124.046	165.99970978507972
90	0.042216	125.810	142.99976154518717
91	0.044855	126.273	136.99999208065066
92	0.043994	130.869	139.00006877106114
93	0.046921	131.067	131.99966429383443
94	0.059001	161.346	108.99991322995302
95	0.060234	162.615	104.00024597976815
96	0.023388	102.208	266.99964777708203
97	0.021365	101.896	291.0006280913873
98	0.025427	103.616	240.99945954292775
99	0.026704	103.631	233.0007430209107
100	0.028245	106.597	217.00047843747947
101	0.027196	104.904	228.00083886219784
102	0.031758	108.140	192.9998150545589
103	0.032133	108.091	192.99941715776524
104	0.037001	109.376	172.00025599765945
105	0.034277	109.865	180.00000000000003
106	0.037572	111.536	165.999318605652
107	0.028023	111.183	215.99974816293857
108	0.038552	113.295	157.99991173485148
109	0.038165	116.374	162.00010311581624
110	0.039221	115.159	160.00052101876534
111	0.041949	115.215	150.0004339712711
112	0.045650	118.975	137.99957974364364
113	0.043654	119.338	142.0000335182423
114	0.044653	120.953	143.99973543442493
115	0.044551	121.413	138.99994234554785
116	0.052224	123.770	122.99991920497699
117	0.049284	124.040	125.0
118	0.052185	126.280	121.00015837820716
119	0.050721	126.125	125.99960356788901
120	0.047439	136.700	129.0
121	0.053058	132.048	114.99984853992487
122	0.060019	135.285	103.99970432790036
123	0.056168	135.276	110.99973387740619
124	0.062571	139.079	101.00015099332033
125	0.055419	138.260	110.00000000000001
126	0.067996	165.384	90.99973395249843
127	0.062582	165.425	96.99984887411213
128	0.028486	103.646	218.00069467224978
129	0.030538	103.603	203.00087835294346
130	0.032773	104.949	187.99988565874855
131	0.032749	107.498	189.99981395002695
132	0.034672	106.836	178.99958815380583
133	0.035219	106.778	178.00014984360072
134	0.039196	110.175	161.00022691173135
135	0.042117	110.381	150.99971915456464
136	0.039058	111.701	157.00038495626717
137	0.044959	111.936	141.99989279588334
138	0.043262	114.705	142.9998692297633
139	0.046500	113.880	138.00052687038988
140	0.047249	118.515	136.00050626502974
141	0.047880	117.017	133.00033328490733
142	0.052860	118.733	122.99950308675768
143	0.054924	118.993	116.00010084626828
144	0.054678	123.239	118.99966731310704
145	0.055786	123.852	117.00012918644835
146	0.061029	126.682	104.99992106218721
147	0.054098	126.056	116.99958748492733
148	0.060266	128.897	103.00006982319216
149	0.061824	129.368	101.99972172407396
150	0.062634	132.143	100.0
151	0.065423	132.518	95.99978870794911
152	0.069900	138.781	90.00007205597306
153	0.062836	138.547	100.00000000000001
154	0.066114	143.098	93.99991614138563
155	0.068604	148.497	90.999818178145
156	0.070321	146.184	88.00005472555137
157	0.069984	146.789	87.99978200001362
158	0.084955	176.812	73.00013573739338
159	0.082584	176.981	79.00000565032404
160	0.036942	104.863	177.00046727635103
161	0.032875	104.781	195.99927467766102
162	0.036052	105.931	170.00028320321718
163	0.036644	107.321	166.00013044977217
164	0.041599	108.147	151.00002774002053
165	0.041103	108.185	151.00060082266486
166	0.048988	115.480	130.0
167	0.050233	113.568	129.00024654832347
168	0.045775	114.750	137.00043572984748
169	0.050842	115.318	120.00034686692452
170	0.053833	116.885	120.0
171	0.046722	116.711	134.0002227724893
172	0.059065	119.809	107.00030882487961
173	0.053914	119.873	116.99965797135302
174	0.053620	121.784	115.00032845037114
175	0.060902	122.642	105.999576001696
176	0.066219	128.566	95.0002333431856
177	0.067189	127.973	94.9997265048096
178	0.068752	130.991	91.00014504813308
179	0.068877	131.022	94.00024423379281
180	0.071753	139.936	94.00011433798308
181	0.072824	134.227	85.99983609854947
182	0.080640	138.469	78.00012999299483
183	0.076425	137.806	84.99992743421912
184	0.076425	144.919	83.00015870934797
185	0.074539	145.345	82.00006880181637
186	0.083626	149.508	74.00005350884233
187	0.081894	149.766	75.99989316667336
188	0.084364	153.374	75.99984351976215
189	0.084177	154.185	74.00006485715213
190	0.099934	183.362	62.99996727784382
191	0.094112	183.143	69.00018018706693
192	0.039529	106.181	164.00015068609264
193	0.039911	106.021	156.0002263702474
194	0.043896	108.195	143.00013863856927
195	0.043452	109.983	139.99981815371467
196	0.048157	110.913	131.9998557427894
197	0.046634	111.175	137.00022487069936
198	0.051996	115.568	120.00034611657208
199	0.054075	115.713	115.00004321035667
200	0.057211	117.801	108.99992359996943
201	0.054649	117.579	115.00012757380145
202	0.058592	120.304	106.99976725628407
203	0.061288	120.647	102.9996601656071
204	0.065127	122.845	100.0
205	0.067040	123.312	91.99996756195667
206	0.062248	126.185	98.99988112691682
207	0.069008	126.233	90.99997623442364
208	0.072150	135.876	86.99991168418263
209	0.071180	133.910	88.00014935404377
210	0.074387	135.855	83.99985278421848
211	0.073655	135.990	84.00029413927494
212	0.086881	139.853	73.0002216613158
213	0.075466	139.164	82.9999137708028
214	0.079165	142.707	80.00028029458961
215	0.081054	143.117	76.00005589832095
216	0.083403	151.699	72.99982201596582
217	0.092297	151.770	69.99999999999999
218	0.095976	157.225	64.99984099220862
219	0.089379	156.641	68.99981486328612
220	0.094518	161.355	65.9998140745561
221	0.096628	161.036	66.9999254825008
222	0.103720	193.787	59.999896793902586
223	0.101350	195.295	61.00002560229397
224	0.043880	108.611	141.00045115135669
225	0.044059	108.273	143.9998891690449
226	0.047962	110.134	129.00012711787457
227	0.045917	113.835	129.99956076777792
228	0.055860	113.312	113.00038830838746
229	0.052759	113.139	120.00017677370316
230	0.057304	117.811	106.0002885978389
231	0.059293	117.628	107.0000340055089
232	0.058872	120.663	104.00039780214315
233	0.062682	120.584	98.99986731241292
234	0.065852	123.696	95.99987065062734
235	0.067172	121.926	92.00006561356889
236	0.072582	124.744	86.99977554030656
237	0.073190	125.377	85.99982452921988
238	0.076536	127.881	81.00030497102775
239	0.073705	131.569	85.00026602011113
240	0.082726	139.643	74.00012890012388
241	0.086612	137.349	75.00018201807076
242	0.082025	140.570	75.99985772213132
243	0.092584	141.394	69.00009901410245
244	0.083668	144.656	71.99977878553257
245	0.091949	145.324	67.99977980237263
246	0.094719	149.314	64.00002678918253
247	0.094091	149.682	65.99991983003969
248	0.090590	158.002	64.9998101289857
249	0.090934	158.576	65.99989910200787
250	0.103418	163.650	60.0
251	0.102481	164.529	58.999933142485524
252	0.103647	173.422	59.9998846743781
253	0.103130	170.267	58.00008222380144
254	0.122546	205.294	50.0
255	0.118814	205.949	51.000004855571035
256	0.042453	110.270	140.0
257	0.048533	109.448	166.99985381185587
258	0.048512	112.447	140.99975988688004
259	0.051810	114.518	146.99959831642187
260	0.057295	115.444	113.00024254183847
261	0.057100	115.001	120.99981739289224
262	0.061983	120.836	111.99973517825813
263	0.063676	121.523	100.99981073541633
264	0.064705	123.721	100.9998302632536
265	0.064485	123.923	103.00025015533839
266	0.074546	127.094	86.00012589107276
267	0.073958	126.993	98.9999448788516
268	0.072239	131.195	88.00030488966806
269	0.075228	130.893	88.00012223724723
270	0.076283	135.724	79.99985264212667
271	0.081109	135.941	95.0000367806622
272	0.086853	144.575	76.00000000000001
273	0.092626	146.010	72.99979453462093
274	0.089752	150.936	69.00010600519425
275	0.090255	149.176	75.00000000000001
276	0.097108	153.939	69.99980511761153
277	0.090339	153.610	78.00013019985677
278	0.098763	158.846	63.00001259081122
279	0.104418	159.071	73.00010687051694
280	0.100240	169.044	63.00016563734885
281	0.108876	170.231	58.000011748741414
282	0.110620	175.505	60.99997151078317
283	0.117289	175.652	61.99986336620135
284	0.113076	181.383	60.00011026391668
285	0.117923	183.278	53.99993452569321
286	0.115325	233.496	52.000034261828894
287	0.124827	233.570	52.99995718628249
288	0.051154	111.848	131.99967813461126
289	0.050205	111.335	125.00022454753672
290	0.051703	113.971	122.00033341815023
291	0.040556	116.120	145.99982776438168
292	0.063305	116.981	100.00000000000001
293	0.062413	117.530	102.00034033863695
294	0.068005	123.698	92.99988682112888
295	0.066520	123.794	96.99985459715334
296	0.075995	127.498	86.99979607523254
297	0.075171	127.133	84.00022024179404
298	0.078785	131.184	78.99972557628979
299	0.076228	130.921	80.99999236180598
300	0.075919	134.302	88.00017870173193
301	0.083795	134.509	77.99998513110648
302	0.091556	138.813	76.00008644723476
303	0.093319	139.457	73.99987092795628
304	0.095548	147.620	70.0
305	0.097458	148.725	67.00016809547823
306	0.100054	153.565	61.999804642985055
307	0.104431	153.381	62.99998044086295
308	0.101669	157.690	61.00006341556218
309	0.098792	161.544	63.00017332739067
310	0.109409	163.360	68.00012242899118
311	0.110125	162.979	60.999883420563386
312	0.122718	175.012	50.0
313	0.122812	174.163	50.99992535728024
314	0.130287	180.010	49.00005555246931
315	0.126618	180.908	51.99991155725563
316	0.114708	187.153	52.9999519110033
317	0.116830	187.292	53.00012814215236
318	0.138354	238.889	44.999979069777176
319	0.141938	241.758	43.00002481820663
320	0.040842	112.468	145.00035565672013
321	0.054546	112.188	120.99957214675366
322	0.049551	115.139	127.00040820225989
323	0.058426	115.784	103.99968907621087
324	0.070529	118.915	91.00029432788125
325	0.068781	119.127	92.00013431044181
326	0.074680	125.710	86.00031819266566
327	0.074946	126.086	86.0000317243786
328	0.076813	129.747	80.9999460488489
329	0.073150	128.882	85.0002327710619
330	0.057816	136.751	101.99998537487843
331	0.084748	133.549	73.00017222143184
332	0.092799	138.007	69.00012318215742
333	0.095288	138.161	65.99981181375352
334	0.094381	141.959	67.99991546855078
335	0.092022	142.261	72.00005623466727
336	0.104244	151.202	60.9998544992791
337	0.096619	150.800	67.0
338	0.108184	156.377	59.999872103953905
339	0.102417	157.265	60.0
340	0.116448	162.442	52.999839942871915
341	0.110518	161.851	58.99994439330001
342	0.113892	167.442	54.99994027782754
343	0.117890	167.653	54.9999105294865
344	0.131640	180.394	47.99993347894054
345	0.123374	179.800	50.99999999999999
346	0.123702	186.643	51.00003750475506
347	0.126391	187.422	49.00011738216432
348	0.127415	193.454	48.00004135350005
349	0.136537	193.445	51.00002584714002
350	0.161468	247.582	39.00000807813169
351	0.163863	249.338	39.99991978759756
352	0.056585	114.618	111.00001744926627
353	0.062488	113.738	102.00021101127152
354	0.061601	117.717	100.9998555858542
355	0.052758	119.884	116.99976644089286
356	0.066859	120.371	92.99997507705345
357	0.069375	120.537	89.99975111376588
358	0.076461	127.529	82.99994511052388
359	0.076529	127.668	85.00015665632733
360	0.084292	131.534	73.00013684674686
361	0.086745	131.738	73.0001973614295
362	0.093257	136.219	68.99991924768204
363	0.090034	135.403	69.99992614639262
364	0.092703	140.424	66.00011394063692
365	0.089875	140.064	70.00014279186658
366	0.094346	144.518	66.99995848268037
367	0.097137	144.448	66.00022153300841
368	0.110905	155.136	55.99989686468647
369	0.107909	154.828	57.99984498927842
370	0.113124	160.727	55.00009332595021
371	0.115792	159.753	54.999906105049675
372	0.123059	164.567	49.00010330139092
373	0.111671	165.239	56.99986080767857
374	0.122457	171.036	49.99999999999999
375	0.126360	172.639	48.999936283226845
376	0.117561	183.862	53.00007614406458
377	0.085063	190.143	67.99987377920829
378	0.126520	192.336	47.00004159387738
379	0.132129	191.945	46.99992185261403
380	0.144547	201.386	41.999940412938344
381	0.137881	200.151	43.000034973594936
382	0.168231	257.361	37.999930059333
383	0.169878	258.670	37.000038659295626
384	0.055042	115.530	109.99999999999999
385	0.063108	115.135	97.99973943631389
386	0.064809	118.155	98.99961914434428
387	0.073931	118.359	89.99991551128346
388	0.074599	122.166	84.9999181441645
389	0.066809	122.322	89.00034335606024
390	0.085450	129.641	75.00019284022802
391	0.084420	130.264	74.99999999999999
392	0.094387	134.127	66.99993289941622
393	0.087584	133.764	71.99994019317603
394	0.097578	138.146	63.00001447743693
395	0.097065	138.685	65.99992789414861
396	0.088405	143.349	67.99977676858578
397	0.098787	143.337	67.00014650788003
398	0.104227	148.262	59.99986510366784
399	0.065600	151.560	90.0
400	0.120412	157.819	52.000076036472166
401	0.106711	158.009	57.99986076742464
402	0.115939	163.523	52.99988380839393
403	0.122914	163.851	50.999993896894125
404	0.129026	168.678	50.0
405	0.118207	170.170	54.000117529529305
406	0.120297	177.341	48.999949250314366
407	0.125190	177.158	50.0
408	0.142415	190.630	43.99989508471909
409	0.138903	190.036	44.99989475678293
410	0.147848	196.905	41.99994921408801
411	0.141325	197.707	44.999924130152195
412	0.139418	204.864	43.99992189940644
413	0.153001	206.565	43.00002420545591
414	0.182675	261.706	33.00000764216334
415	0.169268	261.378	37.0000535622738
416	0.066866	117.206	93.00035834342953
417	0.067417	116.371	104.00013749129938
418	0.076723	119.495	84.00016737101971
419	0.069417	119.548	91.00026767490881
420	0.077914	123.189	80.99992694152887
421	0.070845	124.027	91.0003466987027
422	0.084439	130.782	73.00010704837057
423	0.062318	134.675	94.99981436792277
424	0.090635	135.578	69.00013276490286
425	0.091627	135.867	67.00008096152857
426	0.093632	140.306	64.00011403646316
427	0.094037	140.217	65.99984310033733
428	0.096537	144.891	63.99983435824171
429	0.099817	146.323	61.999822310914894
430	0.106930	150.809	57.9998541201122
431	0.114426	150.197	61.999906789083674
432	0.119227	160.572	52.99990035622648
433	0.122521	162.380	50.0
434	0.130839	167.933	51.000101230848024
435	0.119385	167.125	52.0
436	0.126113	173.533	51.000097964076005
437	0.122021	173.661	50.999936658201904
438	0.136013	180.498	43.99993351726889
439	0.130832	179.872	47.00008895214374
440	0.149693	194.928	39.99989739801363
441	0.140753	193.693	46.000113581802125
442	0.164131	202.892	38.000019714922225
443	0.150085	201.707	42.000029746116894
444	0.162567	208.923	39.00001435935727
445	0.160200	209.113	39.99990435793088
446	0.185077	265.961	32.99995112065303
447	0.189509	267.655	32.999943957706755
448	0.064409	117.896	94.99983035896044
449	0.068860	117.508	97.00020424141334
450	0.051471	123.843	120.99997577578063
451	0.075784	121.914	80.99972111488427
452	0.072975	124.929	85.00028015913038
453	0.074349	125.143	86.99967237480323
454	0.092156	133.587	68.99997754272498
455	0.090832	133.725	68.0
456	0.092120	137.165	67.99985419020888
457	0.098262	137.817	64.00008707198675
458	0.107096	141.480	61.000141362736784
459	0.104059	142.564	59.00016834544485
460	0.113183	146.000	56.0
461	0.107606	148.319	57.999986515550944
462	0.114186	153.057	54.00014373730049
463	0.110745	153.409	55.999973925910474
464	0.126481	164.417	47.99990268646186
465	0.129727	163.863	49.000079334566074
466	0.130451	170.945	46.999912252478865
467	0.128899	168.392	50.0
468	0.133137	176.880	45.0
469	0.125990	178.048	47.99997753414809
470	0.133730	184.028	46.99991305670876
471	0.149449	184.829	41.99990261268524
472	0.154307	200.640	40.00000000000001
473	0.096741	205.655	59.99999999999999
474	0.163203	206.303	37.99993213865043
475	0.150432	206.385	40.0
476	0.148960	213.881	41.99999064900575
477	0.160004	214.803	38.999920857716134
478	0.196654	274.275	32.0
479	0.195386	271.306	33.00000737174998
480	0.063223	119.160	96.00033568311514
481	0.072770	118.081	90.00008468762967
482	0.077499	122.131	83.00022107409256
483	0.077334	122.056	80.00016385921217
484	0.083190	126.408	74.00006328713373
485	0.079887	126.343	76.99991293542182
486	0.099334	133.771	63.000201837468516
487	0.092487	134.730	70.99977733244266
488	0.095649	139.517	63.000207859974054
489	0.096205	139.565	66.00007165120195
490	0.108323	144.057	56.00005553357352
491	0.110306	144.029	55.999833366891394
492	0.112533	148.509	55.00003366799319
493	0.110007	148.956	58.9999731464325
494	0.120394	153.600	52.0
495	0.099875	155.657	59.99987151236372
496	0.089392	171.314	64.99994162765448
497	0.119127	167.126	53.00013163720786
498	0.129846	172.349	46.999982593458626
499	0.138301	173.050	46.0
500	0.144815	179.938	42.00002222987918
501	0.144275	178.842	42.99996645083369
502	0.141316	186.514	43.99991421555487
503	0.141296	187.419	42.9999092941484
504	0.155301	202.903	38.999916216122976
505	0.159597	200.808	38.999940241424646
506	0.159098	211.252	42.00007573892792
507	0.171432	212.219	36.00007539381488
508	0.171289	218.597	37.00005032091017
509	0.177018	219.669	36.00007283685909
510	0.204683	283.507	29.99996472750232
511	0.204416	280.103	31.000024990806956
512	0.039083	119.686	148.99988302725464
513	0.041854	118.754	148.00006736615185
514	0.052741	122.964	129.00035782830747
515	0.060083	122.928	109.0003904724717
516	0.056413	126.679	106.0002052431737
517	0.040322	127.320	140.0
518	0.055651	135.580	103.99985248561734
519	0.045051	138.404	134.99971099101182
520	0.063345	140.366	101.99977202456434
521	0.057960	140.134	103.99974310302997
522	0.088493	144.692	75.0
523	0.052228	145.739	113.99968436725928
524	0.081044	150.374	72.99998669982843
525	0.060798	151.141	102.00011909409095
526	0.070811	155.193	87.00005799230634
527	0.077025	155.672	80.99979443959093
528	0.075626	168.176	77.99983350775379
529	0.070090	167.714	84.00014310075485
530	0.084030	174.512	75.99993123682039
531	0.108393	172.764	57.99993054108494
532	0.095276	180.895	66.00016584206307
533	0.069606	181.494	85.00005509824017
534	0.111715	187.520	60.999893344709896
535	0.084786	187.621	71.9999360412747
536	0.102170	203.428	60.99996067404684
537	0.089007	208.165	69.00007205822304
538	0.101642	214.580	61.00009320533134
539	0.112933	214.073	54.99992993044429
540	0.091948	223.636	66.00010731724767
541	0.124864	222.108	50.0
542	0.123565	284.184	51.000056301551105
543	0.132453	285.053	47.00003157307589
544	0.056630	119.527	107.99986613903134
545	0.059007	118.534	109.99966254408018
546	0.072814	122.472	86.00006532105299
547	0.065293	122.590	94.00032629088832
548	0.074735	126.694	85.00007893033609
549	0.065884	126.596	93.9998104205504
550	0.081545	135.158	75.99994081001495
551	0.079442	134.629	75.99997028871937
552	0.090579	139.330	66.99992822794803
553	0.080505	139.673	75.0001789894969
554	0.092483	145.112	67.9998897403385
555	0.094614	145.206	71.99977962343154
556	0.092359	152.288	64.99986866988863
557	0.089116	151.892	71.99984199299503
558	0.095278	154.791	65.99996123805649
559	0.096333	155.983	65.00003205477519
560	0.099472	167.348	62.9998565862753
561	0.111641	167.787	55.00008939905952
562	0.120861	173.479	51.99995388490825
563	0.113679	173.831	58.00001150542769
564	0.120487	180.317	53.99990017580151
565	0.116113	180.857	54.000121643066066
566	0.107254	187.718	55.99995738288284
567	0.106892	188.884	55.999978822981305
568	0.128644	203.848	45.9999607550724
569	0.142820	202.311	44.00007908615943
570	0.127717	213.748	47.99998128637461
571	0.142870	214.013	46.000009345226694
572	0.157992	221.879	39.00008563225902
573	0.141448	223.626	42.00003577401554
574	0.162274	284.631	35.99994378686792
575	0.174148	283.166	34.999964685025745
576	0.070635	119.209	86.00021810433776
577	0.069122	118.524	91.99993250312174
578	0.075241	121.949	85.0002870052235
579	0.072756	122.274	85.00008178353534
580	0.054575	129.243	106.00032496924398
581	0.072741	126.491	90.00007905700801
582	0.089559	135.022	68.00002962480188
583	0.091585	135.752	71.0000589309918
584	0.093450	140.491	68.00008541472407
585	0.095879	139.367	65.99984214340554
586	0.105715	144.307	58.99990991427998
587	0.096085	143.862	64.00022243538947
588	0.105904	149.648	60.0001336469582
589	0.101393	149.598	60.000133691626885
590	0.116698	155.544	52.000077148588176
591	0.114942	155.515	53.99993569752114
592	0.129494	166.804	48.000047960480565
593	0.119023	166.659	50.99994599751589
594	0.134089	172.363	46.000011603418365
595	0.130176	173.017	47.99990752353815
596	0.129378	180.560	48.00011076650421
597	0.132195	180.944	45.00011053143514
598	0.144330	186.628	42.99997856698888
599	0.139783	187.559	44.00002132662256
600	0.151654	203.008	39.99990148171501
601	0.151325	202.497	40.000098766895306
602	0.160399	211.918	38.00007550090129
603	0.170543	211.383	36.00005676899278
604	0.177657	222.082	34.00005403409551
605	0.169678	220.531	35.9999274478418
606	0.182574	284.544	34.00001405757985
607	0.179043	286.503	33.999993019270306
608	0.050731	122.246	117.0001472440816
609	0.068682	118.552	88.99976381672177
610	0.079640	121.968	79.00022956841138
611	0.079685	122.958	79.00014639145074
612	0.085793	126.053	73.0002459283
613	0.083764	126.253	73.99982574671493
614	0.095870	135.347	63.99994089266848
615	0.096130	135.673	63.00000737066328
616	0.103955	139.383	60.000143489521676
617	0.102008	140.392	59.99985754174027
618	0.110380	144.520	55.999861610849706
619	0.104751	144.710	60.0
620	0.110098	149.456	55.000133818648976
621	0.109358	149.686	55.99989310957604
622	0.114896	155.717	52.99999357809359
623	0.124531	155.768	50.0
624	0.134803	167.338	44.999940240710416
625	0.128119	166.106	48.00007224302554
626	0.134376	172.536	47.00004636713497
627	0.133181	174.048	45.99995403566832
628	0.143372	180.436	41.99993349442462
629	0.146791	180.540	42.00011077877479
630	0.154533	188.126	38.999925581790926
631	0.154672	187.435	40.0
632	0.160092	202.695	40.0
633	0.157728	203.667	38.999936170317234
634	0.113736	218.350	50.0
635	0.178380	212.683	36.00005642199894
636	0.175539	220.337	35.000022692511926
637	0.172078	221.358	36.0000542108259
638	0.201137	281.887	29.99996452479185
639	0.204630	286.448	29.00002792828018
640	0.070718	118.363	90.00025345758388
641	0.071339	118.562	87.00005060643376
642	0.081803	122.349	75.00020433350498
643	0.080183	122.643	76.9999103087824
644	0.087873	126.042	71.00014280953968
645	0.086255	126.271	73.00013463107126
646	0.102328	135.872	61.00005887894489
647	0.099114	135.031	64.0001184913094
648	0.106771	140.052	59.99985719589867
649	0.105243	139.768	58.99991414343769
650	0.110149	144.982	54.99993102592046
651	0.107957	144.804	55.99983425872213
652	0.121763	150.449	51.00000664677066
653	0.112992	150.463	55.999813907738115
654	0.127283	155.010	48.000129023933944
655	0.122511	155.373	50.99985196913235
656	0.141158	166.405	43.99987981130375
657	0.129923	166.919	47.000041936508126
658	0.144898	171.840	42.99988361266294
659	0.123489	177.457	49.00003944617569
660	0.142614	182.356	42.99995612976815
661	0.144803	180.536	41.999933531262464
662	0.151843	186.992	40.00010695644733
663	0.154511	187.210	39.99999999999999
664	0.162523	202.989	38.00008867475577
665	0.166740	204.632	37.00007818913953
666	0.170419	211.908	36.000056628348155
667	0.169369	212.339	35.99998116219818
668	0.176617	220.649	34.999932018726575
669	0.179704	222.553	33.999991013376594
670	0.193385	282.887	31.000010604941195
671	0.209636	283.013	30.000035334065927
672	0.076452	119.259	81.99968136576695
673	0.074553	118.741	87.00027791579994
674	0.082363	122.632	75.0
675	0.084067	122.789	76.0002931858717
676	0.090400	126.293	69.99992081904777
677	0.089334	126.523	69.99992096298698
678	0.105115	135.114	57.99991118610951
679	0.101896	134.833	60.99990358443407
680	0.105743	139.749	57.000050089803864
681	0.106997	139.751	56.99994991091298
682	0.110792	143.877	57.00007645419351
683	0.116486	144.509	54.00009687977912
684	0.123602	149.308	50.0
685	0.115351	152.373	52.000026251369995
686	0.122098	157.939	51.000069647142254
687	0.126675	156.335	48.9999040521956
688	0.136101	167.233	45.00008969521566
689	0.143156	167.502	43.000083581091566
690	0.146579	171.878	41.00001163616054
691	0.147001	173.579	41.9998963008198
692	0.157608	180.074	39.0000777458156
693	0.149047	180.632	40.99993356658842
694	0.157154	186.840	40.0
695	0.158631	188.676	38.00006360109394
696	0.174573	202.109	34.99992578262225
697	0.169712	203.783	36.000058886168134
698	0.172568	211.244	36.000075741796216
699	0.180452	214.276	34.0000746700517
700	0.174689	218.691	35.000068589928254
701	0.175515	223.465	33.99995525026291
702	0.216773	281.741	29.000039042950796
703	0.218727	284.846	28.000042128027072
704	0.080305	119.414	77.0001842330045
705	0.076989	118.444	81.99993245753267
706	0.085785	121.942	71.0001476111594
707	0.087201	122.801	71.0002361544287
708	0.094491	126.353	66.00001582867047
709	0.091380	126.624	67.99974728329542
710	0.106622	134.551	58.99993311086503
711	0.106771	134.981	58.000014816900155
712	0.111787	139.974	54.00002857673569
713	0.109770	140.295	55.99985744324459
714	0.121111	144.182	51.00012484221332
715	0.107819	146.790	57.99986375093671
716	0.124756	150.194	48.99996005166651
717	0.127176	149.920	49.0001334044824
718	0.134423	154.866	46.99998708560949
719	0.133046	155.651	47.00001927388838
720	0.141536	167.391	42.999922337521134
721	0.142954	167.843	41.999964252307215
722	0.152958	173.685	40.0
723	0.147212	172.919	42.00001156610899
724	0.162976	180.424	37.99993349000133
725	0.153708	182.018	39.999890120757286
726	0.158740	187.754	38.999968043290686
727	0.158701	188.747	38.00007417336434
728	0.180510	202.574	33.99992101651742
729	0.171913	202.781	35.99992109714421
730	0.163933	213.819	36.000074829645634
731	0.189698	210.279	32.999966710893624
732	0.182020	221.297	32.99999548118592
733	0.177355	220.903	33.99999094625243
734	0.214944	283.359	28.999961179987224
735	0.215656	286.382	28.00001396735828
736	0.076793	119.310	80.99991618472886
737	0.077154	119.040	80.0
738	0.084943	122.328	74.00022889281276
739	0.083870	122.756	75.0
740	0.089908	126.657	68.99973945380042
741	0.089139	126.590	69.99999999999999
742	0.096992	134.398	63.000193455259755
743	0.100970	138.634	61.000187544181095
744	0.109870	140.533	57.00013519956167
745	0.108369	140.568	55.99994308804279
746	0.112968	143.798	55.00006954199641
747	0.111536	144.887	55.00010352895705
748	0.119784	149.629	51.00014034712523
749	0.120836	149.504	50.999973244863014
750	0.125569	155.882	48.99988452804044
751	0.130287	155.653	47.00005782092218
752	0.136663	167.834	44.00002383307315
753	0.136638	168.404	45.000118762024655
754	0.148403	173.179	41.99989606130073
755	0.146853	173.638	42.00002303643212
756	0.150355	181.008	39.99988950764607
757	0.152803	181.168	39.9998896052283
758	0.153362	187.033	39.99989306699887
759	0.157159	188.679	39.00010070013091
760	0.171160	202.078	35.99996041132632
761	0.174682	203.826	34.999950938545624
762	0.179349	211.900	34.0
763	0.180605	211.221	33.99993371871168
764	0.183413	221.236	33.00005424072032
765	0.184242	220.212	33.999963671371226
766	0.214997	285.032	28.000014033512027
767	0.208930	286.824	29.000013945834375
768	0.078603	119.971	78.99992498187062
769	0.076459	118.640	80.99966284558327
770	0.083431	122.252	75.0
771	0.081882	122.225	76.0
772	0.090903	126.565	67.99984197843006
773	0.089974	127.391	70.00023549544316
774	0.103251	135.473	60.00014763089323
775	0.100998	135.574	60.999896735362235
776	0.106905	140.129	58.00012845306825
777	0.108164	140.339	56.999836111130904
778	0.115340	145.179	53.00008954463111
779	0.116031	145.504	52.99991752804047
780	0.118200	150.673	50.999847351549384
781	0.119098	150.977	51.99997350589825
782	0.124606	155.152	50.00000000000001
783	0.122248	156.118	50.0
784	0.137864	166.937	45.99998801943248
785	0.131227	167.976	46.000023812925654
786	0.143659	174.824	41.99995423969249
787	0.142636	175.365	43.000028511960764
788	0.150342	181.955	39.99999999999999
789	0.152273	181.207	41.0000717411579
790	0.155362	188.833	39.00006884389911
791	0.156011	189.528	39.00004221012199
792	0.168164	202.897	36.00003942887278
793	0.160626	204.689	38.00008793828687
794	0.178421	212.649	34.99992946122484
795	0.174948	212.309	34.99992934826126
796	0.182488	222.009	33.99997297406862
797	0.180045	222.879	34.000062814352184
798	0.210317	288.476	28.99998613402848
799	0.212592	290.014	28.999979311343587
800	0.081269	120.182	75.99973373716529
801	0.078708	121.164	78.0000660262124
802	0.086644	124.433	72.00019287488045
803	0.086190	123.014	71.99993496675175
804	0.093691	126.097	65.99998413919442
805	0.092799	126.579	67.00005530143231
806	0.105207	135.231	58.999785552129325
807	0.105710	135.632	59.000088474696234
808	0.111910	140.295	54.99982180405574
809	0.111112	140.049	55.00003570179008
810	0.118501	145.040	52.99986210700497
811	0.114414	145.307	54.00015140358001
812	0.125583	150.314	49.000093138363695
813	0.123713	151.169	49.00012568714485
814	0.131927	154.323	47.000123118394534
815	0.132604	155.921	47.000083375555576
816	0.146541	168.534	41.00003560112499
817	0.144389	167.893	43.00000595617447
818	0.146159	173.836	41.99993096941945
819	0.147695	174.871	40.99993709648827
820	0.155997	180.245	40.0
821	0.154371	181.493	39.999889802912506
822	0.163219	187.467	38.99993065446185
823	0.158365	188.054	38.9999680942708
824	0.173317	204.654	35.00004886295894
825	0.176574	203.266	34.99995080338079
826	0.181507	212.306	33.999981159270106
827	0.180048	213.438	34.00003748161058
828	0.189181	221.145	33.000067828800105
829	0.187314	223.155	32.99993278214694
830	0.205938	295.028	28.999959325894487
831	0.211759	286.517	29.99996509805701
832	0.080333	119.751	76.9997745321542
833	0.082242	119.148	75.0
834	0.087715	122.569	69.99975523990568
835	0.088716	122.876	69.99983723428497
836	0.095435	126.869	65.00011823219226
837	0.095467	127.082	64.99976393194945
838	0.110616	134.787	56.000207735167336
839	0.109120	135.977	55.99991174978121
840	0.114784	139.843	53.999842680720526
841	0.114873	140.119	53.99981444343736
842	0.124183	145.380	50.0
843	0.121654	145.171	50.99985534300928
844	0.124243	149.596	50.0
845	0.128455	150.777	48.00002652924518
846	0.137469	155.544	45.000128580980295
847	0.131073	156.313	46.00001279484112
848	0.150377	167.817	41.99991657579387
849	0.147728	168.219	42.0000118892634
850	0.154136	173.027	40.000115588896534
851	0.151508	175.060	40.0
852	0.160486	182.341	36.999906768088366
853	0.157125	181.929	37.99998900670042
854	0.167102	189.425	36.0
855	0.161950	187.926	38.99992550259145
856	0.173708	203.491	35.000073713333755
857	0.182662	205.700	33.00000000000001
858	0.190859	213.006	32.000037557627486
859	0.187367	215.044	31.99996279831104
860	0.195248	221.900	30.999999999999996
861	0.185670	228.167	32.999951789697896
862	0.222394	293.174	27.000006821887343
863	0.223618	287.493	26.999961738198845
864	0.083873	118.459	74.00028701913742
865	0.083906	118.749	73.9997810507878
866	0.089695	122.881	69.00008951750067
867	0.091051	123.231	67.99993508127014
868	0.098625	126.790	62.00015774114677
869	0.096217	127.380	63.9998429894803
870	0.114692	135.333	54.00013300525371
871	0.109714	136.075	56.0
872	0.118062	139.581	51.99991402841361
873	0.117429	139.560	53.000143307537975
874	0.125961	145.124	49.00016537581655
875	0.123755	145.246	50.0
876	0.132281	150.470	47.000066458430254
877	0.131586	150.183	46.99999334145676
878	0.142368	155.125	44.0
879	0.140001	155.371	45.00003218103764
880	0.152878	167.787	40.00011919874603
881	0.147895	167.562	41.9999761282391
882	0.159515	173.090	38.99994222658732
883	0.157026	174.713	38.99995993429224
884	0.162688	181.003	36.99993922752662
885	0.164712	181.649	36.999928433407284
886	0.170454	188.186	36.0000212555663
887	0.167867	190.600	36.0
888	0.177947	210.171	33.999933387574885
889	0.182730	203.447	34.00000983057012
890	0.188022	212.848	33.00007517101405
891	0.190239	213.244	31.999962484290297
892	0.199063	221.223	30.99994123576662
893	0.193346	224.616	31.000017808170387
894	0.227923	284.074	27.000007040419046
895	0.230304	287.019	26.00002090453942
896	0.086019	120.220	70.99983363832973
897	0.085482	118.942	73.00028585360933
898	0.093824	122.815	66.00008142327891
899	0.092078	123.444	65.99996759664302
900	0.101490	127.182	60.99998427450426
901	0.099618	127.202	61.999811323721325
902	0.115436	135.320	54.000147797812595
903	0.112140	135.851	54.99996319497096
904	0.119104	141.041	51.000063811232195
905	0.120684	140.543	51.000049806820684
906	0.129557	146.343	46.99985650150674
907	0.128242	145.475	48.0
908	0.133581	150.443	46.999860412249156
909	0.131793	150.049	46.999980006531196
910	0.139405	155.229	44.999967789523865
911	0.140892	156.145	44.000128086073836
912	0.155432	168.292	39.000071304637174
913	0.151363	169.393	39.9998819313667
914	0.161488	174.347	38.00008029963234
915	0.156083	174.828	39.00004575926053
916	0.170166	180.750	36.0
917	0.168280	182.342	35.99993418959976
918	0.174597	188.183	34.99997343011855
919	0.174319	189.554	35.00005275541534
920	0.184196	210.642	33.00006646347832
921	0.185624	204.064	32.999941194919245
922	0.195449	212.616	31.000018813259587
923	0.191982	212.766	31.99994360001128
924	0.202295	222.687	29.999955093921063
925	0.199151	223.080	29.999999999999996
926	0.231319	285.981	25.99997901958522
927	0.227688	290.904	26.99997249951874
928	0.085193	119.901	73.00022518577826
929	0.088561	119.369	69.9997486784676
930	0.097553	122.914	64.0000325430789
931	0.095189	124.012	65.00016127471535
932	0.103325	127.178	58.999984274009655
933	0.102920	127.468	60.00015690212446
934	0.118861	135.854	51.999941113253925
935	0.116574	136.296	53.00008804366966
936	0.125793	140.351	49.000007124993765
937	0.122750	140.748	50.0
938	0.130701	146.117	46.00012318895132
939	0.130025	145.864	46.99994515439039
940	0.142426	150.335	42.99996674094522
941	0.135772	151.013	45.00009932919682
942	0.147218	156.593	40.99991698224059
943	0.141722	155.557	43.999948571906124
944	0.157419	167.779	39.00011324420815
945	0.153259	168.302	40.00011883400079
946	0.168287	173.078	37.00008088838558
947	0.163619	175.981	37.00001704729488
948	0.174342	181.471	35.00008265783514
949	0.173252	182.440	35.0
950	0.173324	189.489	34.99992083973212
951	0.174058	195.697	35.00002554970183
952	0.192636	203.639	30.999955804143607
953	0.193635	202.669	31.99996052677025
954	0.198607	212.768	30.999962400360957
955	0.199047	215.863	30.000046325678785
956	0.205797	223.414	28.999973144028576
957	0.195988	224.437	29.99995544406671
958	0.234008	289.716	24.999999999999996
959	0.243201	287.444	25.0
960	0.091996	120.060	68.00016658337498
961	0.090535	119.428	67.99996650701678
962	0.096096	123.281	64.00012978480058
963	0.098243	123.502	62.99978947709349
964	0.105080	127.502	57.99987451177237
965	0.106341	127.648	58.00012534469792
966	0.121071	135.561	50.99991885571809
967	0.117114	135.615	53.0000368690779
968	0.126321	140.559	49.00006403005143
969	0.128229	141.331	48.000084907062146
970	0.135334	146.322	45.00006834242288
971	0.133516	145.761	45.999958836725874
972	0.141381	150.064	43.999893378825035
973	0.144023	150.747	42.99986069374515
974	0.148790	157.217	41.0000190819059
975	0.150141	156.188	40.999948779675776
976	0.168628	169.111	36.00002365310358
977	0.162517	169.032	37.99990534336693
978	0.171716	174.267	35.99993114014702
979	0.172689	174.525	36.0
980	0.178408	181.194	35.000055189465435
981	0.177430	182.479	34.00007672115695
982	0.190415	186.715	33.000026778780494
983	0.181436	190.403	33.00000525201809
984	0.193968	209.342	30.99999044625541
985	0.198161	203.584	30.99998035209054
986	0.212089	212.859	28.999948322598524
987	0.205586	215.003	29.000060464272597
988	0.217725	219.910	29.000045473148106
989	0.216790	223.204	27.99994623752262
990	0.244282	290.413	23.999958679535695
991	0.251778	287.667	23.99997219006699
992	0.084990	130.214	73.99972353203188
993	0.085403	128.910	72.99976727949732
994	0.092837	133.890	66.99977593546943
995	0.092129	134.203	67.99997019440697
996	0.099797	139.768	61.9998855245836
997	0.099266	140.063	63.000221328973396
998	0.112704	152.222	54.99993430647344
999	0.111175	151.760	55.0
1000	0.119675	157.929	51.99994934432561
1001	0.117854	159.063	52.00015088361215
1002	0.125674	165.441	48.999945599941974
1003	0.124496	166.253	49.00001804478716
1004	0.133769	171.994	46.99989534518646
1005	0.130051	172.130	46.9999419043746
1006	0.140474	180.857	43.99995576615779
1007	0.138850	179.691	43.999977739564024
1008	0.151323	196.985	41.00007614793004
1009	0.150291	197.720	40.99989884685414
1010	0.158351	206.218	38.99999030152557
1011	0.158770	206.882	39.0000096673466
1012	0.163631	215.730	36.999953645760904
1013	0.165255	214.595	37.999953400591814
1014	0.169979	226.608	36.000052954882435
1015	0.156000	228.321	38.99991678382628
1016	0.184391	246.879	32.999971646029024
1017	0.185761	246.830	33.00004051371389
1018	0.191554	261.350	32.0
1019	0.193087	262.219	31.999969491150527
1020	0.194187	274.632	31.00002912989018
1021	0.193500	271.897	31.99998528854677
1022	0.223194	354.818	27.99998872661477
1023	0.224003	355.841	26.999980328292693
