-1	0	90	0
0	0.026068	98.472	428.00186855146643
1	0.025716	99.989	433.9987398613847
2	0.027945	98.423	404.00008128181423
3	0.027625	101.248	404.0000790139064
4	0.030235	99.550	368.9994977398293
5	0.029771	102.060	375.0
6	0.034398	101.473	323.9994875484119
7	0.033769	103.472	329.99942013298283
8	0.036635	102.274	303.99906134501435
9	0.035929	104.358	310.0011498878859
10	0.038753	104.358	287.9990034304989
11	0.037912	105.464	293.9998482894637
12	0.040635	104.391	274.9997605157533
13	0.039776	106.420	280.99887239240746
14	0.042842	105.063	260.0011421718398
15	0.041916	107.327	266.001099443756
16	0.047115	109.689	235.99905186481783
17	0.045767	109.977	243.99919983269228
18	0.049105	108.883	226.9996234490233
19	0.047886	111.128	232.999784032827
20	0.051146	110.322	217.99912981998148
21	0.049653	111.766	229.9992842188143
22	0.053240	113.799	208.999200344467
23	0.051467	112.668	222.00092306599922
24	0.057049	114.294	195.00061245559698
25	0.055365	116.218	201.00070557056566
26	0.059332	115.537	187.99951530678484
27	0.057286	117.724	194.99932044442932
28	0.061507	119.832	181.00006676013084
29	0.059360	119.105	188.00050375718902
30	0.079623	142.883	139.9998600253354
31	0.075827	145.090	147.00048245916327
32	0.050494	101.740	221.99921368193435
33	0.049866	103.697	225.00072326103938
34	0.054897	102.405	205.00073238611395
35	0.054083	105.080	207.00038066235248
36	0.059020	103.542	190.00019315833188
37	0.057986	106.236	199.00033886818028
38	0.066744	106.496	168.99977463942307
39	0.065582	108.828	171.0001102657404
40	0.070860	107.356	157.99955288945193
41	0.069847	110.012	160.0007271933971
42	0.075288	109.234	147.99970705091823
43	0.073444	111.346	153.00055682287643
44	0.079523	109.234	146.00032956771702
45	0.077627	112.692	144.000461434707
46	0.083072	112.795	134.9997783589698
47	0.081632	113.403	143.00062608572966
48	0.091710	114.844	122.00027863884922
49	0.089109	117.336	125.99969318879116
50	0.095256	116.220	116.9996558251592
51	0.093003	118.790	121.00008418217021
52	0.099419	118.202	112.99978003756281
53	0.096874	120.262	116.00006652142821
54	0.103623	120.055	107.99966681937444
55	0.099465	122.244	113.00022905009654
56	0.111091	123.870	100.0
57	0.108392	130.591	103.00020675237955
58	0.114325	125.039	97.99982405489487
59	0.111801	127.566	100.0
60	0.119282	128.324	94.00034288207972
61	0.114905	129.176	97.99962841394688
62	0.146141	153.775	77.00016257519103
63	0.140562	156.482	79.00014059125012
64	0.073942	103.846	153.00059703792152
65	0.073086	106.224	154.99981171863232
66	0.079887	105.746	141.00013239271462
67	0.078417	108.206	144.0003326987413
68	0.085464	107.011	131.99951406864716
69	0.084084	109.674	133.9998541130988
70	0.097667	110.046	115.00009087109026
71	0.095394	112.646	117.99975143369494
72	0.103836	111.478	108.9999820592404
73	0.101509	114.441	111.00042816822642
74	0.109495	113.646	102.00007039403059
75	0.107765	116.010	104.99956900267217
76	0.115834	114.938	97.00012180479911
77	0.112835	117.507	100.0
78	0.122122	116.883	91.999691999692
79	0.117809	119.502	96.00006694448629
80	0.133986	121.343	83.00025547415179
81	0.129307	123.695	87.00028295404019
82	0.137724	123.080	81.0001624959376
83	0.135051	125.723	82.99992841405312
84	0.143833	125.234	79.00011179072776
85	0.140560	128.100	79.0
86	0.150549	127.375	74.99980372914622
87	0.144856	129.901	77.00017705791332
88	0.161118	132.371	70.00022663574347
89	0.157190	135.276	71.00002956917709
90	0.168266	135.735	65.99992632703429
91	0.162112	138.077	68.99990584963462
92	0.173831	138.486	63.99997111621392
93	0.166470	140.499	66.99976512288343
94	0.213157	170.692	52.00009373608605
95	0.203142	172.913	54.99991325117256
96	0.096195	107.447	118.00050257336174
97	0.094727	109.425	120.0
98	0.103829	108.801	108.99991728017204
99	0.103158	111.800	110.0
100	0.111128	110.106	101.99989101411367
101	0.110002	112.973	104.00007081338019
102	0.128268	114.176	88.00010510089686
103	0.125439	117.484	90.99962548091655
104	0.136313	118.243	83.0002621719679
105	0.132869	119.125	84.99979013641133
106	0.143804	118.419	78.00015200263472
107	0.140562	120.775	81.00020699648105
108	0.151580	120.367	74.99979230187675
109	0.147037	123.131	77.0001055786114
110	0.157707	122.682	70.99982067458959
111	0.155063	125.300	73.0
112	0.173144	127.664	64.00003133224715
113	0.168862	130.097	67.00000768657232
114	0.181102	130.224	62.00009214891264
115	0.176879	132.636	63.99996984227511
116	0.189408	132.931	58.999781841707346
117	0.183686	135.887	60.9999484866102
118	0.195779	135.933	57.00013977474197
119	0.191169	138.822	59.000014406938384
120	0.213395	141.866	53.0000140978106
121	0.204324	144.558	55.00006917638595
122	0.219000	145.776	51.000164636154096
123	0.211201	147.804	52.99991881139888
124	0.226436	148.358	49.99999999999999
125	0.218630	155.473	50.999852064345575
126	0.263621	180.867	41.999922595056034
127	0.254058	179.602	44.00006681440073
128	0.118063	110.278	96.00010881590163
129	0.116467	112.423	98.0004091689423
130	0.127510	112.095	88.0003568401802
131	0.125490	114.277	90.99993874532933
132	0.137256	113.753	83.00000879097693
133	0.134838	116.107	85.0000430637257
134	0.156076	118.479	72.00010128377181
135	0.152847	120.425	75.0002075980901
136	0.166225	120.407	68.00019932395958
137	0.162351	123.057	70.00008126315447
138	0.175512	123.097	64.99995938162587
139	0.170535	125.464	67.0000956449659
140	0.183796	126.292	60.999904982104965
141	0.179987	128.032	62.99987503124218
142	0.194161	128.333	57.99989090880756
143	0.189224	130.500	60.0
144	0.213686	133.764	53.000059806823955
145	0.207043	136.093	54.999889781252534
146	0.221762	143.976	51.00016669444908
147	0.216326	139.806	51.99991416677395
148	0.231825	140.465	47.99985761577617
149	0.222810	141.994	51.00004225530656
150	0.240053	144.437	45.999986153132504
151	0.233560	146.673	47.999972728450366
152	0.257371	150.436	44.00010635752081
153	0.249569	153.849	44.999967500601244
154	0.267564	155.274	41.99994847817407
155	0.257130	157.214	43.99989822789319
156	0.275920	158.522	40.99998738345466
157	0.266548	161.421	42.00011150965488
158	0.325401	194.041	34.00003092130014
159	0.310895	193.814	35.999979361656024
160	0.138943	113.285	82.00026481881979
161	0.137087	115.169	82.99976556191336
162	0.149690	114.726	76.00020919407982
163	0.147169	117.351	76.99976992100622
164	0.161371	117.054	70.00017086131187
165	0.157851	120.039	71.99993335499295
166	0.184307	122.224	62.0000981803901
167	0.178783	124.710	62.99975944190522
168	0.194966	124.845	57.99991990067684
169	0.191256	127.062	59.99984259652768
170	0.206953	127.972	54.0000937705123
171	0.200968	130.270	55.99984647271052
172	0.216589	131.531	51.99990876675461
173	0.212671	137.783	53.00000725778943
174	0.226613	133.698	49.99999999999999
175	0.221551	136.822	50.999839207145044
176	0.247663	140.184	45.000142669634194
177	0.243215	143.552	46.00005572893446
178	0.261268	143.953	43.00014588094725
179	0.252923	146.064	45.00013692627889
180	0.271466	146.660	41.99986363016501
181	0.261754	150.133	42.99987344554495
182	0.282706	151.090	40.0
183	0.272665	154.700	41.0
184	0.301176	160.176	36.999925082409355
185	0.292589	161.303	38.99989460828379
186	0.313142	164.461	36.0000243218757
187	0.302166	167.059	37.000101760455884
188	0.322327	170.550	34.0
189	0.312265	171.842	35.999930168410515
190	0.372559	200.417	29.99995010403309
191	0.355468	201.516	31.999940451378553
192	0.157761	115.501	73.00023376420984
193	0.155842	117.595	73.99974488711254
194	0.170460	117.408	65.99976151539929
195	0.167471	119.800	69.00000000000001
196	0.182857	119.910	61.999833208239515
197	0.179902	122.480	63.99983670803396
198	0.210343	125.331	54.00020745067062
199	0.205306	128.551	54.999961104931124
200	0.221916	128.345	51.000038957497374
201	0.215455	131.353	52.999931482341474
202	0.234086	131.525	48.0
203	0.229060	139.924	49.0001715216832
204	0.246811	134.828	46.00008900228439
205	0.239797	137.994	46.99986955954606
206	0.260026	138.693	43.00000721016922
207	0.250463	141.607	44.99989407303311
208	0.283856	145.797	40.00013717703382
209	0.275368	148.454	40.999905694693304
210	0.297404	149.916	37.999946636783264
211	0.286829	153.549	38.99992836163049
212	0.307496	154.983	36.000077427846925
213	0.299490	156.445	37.999936079772446
214	0.321258	159.197	35.00003140762703
215	0.311026	162.225	36.0
216	0.344825	167.388	32.99997610342438
217	0.330949	171.044	34.000023385795465
218	0.357362	172.447	31.99997680446746
219	0.342218	175.955	32.999914750930635
220	0.370332	180.270	30.0
221	0.354347	181.169	31.999955842335055
222	0.425397	216.019	26.000027775334576
223	0.400433	216.032	28.000018515775437
224	0.175704	117.663	65.00004249424204
225	0.172965	120.462	66.00006641098437
226	0.190509	119.569	60.999924729654005
227	0.186728	122.879	62.00001627617412
228	0.204313	122.718	55.99993480988934
229	0.199131	125.469	57.9999840598076
230	0.233580	128.663	49.00010103914878
231	0.227349	131.314	50.99989338532068
232	0.247483	132.057	45.99983340527197
233	0.241593	135.134	47.000014800124326
234	0.261563	135.293	44.00005913092325
235	0.255183	138.704	45.000144191948316
236	0.276372	145.466	40.99995875324818
237	0.266708	143.486	41.99991636814742
238	0.286962	143.854	38.99995829104508
239	0.279931	145.785	41.000102891243955
240	0.316362	151.114	35.99997352991781
241	0.306389	154.084	36.999948080267906
242	0.330526	156.650	34.0
243	0.317067	158.900	35.99999999999999
244	0.344395	160.773	32.999944020451196
245	0.330993	164.071	33.99991467108752
246	0.357482	164.956	32.00004849778123
247	0.344264	168.530	33.00005933661662
248	0.383061	177.731	29.00000562648047
249	0.367116	178.842	30.999988816944565
250	0.395591	183.500	28.0
251	0.375536	184.380	30.0
252	0.408484	187.589	28.000042646423832
253	0.392640	192.789	28.000041496143456
254	0.475772	229.263	23.999947658366157
255	0.445135	228.308	25.0
256	0.189664	120.567	59.9998341171299
257	0.187735	121.616	62.00006578081831
258	0.204499	122.866	56.00003255579249
259	0.202276	124.086	58.00009670712248
260	0.222510	126.404	50.9999683554318
261	0.216921	127.333	54.0001413616266
262	0.252509	132.817	46.00013552481987
263	0.247691	134.709	46.99982926159351
264	0.268016	137.193	43.00000728900162
265	0.262792	139.264	43.999885110294116
266	0.283312	140.615	40.99989332574761
267	0.275927	142.902	42.00011196484304
268	0.297562	146.411	37.999877058417745
269	0.285703	147.067	40.000135992438814
270	0.313617	149.949	36.999913303856644
271	0.305876	153.173	36.99999347143426
272	0.336925	158.762	33.99994961010821
273	0.328154	165.009	33.999963638347005
274	0.357608	167.077	31.00007780843563
275	0.342188	166.864	32.99992808514718
276	0.368369	171.553	30.000058291023766
277	0.362212	171.950	32.0
278	0.389788	177.800	28.999999999999996
279	0.376127	178.537	29.999943989201117
280	0.418784	190.541	26.999963262499936
281	0.405909	191.557	28.000020881513077
282	0.428009	196.754	25.99997967004483
283	0.413183	194.600	28.0
284	0.439925	204.912	25.0
285	0.428242	202.259	27.000034609090328
286	0.524375	266.143	20.999988727864345
287	0.508803	262.964	21.999969577584764
288	0.206804	122.935	54.999796640501074
289	0.202909	123.723	56.99991109171294
290	0.222820	124.612	51.99980740217636
291	0.217489	126.560	53.000158027812894
292	0.240463	128.375	48.0
293	0.236927	130.261	49.00008444584335
294	0.272510	136.841	41.0001388472753
295	0.265562	137.457	43.99994179998109
296	0.288253	140.008	39.99985715101994
297	0.282170	142.129	41.00007739447967
298	0.303175	143.887	37.99995830061089
299	0.300167	147.405	38.00006784030392
300	0.324873	150.269	34.9999001790123
301	0.313903	150.984	36.99994701425316
302	0.337106	153.829	34.00009101014763
303	0.330581	156.959	33.99996177345676
304	0.369877	164.907	29.999939359760347
305	0.361899	165.403	32.00002418335822
306	0.386376	171.248	29.000046715874056
307	0.378360	172.253	30.000058054141295
308	0.403294	176.471	28.00006799984133
309	0.385843	180.317	29.999944542111947
310	0.415240	183.530	26.99994551299515
311	0.408698	183.282	28.000021824292617
312	0.450163	195.952	25.0
313	0.437170	196.635	25.999949144353753
314	0.461355	203.637	24.00005892838728
315	0.447262	200.165	26.000049958784004
316	0.484608	212.617	23.00004232963498
317	0.464853	213.004	24.000018778990068
318	0.548912	267.680	20.0
319	0.546944	265.981	20.99999624033296
320	0.220416	125.038	52.00019194164974
321	0.216042	125.676	53.99996817212514
322	0.239271	127.458	48.000125531547646
323	0.234729	129.545	48.99996140337335
324	0.256516	131.313	45.00011423088347
325	0.251193	132.368	47.000030218784
326	0.291024	138.245	40.0
327	0.283551	140.395	41.00003561380391
328	0.309112	143.346	36.99998604774462
329	0.300037	144.405	39.00003462483986
330	0.327431	147.957	35.0000337936022
331	0.318335	149.922	36.00005336108109
332	0.347275	153.173	32.99994124290834
333	0.334556	154.194	35.000064853366545
334	0.362562	158.771	30.999993701620575
335	0.354646	158.297	32.99999368276089
336	0.396411	168.069	28.999994050062774
337	0.384474	169.070	30.000000000000004
338	0.415027	175.767	26.99994879584905
339	0.404674	177.818	27.99997750508947
340	0.432092	182.115	26.000054910358838
341	0.419481	182.867	26.999950783903056
342	0.446299	185.458	25.99995686354862
343	0.436784	189.108	25.99995769613131
344	0.478659	203.335	22.99997541003762
345	0.466376	200.616	24.999999999999996
346	0.492964	210.836	22.0000379441841
347	0.477083	212.470	22.999952934531933
348	0.512798	218.350	22.0
349	0.495416	218.339	23.0000137401014
350	0.595786	277.674	18.999978391927225
351	0.583065	279.137	18.99998925258923
352	0.235952	127.196	48.99996855247021
353	0.223955	129.262	51.9998143305844
354	0.253838	130.502	45.000076627178125
355	0.248600	130.685	47.000038259938016
356	0.273214	133.581	41.999985027810844
357	0.264907	135.140	42.99985200532781
358	0.309355	141.946	36.99998591013484
359	0.305162	143.776	38.00008346316492
360	0.327839	147.415	33.99993216429807
361	0.318406	146.708	37.000027265043485
362	0.346042	151.452	32.99989435596756
363	0.336336	152.985	34.00006536588554
364	0.365286	154.666	31.99992241345868
365	0.355955	158.231	32.00005055899286
366	0.381130	160.967	29.999937875465154
367	0.375876	162.832	31.000049130392064
368	0.420573	172.689	26.999982627729622
369	0.410616	174.171	28.00006889780733
370	0.438333	179.712	25.999933226495727
371	0.424834	180.141	26.999961141550234
372	0.454832	185.496	24.999999999999996
373	0.443649	186.438	26.000064364560874
374	0.469776	192.679	24.000020759916755
375	0.459987	193.672	25.0
376	0.506963	207.823	21.999971129278283
377	0.488845	207.748	22.99998074590369
378	0.519751	217.995	21.000022936305875
379	0.507097	213.665	23.000023401118575
380	0.537356	227.490	20.0
381	0.522423	223.023	21.99997309694516
382	0.624563	286.559	16.99998953095174
383	0.604405	279.221	19.000003581392516
384	0.247341	128.332	46.999968830845
385	0.242861	129.556	48.00009262403902
386	0.266560	131.728	42.999969634398155
387	0.262198	133.830	43.99985055667638
388	0.287446	135.620	40.0
389	0.278689	136.564	42.00008787088838
390	0.327131	144.500	35.0
391	0.316378	145.511	36.999951893671266
392	0.339954	148.279	34.00009441660654
393	0.335514	151.432	34.00007924348883
394	0.362855	154.597	30.999954720984235
395	0.344675	157.224	33.999898234366256
396	0.383616	159.763	30.000062592715455
397	0.369972	161.068	30.99995033153699
398	0.407266	165.689	28.000048283229425
399	0.393209	166.848	29.00004794783276
400	0.440446	175.931	25.99996589572048
401	0.425780	177.507	27.000061969387122
402	0.455201	182.588	25.0
403	0.447072	183.750	26.0
404	0.475104	191.709	22.99996348632563
405	0.466353	189.708	25.0
406	0.488789	196.630	23.00005085693943
407	0.476621	197.958	24.000040412612776
408	0.528803	213.767	20.999967254066345
409	0.513938	214.041	21.999990655995813
410	0.543622	219.086	20.999972613494243
411	0.531054	221.971	21.000040545837066
412	0.563736	230.535	20.0
413	0.544211	227.800	21.0
414	0.648203	286.089	17.999993009168477
415	0.643365	288.600	18.0
416	0.259985	129.396	44.99984543571672
417	0.256127	131.180	46.00015246226559
418	0.282235	133.522	40.99998502119501
419	0.275160	135.729	41.99986738279955
420	0.302498	137.918	38.00011601096303
421	0.296330	139.851	39.000078655140115
422	0.342162	146.129	34.000095805760665
423	0.336240	148.237	35.00003372977057
424	0.364203	151.659	32.000079124878845
425	0.354023	153.415	33.000032591337224
426	0.383323	157.223	30.000063603925632
427	0.372438	159.094	30.99991200170968
428	0.400445	161.641	29.000068052041257
429	0.394402	164.559	28.999933154674007
430	0.425328	168.693	26.999934792789265
431	0.412884	170.057	28.00002352152514
432	0.464180	183.250	24.0
433	0.450257	180.885	25.999944716256188
434	0.478052	187.438	23.999935978830333
435	0.468444	190.900	24.0
436	0.500918	193.804	23.000041278817775
437	0.486198	194.038	23.99993815644358
438	0.508569	202.286	22.00003954796674
439	0.504770	201.348	22.99998013389753
440	0.558069	221.370	19.999999999999996
441	0.533234	223.081	20.999995517323303
442	0.570171	230.860	19.999999999999996
443	0.552389	225.148	20.999964467816728
444	0.581408	231.125	20.0
445	0.577084	235.785	20.0
446	0.679589	299.563	15.999973294432223
447	0.668196	296.341	17.00001012347262
448	0.269629	132.351	43.00005288966461
449	0.262472	132.929	44.99996238593535
450	0.292045	135.365	40.0
451	0.282967	136.000	42.0
452	0.308876	139.724	37.0000858835991
453	0.306826	141.513	38.00004239893155
454	0.352872	148.894	32.99998656762529
455	0.346096	150.244	34.00002662335934
456	0.375375	154.087	31.000019469520467
457	0.364323	155.503	32.00002572297641
458	0.391369	159.800	28.999999999999996
459	0.384179	159.323	30.999918404750098
460	0.415754	166.178	26.999963894137615
461	0.409315	167.771	28.000071526068275
462	0.435794	172.127	25.99998838067241
463	0.425926	173.078	26.99996533354904
464	0.471205	184.471	23.999978316374932
465	0.463976	184.520	25.0
466	0.495495	191.870	22.999947881378016
467	0.482485	192.375	24.0
468	0.513945	199.314	21.999959862327785
469	0.501685	199.639	23.000015027123958
470	0.530996	207.905	20.99997595055434
471	0.521025	207.473	21.999971080574337
472	0.572050	222.175	20.0
473	0.556470	220.543	20.99998639721052
474	0.585518	233.995	18.99997863202205
475	0.577115	231.795	20.0
476	0.607645	240.589	19.000037408194057
477	0.590244	244.005	19.000020491383374
478	0.687054	308.456	16.000012967813884
479	0.699057	308.844	15.999987048477548
480	0.277836	134.417	41.00002231860554
481	0.273342	134.851	43.00005190914417
482	0.300053	136.603	38.999875551781436
483	0.291986	138.460	39.99999999999999
484	0.323670	140.956	35.99988648940095
485	0.316880	142.605	37.00010518565268
486	0.365171	149.950	32.0
487	0.359266	152.191	32.99998028792767
488	0.382989	156.170	30.000000000000004
489	0.378595	158.281	30.999930503345315
490	0.396723	167.229	27.999928242111114
491	0.402741	163.690	28.99993890891319
492	0.429476	167.433	27.000053752844423
493	0.419703	168.332	28.000023762564457
494	0.452348	175.732	25.0
495	0.440174	175.712	25.999931706428704
496	0.488761	186.375	24.0
497	0.483828	185.892	25.0
498	0.512063	195.405	21.99994882423684
499	0.505693	195.574	22.999989773691798
500	0.529514	204.871	21.000043930082832
501	0.517150	204.641	21.9999902267874
502	0.549024	209.867	20.999966645542177
503	0.539258	208.364	21.99996160565165
504	0.584615	210.045	22.000047608845726
505	0.575095	228.130	20.000000000000004
506	0.599297	242.478	17.999983503658065
507	0.596931	239.816	18.999983320545752
508	0.619015	250.322	18.00001597941851
509	0.620598	253.200	18.000000000000004
510	0.702739	316.106	16.000012653983156
511	0.713413	315.831	16.00001266500122
512	0.266151	132.374	43.000135978364334
513	0.263094	132.487	44.999886781344586
514	0.288056	135.949	38.9999190873048
515	0.278798	136.150	42.0
516	0.302591	138.526	38.00008662633729
517	0.302460	140.608	38.99991465634957
518	0.351504	148.512	33.000026933850464
519	0.344038	150.426	34.00010636459123
520	0.374757	155.403	30.0000643488221
521	0.362070	155.444	31.99994853452047
522	0.393098	160.145	28.99996877829467
523	0.385040	161.710	30.0
524	0.406674	164.843	27.999975734486757
525	0.409992	165.638	28.999987925476038
526	0.432675	172.519	26.000034778777987
527	0.431674	173.159	27.000040425273884
528	0.471730	185.117	23.999956784087903
529	0.459006	184.892	25.0
530	0.495697	192.335	22.999974003691474
531	0.482745	191.975	24.0
532	0.520798	200.314	21.999960062701557
533	0.501927	199.139	23.000015064854196
534	0.533527	209.257	21.000014336437967
535	0.521752	206.968	22.000019326659196
536	0.570731	229.150	20.0
537	0.557819	226.495	21.000022075542503
538	0.586812	230.130	20.000000000000004
539	0.581367	232.295	20.0
540	0.619169	250.233	18.000023977652827
541	0.597472	245.205	19.00002039110132
542	0.705514	321.527	14.999984449206442
543	0.704055	314.894	15.999987297312746
544	0.273976	133.012	41.999969927525335
545	0.267106	133.389	43.99988005007909
546	0.293016	136.218	38.99998531765259
547	0.285586	137.598	40.99986918414511
548	0.316119	139.743	37.00006440394152
549	0.308798	141.697	38.000098802374076
550	0.356336	148.215	33.00003373477718
551	0.351316	151.836	33.00007903264048
552	0.378239	153.806	31.0000910237572
553	0.374468	157.135	31.00009545931842
554	0.396078	160.431	29.00000623320929
555	0.392030	161.900	30.0
556	0.418846	167.237	27.00000597953802
557	0.409617	168.368	27.999976242516393
558	0.444629	172.908	25.99995373262082
559	0.436236	173.444	27.000069186596253
560	0.479772	188.270	22.999946884793115
561	0.477191	188.542	23.999957569135788
562	0.503848	192.026	23.000010415256266
563	0.490153	196.348	22.999979628007413
564	0.520916	200.118	22.00001998820696
565	0.516953	203.864	21.999960758152493
566	0.542494	209.624	20.999980918215474
567	0.536754	212.171	21.000042418615177
568	0.572104	224.615	20.0
569	0.568423	225.930	20.0
570	0.596177	242.056	17.99996694979674
571	0.576594	232.550	20.0
572	0.617261	249.867	17.999975987225206
573	0.606302	245.268	19.000032617381805
574	0.710895	312.156	16.000012814105766
575	0.698708	302.176	17.0000264746373
576	0.275047	132.874	41.99993979258546
577	0.267754	133.711	44.00011966106005
578	0.297115	136.103	38.99987509459747
579	0.290994	136.841	41.0001388472753
580	0.322306	140.942	35.99991485859431
581	0.313157	141.929	37.99998590844718
582	0.364290	151.761	31.0000593037737
583	0.346970	154.152	32.999896206341795
584	0.386730	157.070	30.000000000000004
585	0.381037	157.323	30.999917367454216
586	0.405778	162.443	27.999975375978032
587	0.399048	163.679	29.000054985673177
588	0.422340	166.996	27.000047905339045
589	0.417022	168.036	27.999952391154277
590	0.442302	172.931	25.999965304080817
591	0.435191	173.641	26.999959686940297
592	0.489833	188.457	22.99994163124745
593	0.475228	184.988	25.0
594	0.511217	195.886	22.000040840080455
595	0.497204	191.833	24.000041702939537
596	0.523428	204.890	21.000048806676755
597	0.510819	199.896	22.999959979189182
598	0.542793	212.945	20.0
599	0.520664	207.236	22.00003860333147
600	0.583169	230.063	19.00001303990646
601	0.573817	227.655	20.0
602	0.592272	237.016	18.99998312350221
603	0.588160	238.216	18.999983208516642
604	0.619296	249.933	18.000024006433726
605	0.605306	246.332	18.999967523504864
606	0.714591	323.673	15.00001544768949
607	0.706669	315.062	16.00002539182764
608	0.280866	133.571	40.999917646794586
609	0.273799	134.179	43.000022358193156
610	0.301184	137.268	38.000116560305386
611	0.297045	138.490	40.0
612	0.319397	141.186	36.00002833142096
613	0.315739	142.968	36.999888086844614
614	0.365042	150.428	32.00002659079426
615	0.359574	153.847	31.999974000143
616	0.389692	155.953	30.000064121882875
617	0.381557	157.452	30.999923786296776
618	0.409268	162.507	28.000024614324303
619	0.401429	163.821	28.99994506198839
620	0.429135	169.438	26.000070822365704
621	0.421987	168.514	28.000047473800393
622	0.449200	175.168	24.999999999999996
623	0.441420	175.481	25.999965808264143
624	0.491546	185.104	24.000021609473592
625	0.483653	188.408	24.000042461041996
626	0.510748	192.530	23.00005193995741
627	0.498963	193.046	23.999979279549954
628	0.532092	204.571	21.000043994505575
629	0.517361	202.732	21.99998026951838
630	0.542678	208.714	21.00002874747262
631	0.535728	211.614	21.00002835351158
632	0.574357	230.058	18.999991306540092
633	0.575657	227.160	20.0
634	0.605022	248.411	18.000008051173257
635	0.588802	235.810	20.0
636	0.619827	249.022	18.00001606283782
637	0.610880	251.061	18.000007966191486
638	0.715146	313.400	16.0
639	0.713987	312.919	15.99998721713926
640	0.281020	133.934	41.000044798184184
641	0.277396	135.833	42.00010306773759
642	0.304399	137.384	38.00005823094393
643	0.291651	138.093	39.99985517006655
644	0.323904	141.131	35.999886630152126
645	0.314612	142.938	36.99995802375855
646	0.368222	152.026	30.999960533066712
647	0.361386	153.791	31.999921972026975
648	0.393498	157.683	28.99995560713584
649	0.386201	157.426	30.999961886854777
650	0.410965	162.079	27.999925962030858
651	0.399325	163.869	28.99999389756452
652	0.436550	169.650	25.999999999999996
653	0.423474	167.989	28.000047622165734
654	0.446341	175.040	25.0
655	0.442703	173.085	27.000028887540804
656	0.499003	191.873	21.999968729315746
657	0.483403	188.571	23.999978787830578
658	0.513469	197.059	22.000010149244645
659	0.506635	196.091	23.000035697711777
660	0.527809	205.510	20.999951340567367
661	0.517240	203.800	22.0
662	0.554394	208.957	21.000014357020824
663	0.536684	211.705	20.99997638222999
664	0.588673	230.311	18.99996092240492
665	0.573581	226.800	20.0
666	0.608339	235.868	19.000033917275765
667	0.596507	231.975	20.0
668	0.620556	241.584	19.00001655738791
669	0.612831	245.158	18.999991841995776
670	0.700678	313.144	15.999987226323992
671	0.703649	311.706	16.000012832605083
672	0.281885	134.276	40.99988084244392
673	0.272914	134.800	42.99999999999999
674	0.302937	137.461	37.99986905376797
675	0.297929	139.238	39.00012927505423
676	0.325829	140.892	35.99991482837919
677	0.317180	143.000	37.0
678	0.367000	150.413	31.999893626215815
679	0.364982	153.791	31.999921972026975
680	0.390335	157.807	28.999980989436462
681	0.387038	157.526	30.999961911049603
682	0.412820	162.382	28.000024633272158
683	0.403209	163.517	29.00004280900457
684	0.421038	170.659	27.000041017467584
685	0.421021	171.889	26.99998254687618
686	0.456396	175.260	25.0
687	0.446549	175.842	26.0000454953879
688	0.496035	188.635	22.999973493784296
689	0.482568	188.800	23.999999999999996
690	0.507475	196.718	22.000020333675618
691	0.502517	195.422	22.99996929721321
692	0.534628	204.643	20.99998534032437
693	0.519612	203.473	21.99997051205811
694	0.558926	213.965	20.0
695	0.549703	212.505	20.999976471141856
696	0.582323	230.000	19.0
697	0.576212	227.515	20.000000000000004
698	0.610725	243.206	17.999967106074685
699	0.602948	233.150	20.0
700	0.630510	249.267	17.999975929425077
701	0.613566	245.095	18.99997959974704
702	0.711519	312.875	16.0
703	0.713285	312.981	16.000012780328518
704	0.282389	133.746	41.000104676027696
705	0.279915	134.451	43.000052063577066
706	0.301807	137.639	38.00013077688736
707	0.299380	139.226	38.99989944406936
708	0.319204	139.724	37.0000858835991
709	0.318070	143.324	37.00008372638218
710	0.363513	151.887	31.000019751525805
711	0.363978	151.785	32.99996705866851
712	0.392090	157.983	28.999955691435154
713	0.379845	157.165	30.99990455890307
714	0.415849	162.596	28.000073802553565
715	0.406274	163.948	29.000048795959692
716	0.434414	169.750	26.0
717	0.425187	170.715	26.999970711419618
718	0.453771	172.454	25.999976805408977
719	0.445276	175.492	26.000045586123587
720	0.488810	188.543	23.00005834212885
721	0.492412	188.517	23.99995756350886
722	0.515395	195.314	21.999959040314568
723	0.504264	195.691	23.000035770679283
724	0.528819	200.700	22.0
725	0.530193	204.277	22.0000293718823
726	0.550789	209.433	21.000033423576994
727	0.546085	207.718	22.000019256877113
728	0.581105	223.755	20.000000000000004
729	0.585140	232.995	18.99997854031202
730	0.607676	235.837	18.99998727934972
731	0.600643	232.145	19.999999999999996
732	0.625966	248.994	18.000032129288254
733	0.614870	245.274	18.999975537562072
734	0.723001	325.053	15.000015382106918
735	0.722462	313.094	15.999987224284082
736	0.281015	133.580	41.00014972301243
737	0.276078	135.226	42.999866889503494
738	0.298550	139.671	38.000014319364794
739	0.298426	138.355	40.0
740	0.328458	142.174	35.00007033634842
741	0.321325	143.781	35.99988871965002
742	0.376623	153.003	30.000065358195595
743	0.365142	153.713	31.99989590991003
744	0.396134	157.628	28.99992387139341
745	0.382300	157.245	31.000031797513437
746	0.407484	162.136	27.999950658706272
747	0.405068	163.586	29.000036677955325
748	0.433803	168.992	26.000047339519032
749	0.428532	168.493	27.999976260141374
750	0.456184	175.192	25.0
751	0.443939	175.977	25.99998863487842
752	0.496291	188.117	23.00004784256606
753	0.487036	187.542	23.999957342888525
754	0.513316	194.786	22.0000410707135
755	0.507810	195.852	23.00002042358516
756	0.531136	204.914	21.000029280576243
757	0.531024	203.909	22.000009808296838
758	0.557084	213.610	19.999999999999996
759	0.546893	212.495	21.000023529965407
760	0.590740	230.784	19.00001733222407
761	0.580127	231.721	19.00000431553463
762	0.610953	235.358	18.999991502307125
763	0.600925	232.165	20.0
764	0.625826	248.833	18.00002411255742
765	0.622244	245.605	19.00002035789174
766	0.712996	312.319	15.999987192581944
767	0.723198	320.413	15.000015604859977
768	0.285361	133.807	41.00009715485738
769	0.280892	135.952	42.00011768859598
770	0.309443	137.922	36.99989849335132
771	0.305201	139.462	38.99987093258379
772	0.331097	142.280	35.0
773	0.322775	143.257	36.999937175844806
774	0.375441	151.913	30.99998025185468
775	0.366158	153.516	31.999921832252014
776	0.396239	157.972	29.000075962828852
777	0.385071	159.610	30.0
778	0.422516	162.250	28.0
779	0.409755	165.889	28.00004822501793
780	0.441904	169.288	26.00007088511885
781	0.431180	170.885	27.000029259443483
782	0.453825	175.504	25.000000000000004
783	0.450372	175.873	26.00001137184218
784	0.497364	188.761	22.999984106886487
785	0.483768	188.950	24.000000000000004
786	0.516771	198.045	22.000050493574694
787	0.503050	198.775	24.0
788	0.542347	207.705	20.0
789	0.533855	203.800	22.0
790	0.555824	214.145	19.999999999999996
791	0.557268	212.505	20.999976471141856
792	0.592129	224.145	19.999999999999996
793	0.585196	226.990	20.0
794	0.613102	236.084	19.000016943121942
795	0.604650	238.732	18.99996648962016
796	0.639859	249.822	18.000016011400117
797	0.612488	244.600	19.0
798	0.724949	325.220	15.0
799	0.729688	326.373	15.000015319894723
800	0.290223	135.468	39.99985236365784
801	0.279202	135.081	41.99998519406874
802	0.305738	137.397	38.000101894510074
803	0.307066	140.487	37.999957291421985
804	0.335970	143.609	33.999958219888725
805	0.324965	144.172	36.0000554892767
806	0.373371	152.087	31.000019725551823
807	0.366516	153.822	31.999973995917358
808	0.394862	157.703	29.000082433434997
809	0.387170	159.813	30.000062573132347
810	0.418283	162.289	28.000049294776606
811	0.414684	166.096	28.00007224737501
812	0.442897	169.346	26.000023620280373
813	0.430822	170.833	27.000052683029626
814	0.460275	175.236	25.0
815	0.455236	176.069	26.000034077549145
816	0.503763	188.978	23.00003174972748
817	0.498468	192.552	23.000020773609208
818	0.520964	196.909	22.000010156976067
819	0.518229	200.077	22.000029988454443
820	0.536665	204.990	21.000048782867456
821	0.533694	204.114	21.999960806216134
822	0.568220	213.560	20.0
823	0.559336	212.948	20.999962432143057
824	0.598350	230.432	18.99996528259964
825	0.593407	227.105	20.000000000000004
826	0.619400	242.306	17.999966983896396
827	0.619712	245.272	18.000016308424932
828	0.632910	250.344	18.000031956028504
829	0.625913	250.800	17.999999999999996
830	0.720960	325.527	14.999984640290974
831	0.725911	326.220	15.0
832	0.290862	135.147	40.00014798700674
833	0.281198	136.366	40.99995600076265
834	0.313934	138.724	37.00008650269601
835	0.307452	140.745	37.99992894951863
836	0.335799	143.347	34.00001395215805
837	0.326379	145.006	35.999889659738216
838	0.374709	155.603	31.000044986279182
839	0.375801	156.677	31.000082973250702
840	0.402172	158.110	29.000063247106443
841	0.394152	159.837	29.9999374362632
842	0.425720	164.704	26.99995142801632
843	0.414424	166.282	28.000024055520136
844	0.443986	169.823	26.00001177696778
845	0.438737	173.308	25.9999538394073
846	0.465144	175.108	25.0
847	0.457853	176.365	26.00005670059252
848	0.504775	192.155	21.99994795867919
849	0.496136	192.400	23.0
850	0.516891	196.741	21.999989834350746
851	0.509297	195.904	23.000040836327997
852	0.547517	205.290	21.000048711578746
853	0.537252	204.014	21.999960787004813
854	0.572467	214.755	20.000000000000004
855	0.557978	212.648	20.999962379143
856	0.599296	230.689	19.00003901356372
857	0.584184	231.711	18.99996115851211
858	0.613033	237.047	19.000029530008817
859	0.617193	239.905	19.000020841583126
860	0.638868	258.624	16.999969067062608
861	0.633466	252.989	17.999992094517943
862	0.725943	327.400	15.000000000000002
863	0.729934	324.660	14.999999999999998
864	0.288385	134.212	41.00005960718863
865	0.287128	136.244	40.999970640908955
866	0.314048	138.435	37.000036118033734
867	0.304169	139.600	39.0
868	0.336886	144.474	33.999889253429686
869	0.330532	144.981	35.999889640711544
870	0.375131	151.935	31.000098726429066
871	0.373882	155.755	30.99996789830182
872	0.400454	159.654	27.999924837461013
873	0.394449	159.763	30.000062592715455
874	0.427755	164.641	26.99995748325144
875	0.415511	166.339	28.000048094553893
876	0.443337	169.865	26.00005887027934
877	0.438174	173.600	26.000000000000004
878	0.468250	175.228	24.999999999999996
879	0.459958	178.880	25.0
880	0.502772	189.000	23.0
881	0.502355	192.652	23.00002076282624
882	0.521258	197.705	21.999949419589793
883	0.524524	196.491	23.00003562504135
884	0.545014	209.605	20.000000000000004
885	0.539921	204.605	21.99995112533907
886	0.570768	215.250	20.0
887	0.563505	213.224	20.999981240385697
888	0.601597	231.274	18.99997405674654
889	0.601689	234.179	18.999995729762276
890	0.621434	244.911	18.00000816623181
891	0.617125	240.432	18.99996672655886
892	0.647794	253.644	18.00003154026904
893	0.616149	252.342	19.000007925751557
894	0.721949	334.080	15.0
895	0.737126	326.547	14.999984688268455
896	0.290971	135.315	40.0
897	0.290305	136.602	41.00013176966662
898	0.312301	138.722	36.999899078733
899	0.310558	140.724	37.999914726699075
900	0.338281	143.959	33.99995832146653
901	0.333277	145.654	35.00006865585566
902	0.382393	153.927	29.99993503413956
903	0.380624	155.916	31.000025654839785
904	0.403783	160.725	28.000000000000004
905	0.395118	159.957	29.99993748319861
906	0.426647	165.626	26.999987924601207
907	0.416709	166.836	27.999952048718498
908	0.449752	170.285	25.999941274921454
909	0.438734	173.335	25.999942308247032
910	0.473351	179.321	23.999977693633205
911	0.463683	178.972	25.0
912	0.508788	189.391	23.000036960573627
913	0.502488	189.213	23.99993657941051
914	0.532471	202.400	20.999999999999996
915	0.518646	201.327	22.00002980226199
916	0.544652	206.586	20.999970956405566
917	0.540463	208.390	21.00004798694755
918	0.568751	216.155	20.0
919	0.560358	213.981	20.999995326687884
920	0.602145	233.300	19.0
921	0.598829	234.305	19.00002133970679
922	0.610766	246.344	18.00003247491313
923	0.619015	240.268	19.00003329615263
924	0.639433	254.367	17.99997641203458
925	0.637578	252.333	18.000023778102744
926	0.740420	336.207	14.000005948716117
927	0.735110	328.680	15.0
928	0.294263	135.447	40.00014765923202
929	0.292844	137.080	41.00014590020426
930	0.313579	138.959	37.000122338243656
931	0.318356	142.843	37.00006300623762
932	0.338889	143.994	34.000027778935234
933	0.337495	146.766	34.99993186432825
934	0.388832	155.890	28.999935852203482
935	0.385796	156.935	31.000095580973014
936	0.409980	160.843	27.9999751310284
937	0.404943	163.014	28.99996319334535
938	0.432831	167.365	26.00005974964897
939	0.422054	167.096	28.000071815004546
940	0.445728	174.254	25.999977045003273
941	0.436452	174.022	27.000034478399286
942	0.470358	179.975	24.0
943	0.460163	179.344	25.000000000000004
944	0.515310	190.796	22.9999580703998
945	0.507456	189.675	23.999999999999996
946	0.524491	202.262	20.999990111835146
947	0.520973	197.604	23.000040485010423
948	0.548270	206.948	20.99996134294605
949	0.544603	210.152	21.000038067684343
950	0.562050	217.580	20.0
951	0.566569	219.710	20.0
952	0.595215	234.832	18.999965933092597
953	0.606694	235.984	19.000016950301713
954	0.623485	247.583	18.000024234297186
955	0.621090	241.811	18.999962780849504
956	0.631747	254.472	18.000015718821718
957	0.639019	255.061	18.000007841261503
958	0.712835	330.893	15.000015110624885
959	0.745404	328.400	15.000000000000002
960	0.293816	135.963	39.999852901156935
961	0.301218	140.362	38.99987176016301
962	0.314604	140.686	36.00002843211122
963	0.320411	143.776	36.99991653683507
964	0.344891	144.544	34.00002767323444
965	0.344866	148.968	33.999919445787015
966	0.389638	155.117	29.99993553253351
967	0.388975	159.620	30.0
968	0.412451	163.119	26.999920303582048
969	0.407461	161.033	30.000062099072863
970	0.427957	166.115	26.999969900370225
971	0.426243	169.507	27.00006489407517
972	0.446116	171.712	25.999930115542305
973	0.445091	174.677	25.999988550295694
974	0.472206	180.100	24.0
975	0.464893	180.192	25.0
976	0.507121	191.517	23.00004699321731
977	0.513309	193.170	22.999948232127142
978	0.526608	202.800	21.0
979	0.526235	202.168	22.00001978552491
980	0.545587	208.890	21.000047872085787
981	0.550611	210.457	21.00001425469336
982	0.563942	213.310	20.999953119872487
983	0.572648	215.500	21.0
984	0.591195	229.490	20.0
985	0.612483	237.705	19.000021034475502
986	0.608214	249.044	18.00003212283773
987	0.630152	243.137	18.999987661277387
988	0.639471	255.911	18.000007815217007
989	0.648637	258.033	18.000023252839753
990	0.703435	324.587	16.00002464670489
991	0.751014	332.520	15.000000000000002
992	0.292006	139.985	39.99999999999999
993	0.287566	143.644	40.99997215337918
994	0.315288	144.800	37.0
995	0.322748	149.314	35.99997321081747
996	0.339043	148.523	34.99996633518041
997	0.347340	154.291	34.00003888755663
998	0.384070	162.863	30.000061401300478
999	0.389881	164.581	30.99993316360941
1000	0.390467	167.479	29.00005373808059
1001	0.411393	171.359	28.999935807281783
1002	0.424425	176.367	26.999948970045416
1003	0.430869	177.307	28.00002255974102
1004	0.440107	184.315	26.000054254943983
1005	0.449416	186.181	25.999967773295875
1006	0.462624	189.340	25.0
1007	0.469243	192.924	25.0
1008	0.498894	208.509	22.99996642830765
1009	0.509984	213.245	22.000046894417217
1010	0.516824	218.382	21.99998168347208
1011	0.530031	220.223	21.99997275488936
1012	0.534648	232.271	21.000038747841963
1013	0.552281	230.971	21.000038965930784
1014	0.550026	238.762	20.999991623457667
1015	0.571068	236.438	21.00000845887717
1016	0.582621	266.021	19.000003759101723
1017	0.607974	264.968	19.00003019232511
1018	0.604166	273.511	18.999967094559267
1019	0.625163	273.153	18.999974373336553
1020	0.618656	292.322	18.000013683540754
1021	0.643257	292.311	18.000006842027844
1022	0.689866	367.438	15.999978227619353
1023	0.725937	373.063	15.999978555900746
