-1	0	90	0
0	0.004514	96.416	1014.0007882509127
1	0.004469	96.964	1022.0040427375109
2	0.004906	97.174	934.0018935106098
3	0.004845	97.666	941.9992627936027
4	0.005272	97.970	865.9977544146168
5	0.005213	98.567	875.9970375480638
6	0.006011	99.501	759.99638194591
7	0.005959	99.964	767.0001200432155
8	0.006395	100.400	714.0
9	0.006302	100.973	725.0017331365812
10	0.006744	101.014	679.998812045855
11	0.006693	101.724	682.003263733239
12	0.007143	102.115	640.0009792880576
13	0.007059	102.807	646.9997179180407
14	0.007515	102.850	608.0029168692271
15	0.007445	103.687	614.0017552827259
16	0.008291	105.507	550.9994597514857
17	0.008181	106.263	558.9998400195741
18	0.008649	106.473	528.0014651601815
19	0.008531	107.278	534.9987881951565
20	0.008985	107.752	1017.0020046031628
21	0.008871	108.442	514.9978790505525
22	0.009394	109.121	973.001530411195
23	0.009221	109.489	991.0036624683758
24	0.010122	111.731	902.0012351093251
25	0.009972	112.236	916.0037777540183
26	0.010488	112.978	871.0032041636425
27	0.010280	113.607	887.9972184812556
28	0.010855	114.556	841.997800202521
29	0.010684	115.023	855.0011736783079
30	0.013771	140.487	663.9980923501819
31	0.013494	141.484	676.9995193802832
32	0.006988	97.794	653.0001840603718
33	0.006898	98.561	661.9981534278263
34	0.007535	98.602	606.000892476826
35	0.007478	99.366	610.9977255801783
36	0.008135	99.473	560.9994671921024
37	0.007995	100.271	570.9985938107728
38	0.009265	101.626	986.9954539192726
39	0.009129	102.432	1000.9967588253671
40	0.009799	102.542	931.9985956973728
41	0.009708	103.350	941.9990324141269
42	0.010412	103.680	877.000385802469
43	0.010260	104.288	889.9978904571956
44	0.010918	104.463	836.0022208820349
45	0.010824	105.532	844.0018193533715
46	0.011538	105.457	797.001621513982
47	0.011431	106.622	798.9973926581756
48	0.012669	108.142	720.0005548260621
49	0.012568	109.336	727.0020853149923
50	0.013209	109.185	694.0019233411183
51	0.013119	110.316	696.0014866383843
52	0.013859	110.632	660.0016270156916
53	0.013648	111.711	668.9976815174871
54	0.014424	112.358	633.9993591911567
55	0.014222	113.000	642.9982300884956
56	0.015567	115.480	587.0012123311395
57	0.015339	116.254	600.000860185456
58	0.016099	117.150	568.0
59	0.015866	118.146	575.002116025934
60	0.016663	119.027	547.9983533147941
61	0.016432	120.043	556.0007663920428
62	0.020822	145.821	438.9984981587014
63	0.020424	148.165	447.9998650153545
64	0.008510	98.275	536.9982192826252
65	0.008407	99.405	542.9998491021579
66	0.009189	99.347	994.997332581759
67	0.009054	100.277	1011.0045174865622
68	0.009913	100.025	922.9962509372656
69	0.009796	101.207	932.9957414012865
70	0.011309	102.451	808.9994241149428
71	0.011154	103.484	819.997294267713
72	0.011829	103.331	772.9964870174488
73	0.011830	104.509	772.0014544201936
74	0.012502	104.563	730.9985367673077
75	0.012442	105.625	734.9992899408285
76	0.013396	105.931	682.0024355476678
77	0.013136	106.955	695.9973820765742
78	0.014038	107.371	651.0025984669977
79	0.013901	108.022	664.9969450667456
80	0.015506	110.063	594.0025258261177
81	0.015307	111.202	596.997356162659
82	0.016178	111.490	569.9982061171405
83	0.016012	112.592	569.9996447349723
84	0.016889	113.245	542.0000883041193
85	0.016547	114.234	551.9985293345239
86	0.017551	114.882	521.0015494159223
87	0.017327	115.593	528.0008305001168
88	0.018978	118.169	481.0009393326507
89	0.018634	119.049	490.00075599123045
90	0.019660	120.288	463.99890263367917
91	0.019355	121.032	470.9994051160024
92	0.020339	121.958	450.0016399088211
93	0.019899	123.266	458.00058410267224
94	0.025183	152.202	363.00114321756615
95	0.024816	154.183	368.0010117846974
96	0.009503	99.016	965.9953946836874
97	0.009476	100.159	965.0006489681406
98	0.010318	100.222	886.9958691704417
99	0.010236	101.137	893.0005833671158
100	0.011144	101.143	819.9994067804988
101	0.011001	101.985	830.9986762759229
102	0.012654	103.382	721.9980267357954
103	0.012530	104.188	731.9988866280186
104	0.013510	104.549	677.0012147414132
105	0.013300	105.301	686.9991737970199
106	0.014140	105.736	645.9985246273739
107	0.014068	106.420	654.9971809810186
108	0.015079	106.889	606.0024885629017
109	0.014792	107.960	618.0011115227862
110	0.015811	108.292	583.0024378532116
111	0.015667	109.345	583.0005944487631
112	0.017413	111.527	523.9977763232222
113	0.017206	112.496	531.0019911819087
114	0.018197	112.953	507.00202739192406
115	0.017971	113.995	508.99951752269834
116	0.018981	114.828	480.99853694220917
117	0.018698	115.729	488.998436001348
118	0.019752	116.455	461.9999141299214
119	0.019487	117.379	468.9995655100145
120	0.021280	120.396	428.9993023024021
121	0.021011	121.154	435.00008253957776
122	0.022050	122.541	414.0002121738847
123	0.021664	123.269	421.00122496329163
124	0.022785	124.520	400.9990362993897
125	0.022506	125.135	406.0007192232389
126	0.028376	153.390	321.999478453615
127	0.027739	156.412	328.99969311817506
128	0.010340	99.504	884.0016481749477
129	0.010217	100.511	895.001542119768
130	0.011191	100.338	816.9985449181767
131	0.011046	101.481	830.9979207930548
132	0.012035	101.776	760.001375569879
133	0.011834	102.437	772.0023038550524
134	0.013738	103.824	665.0013484358145
135	0.013521	104.779	675.9980530449803
136	0.014578	105.110	626.998382646751
137	0.014359	106.034	635.9997736575061
138	0.015105	106.342	604.9980252393221
139	0.015081	107.255	605.0011654468324
140	0.016287	107.537	560.9985400373824
141	0.016024	108.754	569.9992643948727
142	0.017134	109.144	533.9991204280583
143	0.016945	110.009	539.999454590079
144	0.018803	112.247	486.0014076100029
145	0.018431	113.416	496.0014460040911
146	0.019667	113.908	464.00077255328864
147	0.019215	115.104	474.99913122046155
148	0.020489	115.808	446.00113981762917
149	0.020209	117.051	450.9982827998052
150	0.021325	117.589	428.9984607403754
151	0.020995	118.709	435.00071603669477
152	0.023018	121.591	396.99895551479966
153	0.022626	122.617	404.0010765228312
154	0.023862	123.620	383.0003235722375
155	0.023476	124.625	389.00140421263796
156	0.024603	126.143	370.99878709084135
157	0.023818	126.813	383.00016559816424
158	0.030796	156.557	295.9995401036045
159	0.030285	159.170	301.0001884777282
160	0.010408	99.454	873.001588674161
161	0.010790	100.806	846.9962105430233
162	0.011823	100.835	776.0023801259483
163	0.011660	101.745	783.9982308712958
164	0.012694	101.846	720.0017673742709
165	0.012425	102.856	735.999844442716
166	0.014499	104.109	634.9979348567367
167	0.014272	105.276	640.9988981344277
168	0.015410	105.296	593.0025831940435
169	0.015174	106.445	601.9991544929306
170	0.016319	106.833	560.9989422743909
171	0.015999	107.862	571.000908568356
172	0.017199	108.333	531.9994830753325
173	0.016914	109.300	542.0009149130832
174	0.018114	109.648	505.0005472056034
175	0.017853	110.791	510.9999909739961
176	0.019880	112.995	460.99915925483424
177	0.019617	114.237	466.00138308954195
178	0.020754	115.039	440.00121697858987
179	0.020457	115.600	452.00173010380627
180	0.021616	116.548	422.9982496482136
181	0.021381	117.722	428.00156300436623
182	0.022541	118.522	406.00141745836214
183	0.022240	119.592	410.99906348250715
184	0.024308	122.704	375.9991524318686
185	0.023928	123.909	383.0012347771348
186	0.025193	124.998	361.9985919774716
187	0.024815	125.979	368.00022225926546
188	0.026029	127.486	350.9993254161241
189	0.025606	127.632	361.9993418578413
190	0.032216	156.809	283.99964287764095
191	0.031904	160.532	285.9996760770438
192	0.011230	99.880	811.999399279135
193	0.011158	100.918	818.9976020135159
194	0.012278	100.835	744.0035701889226
195	0.012146	101.963	752.999617508312
196	0.013205	102.038	693.0016268449009
197	0.013067	103.189	698.9989243039472
198	0.015040	104.515	613.0019614409415
199	0.014852	105.658	616.0016278937704
200	0.015916	105.743	573.9973331568048
201	0.015686	106.819	585.0026680646702
202	0.016961	107.164	538.9991041767759
203	0.016648	108.275	549.0011544677903
204	0.017903	108.794	510.9987683144291
205	0.017563	109.889	520.0010920110293
206	0.018823	110.320	485.0018129079043
207	0.018634	111.487	490.0015248414614
208	0.020691	113.776	446.0000351567993
209	0.020377	114.850	447.9991292990858
210	0.021600	115.835	422.9990935382225
211	0.021322	116.360	433.0010312822276
212	0.022552	117.600	405.0
213	0.022256	118.851	409.99907447139697
214	0.022982	119.212	397.0011408247492
215	0.023123	120.241	400.0
216	0.025299	123.674	360.9990782217766
217	0.024820	124.732	368.0001924125325
218	0.026210	126.044	349.0003490844467
219	0.025795	126.645	358.9995657151881
220	0.027118	128.607	337.9994868086496
221	0.026697	129.668	342.0011105284264
222	0.033575	158.750	272.0
223	0.033090	162.098	276.00032079359397
224	0.011700	100.025	781.0037490627342
225	0.011596	101.219	787.9963248006798
226	0.012648	101.172	723.002411734472
227	0.012449	102.241	733.9981025224714
228	0.013642	102.323	668.998172453896
229	0.013466	103.371	679.0028151028819
230	0.015563	104.874	586.9996376604306
231	0.015317	105.776	601.0021176826501
232	0.016532	106.302	552.9990028409625
233	0.016299	107.114	560.9994958642194
234	0.017510	107.535	521.9993490491468
235	0.017230	108.585	530.9987567343557
236	0.018454	109.000	494.9981651376147
237	0.018081	110.257	504.99922907389094
238	0.019447	110.852	469.99873705481184
239	0.019094	111.630	477.99964167338527
240	0.021349	114.707	428.0000348714551
241	0.021058	115.464	433.00076214231274
242	0.022245	116.441	412.0000687043223
243	0.021779	117.450	419.0004257130694
244	0.023272	118.615	391.9984824853518
245	0.022872	119.334	398.9986089463187
246	0.024149	120.372	378.00152859468983
247	0.023727	120.993	388.99936359954705
248	0.025941	124.719	353.9997915313625
249	0.025721	125.690	355.00119341236376
250	0.027076	127.358	337.999183404262
251	0.026667	128.152	342.99893876022225
252	0.028043	130.308	326.0007060195844
253	0.027605	131.020	330.99984735154936
254	0.034976	160.663	265.9996389959107
255	0.034166	163.657	266.999272869477
256	0.011956	100.549	764.9971655610697
257	0.011900	101.526	768.9971041900596
258	0.012988	101.703	703.0028612725288
259	0.012858	102.649	710.0020458065836
260	0.013920	102.935	655.9984456210229
261	0.013821	103.837	661.001377158431
262	0.015891	105.860	575.9975439259399
263	0.015722	106.650	581.0004688232535
264	0.016934	107.010	540.9980375665825
265	0.016493	107.942	554.0012228789535
266	0.017862	108.365	515.9996308771283
267	0.017635	109.557	522.9998995956443
268	0.018930	110.371	481.99980067227807
269	0.018636	111.341	490.001886097664
270	0.019880	112.263	458.9989578044413
271	0.019707	113.255	464.0007063705797
272	0.021861	116.436	418.00044659727234
273	0.021669	117.262	420.99827736180515
274	0.022792	118.264	400.9994588378543
275	0.022585	119.230	403.9998322569823
276	0.023679	120.198	384.9997504118205
277	0.023489	121.168	388.00013204806544
278	0.024804	122.477	368.00052254709044
279	0.024502	123.472	373.0003563560969
280	0.026780	127.282	342.0004399679452
281	0.026370	128.279	345.99973495272025
282	0.027673	129.857	329.9999229922145
283	0.027098	130.564	336.9994791826231
284	0.028735	132.686	318.00114556170206
285	0.028298	133.630	321.9988026640724
286	0.035766	167.270	256.0004782686674
287	0.035374	170.009	257.9998705950862
288	0.012165	100.722	750.0029784952643
289	0.012150	101.611	752.997214868469
290	0.013075	101.965	699.9990192713185
291	0.013141	102.796	696.0008171524184
292	0.014205	103.135	644.9983031948416
293	0.014018	103.832	655.9981508590802
294	0.016173	106.167	567.0010455226201
295	0.015855	106.785	580.0009364611135
296	0.017209	107.421	530.0015825583451
297	0.017081	108.356	535.9998523385876
298	0.018222	109.075	501.9986247994499
299	0.017997	109.834	508.00116539505075
300	0.019203	110.903	476.9979170987259
301	0.019057	111.503	481.00140803386455
302	0.020259	112.434	451.9985057900635
303	0.020153	113.340	452.9980589377096
304	0.022120	116.464	412.99972523698307
305	0.022099	117.051	418.999410513366
306	0.023256	118.557	393.0008350413725
307	0.023070	119.124	395.9991269601424
308	0.024282	120.202	380.999484201594
309	0.024058	121.516	379.99851871358504
310	0.025270	122.732	361.9993155819183
311	0.025060	123.664	364.0000323457109
312	0.027220	127.050	341.0011806375443
313	0.026973	128.410	337.9993769955611
314	0.028173	130.159	323.9998770734256
315	0.027943	130.870	326.9993122946435
316	0.028922	132.816	316.00108420672206
317	0.028235	133.508	322.99937082422025
318	0.035893	166.962	258.99965261556525
319	0.036034	169.841	253.99991756996246
320	0.012415	100.857	736.9999107647462
321	0.012351	101.658	740.997265340652
322	0.013501	102.052	678.0014110453493
323	0.013196	102.909	693.0025556559679
324	0.014293	103.476	639.9976806215934
325	0.014360	104.144	637.0006913504378
326	0.016566	106.185	551.0015538917926
327	0.016414	107.022	556.9976266562015
328	0.017475	107.571	522.9996932258695
329	0.017381	108.429	525.9985797157586
330	0.018574	109.155	492.0003664513765
331	0.018370	110.013	498.0020543026733
332	0.019305	110.725	471.99909686159407
333	0.019349	111.756	471.9988188553634
334	0.020569	112.880	444.99822820694544
335	0.020542	113.562	444.99832690512676
336	0.022670	116.781	403.0004880930973
337	0.022526	117.560	406.0003402517863
338	0.023702	118.756	385.0003368250867
339	0.023491	119.487	388.9996401282148
340	0.024703	120.847	370.0009102418761
341	0.024244	121.589	377.00120899094486
342	0.025627	123.020	357.0013006015282
343	0.025318	124.133	359.9985499424005
344	0.027628	128.154	329.9998439377624
345	0.027442	128.699	332.00102564899487
346	0.028708	130.363	317.9989721009796
347	0.028170	131.007	324.999427511507
348	0.029312	133.420	311.9989506820567
349	0.029337	134.676	310.99973269179367
350	0.037336	169.015	244.99955625240364
351	0.037001	170.881	247.0005442383881
352	0.012637	100.898	723.0024381058098
353	0.012524	102.005	729.9965687956474
354	0.013585	102.422	673.9967975630236
355	0.013490	103.017	678.0016890416144
356	0.014622	103.435	625.0012084884227
357	0.014575	104.367	626.9970392940297
358	0.016695	106.358	547.9992102145584
359	0.016627	107.101	549.9976657547548
360	0.017503	107.694	521.0002414247775
361	0.017407	108.678	524.9976996264193
362	0.018796	109.334	487.0003841439991
363	0.018637	110.157	490.9983024229055
364	0.019698	111.105	462.9989649430718
365	0.019633	111.933	464.9987045822054
366	0.020824	113.028	438.9991860423965
367	0.020786	113.838	438.9984012368453
368	0.022951	117.040	398.00153793574844
369	0.022799	117.789	400.99839543590656
370	0.023982	118.765	381.00113669852226
371	0.023810	119.828	383.999566044664
372	0.024963	121.061	366.99928135402814
373	0.024804	121.410	373.0014002141504
374	0.026015	123.343	351.0000567523086
375	0.025782	124.182	354.00138506385787
376	0.027930	128.213	326.0004835703088
377	0.027445	128.897	333.00076805511384
378	0.029040	130.924	314.0004888332162
379	0.028865	131.596	316.0004863369707
380	0.030120	133.560	304.0004492362983
381	0.029855	134.344	306.00101232656465
382	0.037677	168.221	242.0007014582008
383	0.037698	169.713	242.00031818422866
384	0.012733	101.245	719.0014321694898
385	0.012712	101.956	718.9974106477305
386	0.013543	102.433	675.0021965577499
387	0.013704	103.234	667.0011817811961
388	0.014794	103.744	619.0025447254782
389	0.014587	104.497	626.0017033981837
390	0.016882	106.476	540.9998497313949
391	0.016807	107.249	544.0013426698617
392	0.017818	107.895	513.9978682978823
393	0.017860	109.013	511.0014401952061
394	0.018964	109.383	487.9990492124005
395	0.018810	110.312	486.00152295307856
396	0.020012	111.177	456.0016909972386
397	0.019747	112.117	461.99862643488495
398	0.021179	113.102	433.0011847712684
399	0.021065	114.033	434.0006840125227
400	0.023266	117.120	392.9986338797814
401	0.023088	118.004	395.9992881597234
402	0.024326	118.936	375.99885652788055
403	0.024080	120.082	379.99950034143336
404	0.025318	121.242	360.998663829366
405	0.025060	121.545	369.99876588917687
406	0.026335	123.682	347.0003719215407
407	0.026051	124.435	350.0012054486278
408	0.028369	128.763	321.99933210627273
409	0.028065	129.278	325.0003867634091
410	0.029247	131.312	311.9989033751675
411	0.029137	131.672	314.0006987058752
412	0.030030	133.452	303.99994005335253
413	0.030038	134.551	303.9992270588848
414	0.037651	167.541	248.00019099802435
415	0.037935	170.423	240.00046942020737
416	0.012878	101.291	710.9970283638231
417	0.012828	102.085	712.9970122936769
418	0.013927	102.586	657.0029048798082
419	0.013856	103.434	659.001875592165
420	0.014894	103.733	614.0003663250845
421	0.014919	104.665	612.9976591983949
422	0.016872	106.718	542.0004123015798
423	0.016849	107.355	541.9980438731311
424	0.018161	108.342	504.00214136715215
425	0.017967	108.939	507.9980539568016
426	0.019021	109.767	480.001275428863
427	0.019042	110.531	479.99837149758883
428	0.019596	111.101	467.0020971908444
429	0.020086	112.249	453.99959019679466
430	0.021286	113.507	428.99821156404454
431	0.021267	114.076	429.9984221045619
432	0.023514	117.286	389.9988063366472
433	0.023351	117.827	396.0000678961528
434	0.024477	119.181	372.9990518622935
435	0.024205	120.159	376.9996421408301
436	0.025550	121.306	357.99877994493266
437	0.025391	122.554	360.00130554694255
438	0.026511	123.825	345.00060569351905
439	0.026432	124.630	346.00016047500606
440	0.028609	128.023	323.99959382298493
441	0.028441	129.377	321.9992734411835
442	0.029614	131.269	307.9988420723857
443	0.029230	132.056	312.0009692857575
444	0.030753	133.944	296.99949232515087
445	0.030466	134.685	302.0009652151316
446	0.038697	168.460	235.99964383236374
447	0.038368	170.333	238.00027005923693
448	0.012936	101.587	707.0008957839094
449	0.012767	102.091	716.996601071593
450	0.014014	102.623	653.9976418541652
451	0.014008	103.267	651.9972498474827
452	0.015076	103.779	610.0010599446902
453	0.015044	104.776	607.9980148125525
454	0.017161	106.764	533.0008242478739
455	0.017155	107.462	532.9995719417096
456	0.018100	108.261	504.9981064279842
457	0.018180	109.112	502.998753574309
458	0.019266	109.997	473.99838177404837
459	0.019218	110.734	475.9992414253978
460	0.020286	111.495	449.9995515493968
461	0.020311	112.296	451.00181662748446
462	0.021439	113.778	426.00063281126404
463	0.021462	114.500	426.0
464	0.023693	117.497	385.99964254406495
465	0.023245	117.842	397.9998642249792
466	0.024704	119.646	370.00066863915214
467	0.024642	120.645	371.00004144390573
468	0.025789	121.719	355.0004518604327
469	0.025518	122.013	362.00077040971047
470	0.026680	124.149	342.9991381324054
471	0.026666	124.948	343.0010884527964
472	0.028990	129.012	315.00093014603294
473	0.028739	129.726	318.9992753958343
474	0.029459	131.733	310.0005313778628
475	0.029697	132.481	306.9994942671025
476	0.030848	134.707	296.00020785853746
477	0.030727	135.486	297.000428088511
478	0.038890	170.700	233.99941417691858
479	0.038760	171.520	235.99988339552235
480	0.013076	101.635	700.0019678260442
481	0.013079	102.201	704.0019177894542
482	0.014103	102.733	649.0008079195585
483	0.014081	103.448	648.9975639935041
484	0.015189	104.183	601.0001631744142
485	0.015039	104.602	606.9989101546815
486	0.017333	106.996	527.9991775393473
487	0.017256	107.518	528.9988653062743
488	0.018363	108.451	498.0009405169155
489	0.018168	109.129	503.0010354717811
490	0.019405	109.903	475.9979254433455
491	0.019440	110.837	470.0018946741611
492	0.020515	111.822	445.9981041297777
493	0.020309	112.396	449.00174383430016
494	0.021757	113.664	420.0010557432432
495	0.021681	114.390	420.99921321793863
496	0.023708	118.103	385.99866218470316
497	0.023786	118.480	384.0015192437542
498	0.024938	119.763	366.00118567504154
499	0.024860	120.721	366.9991136587669
500	0.025882	122.031	354.00103252452243
501	0.025873	122.732	353.00003259133723
502	0.027027	124.314	337.9997425873192
503	0.026822	124.999	341.999535996288
504	0.029104	129.139	314.0011925134932
505	0.028867	130.027	316.0005229683066
506	0.030207	131.986	302.00021214371225
507	0.030040	132.927	304.0006921092028
508	0.031183	134.951	294.000044460582
509	0.030916	135.499	294.99996309935864
510	0.039334	170.404	231.99983568460834
511	0.039238	171.555	232.9999125644837
512	0.013056	101.462	700.0029567719934
513	0.012864	102.127	709.9993145789067
514	0.013957	102.762	653.9975866565462
515	0.014016	103.526	651.9975658288739
516	0.015152	103.951	603.9980375369164
517	0.015177	104.769	602.0025007397226
518	0.017192	106.952	531.0008227990127
519	0.017252	107.550	529.0013947001395
520	0.018214	108.277	501.00205953249537
521	0.018244	109.031	500.99788133650065
522	0.019359	109.935	471.99799881748305
523	0.019350	110.847	471.0014704953675
524	0.020488	111.608	446.0011827109168
525	0.019895	112.257	457.99994655121725
526	0.021655	113.701	422.0006860097977
527	0.021539	114.455	422.9985583853917
528	0.023829	117.650	382.9995750106247
529	0.023708	118.496	385.999527410208
530	0.024678	119.413	369.99907882726336
531	0.024788	120.390	368.0006645070188
532	0.025736	121.858	353.9989167719805
533	0.025858	122.622	353.00027727487725
534	0.026672	124.089	342.00049964138645
535	0.026754	124.785	340.99931882838484
536	0.028863	128.780	317.00031060723717
537	0.028927	129.934	314.9991534163498
538	0.030172	131.653	303.00031142473017
539	0.029499	132.334	308.999954660178
540	0.031208	134.313	292.9999329923388
541	0.030893	135.133	296.0002368037415
542	0.039141	170.277	231.99962414183946
543	0.038969	171.174	234.0004907287322
544	0.013148	101.407	696.0032344907157
545	0.013097	102.144	699.0033677944862
546	0.014220	102.673	644.0028050217682
547	0.014159	103.386	645.0002901746852
548	0.015197	103.961	602.0017121805292
549	0.015244	104.667	598.9987293034098
550	0.017278	106.864	528.9976044318012
551	0.017399	107.640	524.9990709773318
552	0.018280	108.360	498.00110741971207
553	0.018356	109.018	497.00049533104624
554	0.019485	109.845	468.99813373389776
555	0.019482	110.837	469.0013262719128
556	0.020547	111.760	443.99874731567644
557	0.020523	112.571	445.0000444164127
558	0.021832	113.700	420.0017590149516
559	0.021725	114.403	420.0012237441326
560	0.023733	117.638	383.9992179397814
561	0.023850	118.618	383.00005058254226
562	0.024704	119.401	370.99940536511417
563	0.024933	120.438	365.99993357578177
564	0.026100	121.706	349.9991783478218
565	0.025781	122.438	354.00120877505344
566	0.027142	123.939	337.00126675219263
567	0.026899	124.741	338.99920635556873
568	0.028846	129.317	315.001121275625
569	0.029080	129.797	315.0003466952241
570	0.030257	132.020	303.001060445387
571	0.029813	132.427	306.9993279316152
572	0.031341	134.470	290.9994794377928
573	0.031054	135.493	294.9990036385644
574	0.039088	169.418	233.00062567141626
575	0.039232	171.502	233.00019824841692
576	0.013285	101.195	689.9975295222097
577	0.013084	102.147	697.9979832985794
578	0.014169	102.525	645.9985369422092
579	0.014201	103.409	644.0029397828041
580	0.015263	103.884	599.0027338184899
581	0.015302	104.741	597.0011743252404
582	0.017462	106.742	523.9999250529314
583	0.017458	107.508	522.9992186627971
584	0.018559	108.338	492.00095995864797
585	0.018222	108.812	501.99886041980665
586	0.019807	109.675	462.00045589240943
587	0.019518	110.491	467.99829850395054
588	0.020654	111.431	443.00149868528507
589	0.020617	112.331	442.9988159991454
590	0.021832	113.575	418.00044023772836
591	0.021556	114.226	422.999142051722
592	0.024014	117.646	381.00147901331115
593	0.023372	118.199	390.00076142776163
594	0.024780	119.268	368.99922862796393
595	0.024996	120.362	364.99975075189843
596	0.025791	121.453	354.00031287823276
597	0.026058	122.449	349.99877500020415
598	0.027209	123.893	337.0004762173811
599	0.026996	124.584	339.00099531239965
600	0.029494	128.762	310.0006213013156
601	0.029187	129.777	311.9990445148216
602	0.030365	131.477	300.9994143462355
603	0.029845	132.369	306.00064969894765
604	0.031354	134.390	291.99940471761295
605	0.031212	135.408	291.9997341368309
606	0.039709	169.298	230.99977554371583
607	0.039389	171.106	232.00063118768483
608	0.013234	101.255	690.9999506197225
609	0.013197	102.032	691.9995687627412
610	0.014109	102.499	647.000458541059
611	0.014270	103.240	639.9990313831848
612	0.015394	103.671	594.9995659345428
613	0.015311	104.563	596.0004973078431
614	0.017606	106.540	522.9988736624742
615	0.017378	107.356	526.0022728119528
616	0.018621	108.297	490.9988272990018
617	0.018577	108.887	492.0008816479469
618	0.019615	109.730	465.0013669917069
619	0.019599	110.414	465.9997826362599
620	0.020677	111.500	440.99820627802694
621	0.020664	112.052	442.0019276764359
622	0.021764	113.264	418.9989758440458
623	0.021874	114.282	417.99845994994837
624	0.023754	117.559	383.9995236434471
625	0.023339	118.045	389.9995764327163
626	0.025207	119.281	361.9989772050871
627	0.025027	120.188	364.00056578027755
628	0.026263	121.278	347.9996371971833
629	0.026091	122.147	349.999590657159
630	0.026926	123.740	339.0003232584452
631	0.026835	124.759	339.99871752739284
632	0.029396	128.483	310.999898819299
633	0.029265	129.467	311.99996910409595
634	0.030324	131.176	301.99960358602186
635	0.029886	132.170	305.0003783006734
636	0.031424	134.013	289.99947766261477
637	0.031279	134.892	291.99952554636303
638	0.039511	169.163	231.99990541666912
639	0.039563	170.497	231.00054546414304
640	0.013257	101.266	689.0032192443664
641	0.013203	101.893	692.0033760906049
642	0.014404	102.334	633.9974983876326
643	0.014188	103.126	643.002734518938
644	0.015274	103.712	599.0001157050293
645	0.015303	104.442	597.0021638804312
646	0.017548	106.620	520.0
647	0.017399	107.344	523.9985467282754
648	0.018555	108.311	491.9989659406708
649	0.018526	108.899	493.0017722844103
650	0.019397	109.593	469.00166981467794
651	0.019640	110.360	464.9990938745923
652	0.020878	111.198	437.99978416878
653	0.020687	112.164	442.00099853785525
654	0.021981	113.191	415.999505261019
655	0.021903	113.881	417.0002019652093
656	0.024212	117.281	377.00053717140884
657	0.024048	118.044	379.99898342990747
658	0.025313	118.998	360.99850417654073
659	0.025099	120.159	363.000690751421
660	0.026167	121.249	348.99999175250935
661	0.026119	122.140	349.0003274930408
662	0.027322	124.404	333.9997106202373
663	0.027258	124.523	334.0009476161031
664	0.029417	128.459	310.00085630434614
665	0.029280	129.267	313.00022434186604
666	0.030366	131.184	299.99923771191607
667	0.030286	132.206	301.00071101160313
668	0.031533	134.200	290.0
669	0.031446	134.605	289.99962854277334
670	0.039593	168.933	229.9994672444105
671	0.039534	170.673	229.99947267581865
672	0.013294	101.078	687.9983774906508
673	0.013274	102.081	687.9967868653324
674	0.014373	102.443	637.0020401589177
675	0.014219	103.027	642.9994079221951
676	0.015402	103.543	592.00235650889
677	0.015398	104.413	592.9979983335409
678	0.017409	106.468	522.9984596310628
679	0.017490	107.111	521.9977406615567
680	0.018603	107.860	489.99814574448357
681	0.018592	108.592	492.0003315161338
682	0.019690	109.666	464.9991793263181
683	0.019651	110.186	465.0019058682591
684	0.020650	111.270	442.9999101285162
685	0.020742	112.096	440.00142734798743
686	0.022027	113.089	414.0004775000221
687	0.021994	114.172	416.9997897908419
688	0.024214	117.110	377.0002561694134
689	0.024021	117.989	379.9989829560382
690	0.025272	119.046	361.00078961073865
691	0.025236	119.681	362.001487287038
692	0.026397	121.400	346.00082372322896
693	0.026220	121.897	348.9995652066909
694	0.027181	123.183	335.99928561570994
695	0.027207	124.198	334.99975845021663
696	0.029315	128.411	310.9990577131242
697	0.029087	128.787	313.9998602343404
698	0.030650	130.624	298.00036746692797
699	0.030025	131.789	303.999575078345
700	0.031641	133.764	289.000029903412
701	0.031361	134.490	290.9993308052643
702	0.039749	168.895	229.00026643772756
703	0.039906	170.403	228.99948944560833
704	0.013171	101.324	693.998460384509
705	0.013243	101.678	689.998819803694
706	0.014414	102.241	633.9971244412711
707	0.014385	103.091	636.0002328040275
708	0.015528	103.481	588.9989466665378
709	0.015459	104.309	590.9988591588453
710	0.017556	106.261	520.0007528632331
711	0.017157	106.908	531.0023571669099
712	0.018556	107.826	492.997978224176
713	0.018650	108.718	490.0007358487095
714	0.019841	109.257	461.9987735339612
715	0.019751	110.093	464.00134431798574
716	0.020876	111.159	437.9987225505807
717	0.020714	111.795	441.0000447247193
718	0.022031	113.391	414.00022929509396
719	0.022023	114.041	414.9998684683579
720	0.024120	117.036	378.99962404730167
721	0.024173	117.764	377.9992187765361
722	0.025258	119.064	362.00110864745017
723	0.025158	119.647	362.00071878108105
724	0.026439	120.998	345.9991074232632
725	0.026246	121.787	348.99866159770744
726	0.027480	123.287	334.0003406685214
727	0.027087	123.943	337.00087943651516
728	0.029180	128.054	313.0007653021382
729	0.029445	128.893	309.99976724880327
730	0.030239	130.836	300.99972484637254
731	0.030433	131.621	299.0001595490081
732	0.031503	133.489	289.9999250874604
733	0.031193	134.168	292.00107328125927
734	0.040124	167.687	227.9997853143058
735	0.039745	170.126	229.9995297602953
736	0.013371	100.715	685.9981134885568
737	0.013326	101.773	686.0002161673528
738	0.014258	102.096	640.0025466227863
739	0.014362	102.932	635.9975517817588
740	0.015581	103.465	586.0000966510414
741	0.015447	104.217	591.0024276269706
742	0.017791	106.313	513.998288073895
743	0.017593	107.042	518.998150258777
744	0.018712	107.802	487.99929500380324
745	0.018607	108.454	491.9993730060671
746	0.019775	109.350	461.9981710105167
747	0.019517	110.148	468.00123470240044
748	0.020827	111.042	440.0010806721781
749	0.020684	111.790	442.00107344127383
750	0.021947	113.178	415.9986923253636
751	0.022097	113.692	413.0000351827746
752	0.024328	116.826	375.99934945988053
753	0.024219	117.730	377.000764461055
754	0.025422	118.775	359.0014733740265
755	0.025266	119.561	360.99982435744096
756	0.026446	120.794	346.00062917032307
757	0.026341	121.533	347.99930882970057
758	0.027397	122.978	332.9993982663566
759	0.027412	123.920	332.9995158166559
760	0.029716	127.943	306.99999218401945
761	0.029503	128.664	310.00046633090847
762	0.030639	130.680	297.00107131925313
763	0.030452	131.227	300.0007620383
764	0.031839	133.187	287.0002327554491
765	0.031581	134.144	289.0006261927481
766	0.039988	169.262	228.9994210159398
767	0.039547	170.453	229.99947199521276
768	0.013352	100.843	684.999454597741
769	0.013236	101.550	689.9970457902511
770	0.014413	102.081	634.0024098510006
771	0.014436	102.854	633.9986777373754
772	0.015588	103.375	586.9987908101572
773	0.015490	104.184	590.0013437763956
774	0.017798	106.043	512.9985006082438
775	0.017630	106.951	518.0007667062487
776	0.018794	107.612	485.9987733709996
777	0.018752	108.341	486.9984585706243
778	0.019615	109.140	467.00109950522267
779	0.019538	109.976	467.00098203244346
780	0.020548	110.840	444.9990977986286
781	0.020886	111.591	436.998503463541
782	0.022251	112.712	410.00159699055996
783	0.021952	113.531	419.00097770652945
784	0.024309	116.782	375.00042814817357
785	0.024233	117.598	378.0004761985748
786	0.025391	118.673	360.0010111819875
787	0.025239	119.498	361.00018410349963
788	0.026535	120.763	345.0013663125295
789	0.026330	121.546	346.99866717127674
790	0.027674	123.098	329.9988626947635
791	0.027426	123.765	332.9996364077081
792	0.029544	127.854	309.99968714314764
793	0.029499	128.519	309.00100374263724
794	0.030692	130.589	296.9989815374955
795	0.029866	130.663	306.00016837207164
796	0.031807	133.375	286.99981255857546
797	0.031443	133.781	290.0000747490301
798	0.039887	168.097	229.00051755831456
799	0.039192	169.175	232.00059110388648
800	0.013280	100.788	687.0024209231259
801	0.013319	101.703	686.0033627326628
802	0.014534	101.978	629.0013532330503
803	0.014420	102.885	634.0000971958983
804	0.015634	103.283	585.0004356960972
805	0.015288	104.137	596.9981850831117
806	0.017709	106.036	514.9977366177525
807	0.017692	106.997	515.9985793994224
808	0.018854	107.593	483.99988846858065
809	0.018797	108.306	486.0007755803003
810	0.020078	108.995	454.9997706316803
811	0.019866	110.063	461.0014264557571
812	0.020964	110.868	437.00165963127324
813	0.020885	111.633	437.99862047960727
814	0.022106	113.069	412.0006367793117
815	0.022089	113.629	412.9993223560886
816	0.024239	116.745	375.9998286864533
817	0.024305	117.467	376.00006810423355
818	0.025378	118.243	360.00101485923057
819	0.025351	119.662	360.00066854974847
820	0.026432	121.344	344.99934071729956
821	0.026378	121.551	346.00044425796574
822	0.027662	122.919	329.99943051928506
823	0.027407	123.876	333.00074267816206
824	0.029713	127.812	306.99934278471505
825	0.029589	128.731	307.99962712944046
826	0.030483	130.573	297.9995864382376
827	0.030681	131.330	297.0006852965811
828	0.031725	133.209	286.99937691897696
829	0.031745	134.117	287.99928420707295
830	0.040439	167.101	225.00044883034812
831	0.039634	169.699	228.99958161214855
832	0.013393	101.027	683.0005840022964
833	0.013358	101.771	684.0033015299053
834	0.014582	101.989	626.0008432281912
835	0.014478	102.875	631.9970838396112
836	0.015618	103.435	586.0028036931405
837	0.015562	104.200	588.0
838	0.017571	106.437	519.9977451450154
839	0.017681	107.372	516.9997764780389
840	0.018961	108.321	482.99960303172975
841	0.018731	108.889	488.0006244891587
842	0.019847	109.899	460.0014558822191
843	0.019827	110.623	459.99837285193854
844	0.021112	111.629	433.00038520456155
845	0.020861	112.222	437.99878811641213
846	0.022221	113.668	411.0004574726396
847	0.021995	114.064	414.9994739795203
848	0.024498	117.535	373.0003828646786
849	0.023715	117.634	384.9983848207151
850	0.025421	119.412	358.9990955682846
851	0.025396	119.983	358.99919155213655
852	0.026508	121.301	343.99963726597474
853	0.026261	121.867	347.0004184890085
854	0.027627	123.594	331.0006958266582
855	0.027366	124.113	332.9997663419626
856	0.029335	128.191	310.9992121131749
857	0.029628	129.213	307.99919512742525
858	0.030707	131.214	296.9995579739967
859	0.030617	131.720	297.9995444883085
860	0.031939	133.684	285.99907243948417
861	0.031726	134.614	287.9997622832692
862	0.039816	169.441	229.00006491935247
863	0.039941	170.394	229.0004342875923
864	0.013266	101.371	686.9982539385031
865	0.013373	102.042	682.0015287822662
866	0.014570	102.670	627.0010713937859
867	0.014452	103.320	631.9986449864499
868	0.015669	103.970	582.000577089545
869	0.015569	104.561	587.0028021920218
870	0.017714	106.765	516.9990165316349
871	0.017772	106.998	513.9983924933176
872	0.018914	107.903	483.00047264672895
873	0.018643	108.519	488.9982399395497
874	0.020009	109.587	456.9994616149725
875	0.019943	110.193	457.9982394525968
876	0.020896	111.081	436.0016564488976
877	0.020981	111.714	435.0018798002041
878	0.022047	113.153	412.9992134543494
879	0.022196	113.651	412.00165418694075
880	0.024592	116.975	372.0
881	0.024122	117.743	377.99869206661964
882	0.025329	119.224	360.99946319532984
883	0.025478	119.483	357.99988282851956
884	0.026512	120.885	344.99979319187656
885	0.026540	121.643	345.0013564282367
886	0.027886	122.879	327.9990885342491
887	0.027562	123.937	331.0004276366218
888	0.029775	127.779	307.00036782256865
889	0.029507	128.539	309.00115918126016
890	0.031042	130.628	295.0010717457207
891	0.030389	131.485	300.0007605430277
892	0.031987	133.066	286.00018036162504
893	0.031773	134.183	287.00058874820206
894	0.039572	168.351	229.99982180088028
895	0.040094	169.726	227.00057740122315
896	0.013579	100.904	674.003012764608
897	0.013430	101.864	680.0017670619649
898	0.014483	102.255	629.9995110263557
899	0.014518	103.102	629.9974782254466
900	0.015584	103.805	587.0025528635422
901	0.015619	104.282	584.998369804952
902	0.017548	106.297	519.999623695871
903	0.017775	107.055	514.002148428378
904	0.018711	107.594	488.9984571630389
905	0.018880	108.386	483.99793331242046
906	0.020021	109.250	456.9995423340961
907	0.019971	110.150	457.0013617793917
908	0.020978	110.825	433.99864651477554
909	0.021051	111.660	434.0005373455132
910	0.022154	112.611	412.9987301418156
911	0.022269	113.795	409.9995606133837
912	0.024292	116.934	377.0007012502779
913	0.024459	117.614	373.0006631863553
914	0.025562	118.517	357.0002615658513
915	0.025525	119.349	359.0009132879203
916	0.026765	120.763	340.00066245455974
917	0.026469	121.388	343.9994068606452
918	0.027952	122.773	326.0008308015606
919	0.027701	123.726	330.00096988506857
920	0.030078	127.902	302.99917124048096
921	0.029654	128.489	307.9991283300516
922	0.030920	130.574	294.9990043959746
923	0.030794	131.437	297.0008445110585
924	0.031658	133.256	289.0001200696404
925	0.031745	133.704	288.0003590019745
926	0.040760	167.079	224.0006224600339
927	0.040115	169.726	226.99939903137997
928	0.013598	100.773	671.9974596370059
929	0.013507	101.707	677.0015829785561
930	0.014491	102.433	633.0010836351565
931	0.014574	103.022	627.0029702393663
932	0.015635	103.567	583.0023076848804
933	0.015643	104.181	582.999779230378
934	0.017942	106.420	509.9981206540124
935	0.017578	106.934	519.0005049843829
936	0.019160	107.654	477.00131904063016
937	0.018920	108.470	482.9980639808242
938	0.020023	109.227	455.001968377782
939	0.020005	109.956	456.00149150569314
940	0.020925	110.914	434.99918856050635
941	0.021055	111.721	433.00006265608073
942	0.021763	112.552	419.00010661738577
943	0.022327	113.509	410.00096908615177
944	0.024322	116.975	375.9991451164779
945	0.024335	117.390	374.9987222080245
946	0.025409	118.974	357.99922672180475
947	0.025567	119.303	356.9985666747693
948	0.026484	120.788	344.9986753651025
949	0.026688	121.423	341.99945644564866
950	0.027597	122.908	330.9996094639893
951	0.027667	123.609	329.00031551100653
952	0.029991	127.825	304.99902210052807
953	0.029737	128.564	307.00118229053237
954	0.030947	130.121	295.00080694123164
955	0.030918	131.249	295.9992076130104
956	0.031927	133.064	284.9996993927734
957	0.031872	133.717	287.0001570480941
958	0.040730	167.678	224.00016698672457
959	0.039635	169.609	230.00017687740626
960	0.013340	101.204	683.9976680763607
961	0.013509	101.806	677.0013555193211
962	0.014583	102.277	627.0011830616854
963	0.014490	102.963	630.0010683449395
964	0.015796	103.501	579.0011690708302
965	0.015562	104.402	587.0002490373747
966	0.017641	106.562	517.9998498526679
967	0.017870	107.210	512.9997201753567
968	0.019144	107.580	477.00037181632274
969	0.018641	108.242	488.99780122318504
970	0.019709	109.236	463.0012083928375
971	0.020030	109.963	455.99883597209976
972	0.021207	110.880	430.00000000000006
973	0.021047	111.574	434.99829709430514
974	0.022053	113.113	413.00027406222097
975	0.022274	113.392	409.9989417242839
976	0.024489	116.628	371.9998628116747
977	0.024518	117.753	371.9990148870942
978	0.025520	118.840	357.9998317064961
979	0.025603	119.943	357.0004085273838
980	0.026954	120.867	338.00044677207177
981	0.026644	121.585	344.00049348192624
982	0.027886	123.049	327.00062576697087
983	0.027379	123.401	332.9997325791525
984	0.029868	127.825	305.0005867396831
985	0.029935	128.421	304.99918237671415
986	0.030410	130.493	299.0007126819063
987	0.030959	130.868	293.99929700155883
988	0.031822	133.194	287.00016517260536
989	0.031909	133.537	284.99966301474495
990	0.040306	168.014	226.0002142678586
991	0.039577	166.948	229.9997604044373
992	0.013669	100.925	667.9990091652218
993	0.013493	101.803	676.9996954903098
994	0.014681	102.187	622.9970544198382
995	0.014554	102.919	628.0016323516552
996	0.015324	103.715	595.999614327725
997	0.015669	104.436	582.9981998544563
998	0.017692	106.345	517.0022097888947
999	0.017683	106.853	518.0013663631345
1000	0.018794	107.828	486.00178061356974
1001	0.018943	108.662	482.0001472455872
1002	0.020377	109.318	449.00016465723854
1003	0.020064	110.426	454.9988227410211
1004	0.021141	111.044	430.99942365188576
1005	0.021159	111.948	430.99921392074896
1006	0.021685	113.192	420.9997172945085
1007	0.022186	113.933	410.9994470434378
1008	0.024747	116.756	370.00154167665903
1009	0.024505	117.962	372.00030518302503
1010	0.025467	119.057	358.9986309078845
1011	0.025487	119.513	358.0012216244258
1012	0.027081	120.838	337.0007779009914
1013	0.026703	121.573	341.9986345652407
1014	0.027529	123.179	331.00041403161254
1015	0.027830	124.298	328.0004505301775
1016	0.030435	127.910	299.9992182002971
1017	0.029909	128.850	304.9988358556461
1018	0.030800	130.609	296.9994410798643
1019	0.031049	131.266	293.9999695275243
1020	0.031753	133.458	286.99965532227367
1021	0.032176	134.154	284.00047706367315
1022	0.041014	168.800	221.99999999999997
1023	0.040350	169.868	225.00058869239646
