-1	0	90	0
0	3.953345	106.148	131.0001130497042
1	3.763412	110.152	132.99985474616895
2	4.227179	108.099	118.0001665140288
3	3.993946	90.018	443.001399720056
4	4.501408	108.827	111.9997794664927
5	4.243949	112.136	118.00046372262254
6	5.076876	115.824	99.00020721094074
7	4.675072	114.519	106.99971183821025
8	5.267790	112.758	94.99991131449653
9	4.894890	116.221	101.99963861952659
10	5.509558	113.868	89.9998243580286
11	5.084347	116.974	98.0004103475986
12	5.755675	115.566	86.9996365713099
13	5.267436	118.120	95.0
14	5.957848	116.373	83.00035231539961
15	5.442885	119.339	92.00010055388432
16	6.446968	119.925	76.9997915363769
17	5.806108	122.403	86.00034312884489
18	6.610415	121.095	75.99983484041455
19	5.967448	123.811	83.99980615615736
20	6.841706	122.532	72.99970619919694
21	6.142538	125.602	81.00030254295314
22	7.039622	124.342	71.0001447620273
23	6.330853	127.238	78.99998428142536
24	7.416513	127.170	67.00007863489816
25	6.776942	138.421	72.99976159686754
26	7.621850	128.264	65.99981288592278
27	6.697269	131.145	73.99977124556789
28	7.806560	130.277	63.99978507334373
29	6.841278	132.760	73.00015064778549
30	9.340638	156.787	52.99992984112203
31	7.836679	155.847	63.99994866760348
32	6.971025	115.340	72.00017340038148
33	6.708995	118.584	73.99986507454632
34	7.462418	115.843	67.00016401508938
35	7.106774	119.679	69.9997493294563
36	7.917378	116.952	63.00020521239483
37	7.488527	121.375	66.99979402677653
38	8.857696	121.282	56.00006596197293
39	8.206671	124.382	59.99983920502966
40	9.308795	122.968	52.999967471212024
41	8.521593	126.400	57.99999999999999
42	9.683896	124.588	51.00009631746236
43	8.867325	127.088	55.99977968022158
44	10.122964	125.939	48.99991265612717
45	9.122894	129.443	53.99983004102191
46	10.476381	127.630	46.99992164851525
47	9.430185	131.379	53.00009895036498
48	11.267149	131.430	43.999847827741
49	9.958752	134.388	49.99999999999999
50	11.892079	144.829	41.000075951639516
51	10.132961	137.586	48.99989824546101
52	11.932234	136.249	40.99993394446932
53	10.350348	138.671	47.99994230949514
54	12.252810	137.044	40.99997081229386
55	10.553031	140.434	47.00001424156543
56	12.813881	141.855	38.00007049451905
57	10.935840	144.651	45.000034565955296
58	13.119208	143.832	37.999888759107854
59	11.056614	146.422	45.00006829574791
60	13.327111	146.530	36.999931754589504
61	11.188174	148.850	44.0
62	14.906653	171.691	32.99998252674864
63	12.152057	172.151	41.000052279684695
64	10.170386	122.986	48.99988616590506
65	9.604835	126.469	50.9998497655552
66	10.809276	124.370	45.99983918951516
67	10.039308	128.469	49.00014789560127
68	11.498180	126.684	42.99990527612011
69	10.483536	129.794	47.999907545803346
70	12.743488	130.454	38.99995400677633
71	11.278631	133.468	44.00005993946115
72	13.285806	131.813	38.00004551903075
73	11.562880	135.733	42.9998600193026
74	13.793371	134.750	36.0
75	11.877924	137.473	41.00005091908956
76	14.281489	137.338	34.0000582504478
77	12.146983	139.056	41.00002876538948
78	14.629145	138.741	34.000043246048385
79	12.409723	141.757	40.00014108650719
80	15.259373	143.287	32.000111664003015
81	12.821393	145.485	38.99989689658727
82	15.570646	149.594	30.999906413358822
83	14.220615	159.480	35.0
84	15.793493	147.316	31.00002715251568
85	13.152737	149.522	36.99990636829363
86	16.044593	150.270	30.0
87	13.289302	151.746	36.99998682008093
88	16.377190	153.340	29.999999999999996
89	13.560400	156.258	36.00007679606804
90	16.503119	157.579	29.00005711420938
91	13.672532	158.861	36.00002517924475
92	16.562137	158.787	29.999937022552224
93	13.751314	160.553	35.999950172217275
94	17.242192	189.500	29.0
95	14.269066	190.735	34.000052428762416
96	12.380183	128.835	39.99999999999999
97	11.378426	132.240	42.99984875983061
98	13.065789	130.755	38.00007647891094
99	11.760058	133.760	41.9998504784689
100	13.759045	131.700	36.0
101	12.139458	134.729	41.00008164537701
102	14.944339	137.682	32.99995642131869
103	12.765086	140.261	37.99987166781928
104	15.379070	140.134	32.000085632323355
105	12.996282	142.205	38.000070321015436
106	15.745100	141.761	31.000063487136803
107	13.227619	143.749	36.99990956458827
108	16.014787	144.043	30.000069423713754
109	13.497713	146.722	36.99990458145336
110	16.222677	145.673	30.000068646900935
111	13.677639	148.292	35.999919078574706
112	16.665008	150.110	30.0
113	14.000262	153.880	35.0
114	16.847800	153.124	29.00002612261958
115	14.164997	155.820	35.0
116	16.933035	155.772	29.000077035667513
117	14.285562	158.818	33.999924441813896
118	17.098289	158.179	29.000056897565415
119	14.405075	161.603	33.999987623992126
120	17.290963	164.275	27.999999999999996
121	14.689054	167.055	32.99991020921254
122	17.381523	165.679	27.999927570784468
123	14.828486	169.073	32.99994676855559
124	17.542399	173.621	28.000069116063145
125	16.923803	190.572	29.000062968326933
126	17.899356	196.556	26.999938948696553
127	16.177574	199.227	29.999949806000192
128	12.866936	132.863	38.00004515929943
129	11.939485	135.310	41.9998521912645
130	13.561199	134.039	35.99997015793911
131	12.292105	137.365	40.0
132	14.237494	136.223	34.999963295478736
133	12.632919	139.021	38.99986333000051
134	15.342859	140.009	32.00008570877587
135	13.202233	144.403	36.99992382429728
136	15.675459	142.906	31.00009796649546
137	13.455126	144.935	37.00003449822334
138	15.998343	145.761	31.000061744911193
139	13.674634	148.992	35.99991945876289
140	16.253974	148.510	30.000000000000004
141	13.879289	150.753	35.999946933062695
142	16.505975	151.159	28.99992722894436
143	14.083394	152.346	34.999934359943815
144	16.871084	156.317	29.000044780797992
145	14.400738	159.571	33.999912264759885
146	17.016820	158.928	28.999924494110537
147	14.537560	162.618	33.00003689628454
148	17.172152	160.600	29.0
149	14.714095	165.418	33.00003627174794
150	17.299417	164.139	28.000048739178375
151	14.848434	168.236	33.00007132837205
152	17.546585	171.171	28.000070105333265
153	15.071253	175.366	31.99993157168436
154	17.620982	174.146	28.000068907698143
155	15.391417	179.488	31.99991085755037
156	17.664203	179.759	27.0000389410266
157	15.778086	183.174	31.000032755740442
158	18.025659	207.281	27.000062716795075
159	17.308511	213.950	28.000000000000004
160	12.877020	135.332	37.99988177223421
161	12.167929	137.741	41.00013794004689
162	13.541116	136.214	36.99986785499288
163	12.482441	140.028	39.000057131430864
164	14.256644	141.274	33.99988674490706
165	13.282371	146.349	36.99991117124135
166	15.257496	144.503	32.00002768108621
167	13.392317	146.930	36.99993194037977
168	15.566738	146.272	31.999972653686285
169	13.623192	149.700	36.0
170	15.880745	148.871	30.99999328277502
171	13.824489	151.900	35.99999999999999
172	16.113055	152.070	30.000000000000004
173	14.044008	154.346	34.999935210501086
174	16.368107	155.976	28.99997435502898
175	14.234635	157.360	35.0
176	16.735359	160.614	28.99996264335612
177	14.561180	163.588	34.000048903342545
178	16.899938	164.086	29.000036566190897
179	14.731620	167.318	33.000035859859665
180	17.052052	166.783	28.999958029295552
181	14.872592	171.030	33.00005846927439
182	17.171974	171.279	27.999929938871666
183	15.059847	173.900	33.0
184	17.378571	178.661	27.999955222460414
185	15.494992	182.916	31.000021867961248
186	17.460462	180.879	27.999933657306823
187	15.914237	187.113	30.9999839669077
188	17.542400	186.482	28.0000214497914
189	16.489855	194.786	29.000030803035127
190	17.826628	213.125	28.0
191	17.616239	225.289	26.999986683770626
192	13.307398	138.400	37.0
193	12.670072	141.751	39.000077600863484
194	13.958665	139.561	36.000028661302224
195	12.947663	143.624	37.99991644850443
196	14.599500	142.188	34.00005626353841
197	13.256117	145.692	36.99997254482058
198	15.636159	148.868	30.99994626111723
199	13.786020	151.136	36.00002646622909
200	15.966276	151.132	31.000052933859145
201	14.046058	154.717	35.00003231706923
202	16.262202	154.130	30.0
203	14.217473	157.046	34.99993632438904
204	16.473321	157.573	30.000063462649056
205	14.398183	160.553	33.99998754305432
206	16.728014	160.286	29.000037433088355
207	14.794820	163.588	32.99997554832873
208	17.073867	174.148	29.00004593793785
209	15.964034	178.810	30.99994407471618
210	17.190587	171.082	28.000023380601117
211	15.182937	173.844	31.999953981730748
212	17.253323	172.959	28.999936401112404
213	15.468857	179.900	30.999999999999996
214	17.402721	177.375	28.0
215	15.794359	182.823	30.999928892972985
216	17.532376	185.061	27.999956771010638
217	17.093448	195.821	28.999954039658668
218	17.592265	192.215	26.999973987461956
219	17.532753	200.421	28.000059873965306
220	17.646446	196.071	28.000061202319568
221	17.796849	209.430	26.9999522513489
222	17.930848	227.452	26.999982413871937
223	18.065558	235.933	27.000038146422924
224	13.067050	140.318	38.000114026710754
225	12.541819	143.546	39.00004179844789
226	13.682500	142.236	36.00002812227566
227	12.828084	145.549	38.99992442407711
228	14.265987	145.232	34.00008262641842
229	13.142756	147.500	38.0
230	15.237231	150.388	32.99997340213315
231	13.635679	154.100	36.00000000000001
232	15.554615	153.356	32.00005216620152
233	13.888630	157.457	35.00003175470128
234	15.817310	157.367	29.999936454275677
235	14.075048	160.040	35.0
236	16.031218	160.993	30.000062114501876
237	14.249225	163.451	35.00009177062239
238	16.241575	164.240	29.999999999999996
239	14.450168	167.294	34.000023910002746
240	16.602780	171.124	29.000023374862675
241	14.779009	173.635	34.000057592075336
242	16.721436	175.676	28.99997723081127
243	15.027286	179.188	32.99997767707659
244	16.846427	179.955	29.000027784723954
245	15.265799	184.275	32.0
246	16.924029	184.210	29.00005428586939
247	15.523389	190.255	30.999973719481748
248	17.101045	191.776	28.99997914233272
249	17.541792	213.004	27.999943663029804
250	17.219024	211.014	28.000037912176442
251	17.125395	209.007	28.00001913811499
252	17.246524	203.017	29.000034479871143
253	17.367118	216.611	27.99996306743425
254	17.557941	240.733	27.000037385817482
255	17.742873	245.693	27.999983719519886
256	13.398118	142.592	36.999971947935364
257	19.617144	178.812	25.0
258	14.209613	145.091	35.00010338339386
259	19.850566	180.008	24.999999999999996
260	14.915779	149.152	32.99989272688265
261	19.908893	180.648	25.0
262	16.098783	157.023	30.000063684937874
263	20.098797	184.367	23.999956608286734
264	16.451311	160.680	29.999999999999996
265	20.122511	183.946	23.99997825448773
266	16.727380	163.934	29.000085400222044
267	20.207017	182.763	23.999934341195974
268	16.972216	167.231	29.000005979752558
269	20.100426	183.133	24.00004368409844
270	17.126913	171.638	28.99998834756872
271	20.290434	185.246	23.99997840709111
272	17.443918	182.657	28.000021898969102
273	20.842852	194.722	22.999969186840726
274	17.570146	186.525	27.999999999999996
275	21.254663	200.248	22.999980024769286
276	17.660902	188.321	28.00006372098704
277	21.718987	204.568	22.000019553400335
278	17.791422	196.068	27.99997959891466
279	22.014931	213.364	21.99996250538985
280	17.900040	205.621	28.000058359797876
281	22.619857	225.348	20.999964499352114
282	17.998983	215.270	27.000046453291215
283	22.703486	230.529	20.999960959358695
284	18.026030	221.770	27.000045091761734
285	22.977225	238.829	20.999962316134134
286	18.147488	273.807	27.000040174283345
287	23.683058	282.062	20.999992909360355
288	14.123887	147.217	35.000033963468894
289	22.812550	189.441	21.999989442623296
290	14.982341	150.769	31.999946938694293
291	22.882702	191.614	21.000031312952082
292	15.728463	154.032	31.000051937259787
293	22.982881	188.752	21.00004238365686
294	16.930469	160.810	29.00006218518749
295	23.023770	189.500	21.0
296	17.246021	165.290	28.999939500272248
297	23.034506	192.048	20.999958343747398
298	17.417100	172.179	27.99993030508947
299	22.935645	194.310	20.999948535844783
300	17.432174	177.714	28.000045016149542
301	23.100635	192.176	21.000020814253602
302	17.796020	178.178	26.999966325809023
303	23.176143	191.571	21.00004697997087
304	17.966213	188.281	27.000069045734833
305	23.909449	202.445	20.0
306	18.063201	193.204	26.999958592989792
307	24.333236	208.625	20.0
308	18.143637	196.315	26.999974530728675
309	24.670802	211.225	20.0
310	18.181782	204.550	26.0
311	24.856365	217.515	20.000000000000004
312	18.270011	213.948	27.00001869613177
313	25.362898	231.737	18.999987054289992
314	18.312609	223.550	26.0
315	25.579636	236.711	18.999961978953237
316	18.376322	231.665	26.000043165778173
317	25.759582	245.453	18.99997148130192
318	18.475536	277.581	27.00004683317662
319	26.282041	297.739	17.99999328270734
320	14.177553	149.049	34.99989936195479
321	24.226079	194.395	20.0
322	15.021296	152.445	33.000098396142874
323	24.325540	194.300	20.0
324	15.756021	155.219	31.999948459917924
325	24.384922	196.365	20.0
326	16.962166	165.607	28.000024153568386
327	24.509661	192.535	20.0
328	17.305386	168.675	27.999999999999996
329	24.539222	194.275	20.0
330	17.529418	173.329	27.999930767499954
331	24.559241	197.335	20.0
332	17.701385	176.029	27.99993182941447
333	24.598749	196.810	20.0
334	17.855639	182.841	26.999961715370183
335	24.680400	198.653	18.99996476267663
336	18.093394	191.948	27.000020838977225
337	25.361747	207.784	19.000019250760406
338	18.177981	198.774	27.000010061678086
339	25.649327	216.578	17.999981530903415
340	18.248952	203.352	26.999980329674653
341	25.929837	221.450	18.0
342	18.286185	209.063	26.999995216752847
343	26.163194	228.594	18.00003499654409
344	18.386955	223.981	25.99997321201352
345	26.631379	239.072	18.000016731361264
346	18.422444	230.165	26.000043447092306
347	26.804576	248.944	18.00003213574137
348	18.477119	236.270	27.000042324459304
349	27.000980	258.106	17.999969004982447
350	18.499713	289.952	26.999986204613176
351	27.355339	313.771	16.999977690736237
352	14.069727	152.963	34.99996731235658
353	24.037133	203.925	20.0
354	14.892752	156.088	32.99997437343037
355	24.292371	196.710	20.0
356	15.617189	157.997	31.9999746830636
357	24.467144	199.240	20.0
358	16.962843	168.300	27.999999999999996
359	24.687072	197.370	20.0
360	17.250130	171.618	27.999976692421544
361	24.863328	199.475	20.0
362	17.437719	176.968	27.999977397043537
363	24.801328	201.705	19.00002478867653
364	17.592025	180.104	27.999933371829606
365	24.800955	202.268	19.000039551486147
366	17.738355	184.707	28.00002165591992
367	25.011458	203.721	19.000004908674118
368	17.915014	196.159	27.000035685336897
369	25.608718	212.853	18.999967113453884
370	17.999616	202.022	27.000029699735677
371	25.919123	219.978	17.999981816363455
372	18.038497	206.722	27.00002902448699
373	26.204252	223.542	19.000008946864572
374	18.105090	216.046	26.0000185145756
375	26.434696	230.663	19.00001300598709
376	18.202148	225.763	26.999995570576225
377	26.847512	246.961	18.00000809844469
378	18.226275	236.465	26.000042289556596
379	27.031387	252.294	18.00003170903787
380	18.253292	245.373	26.000008150856043
381	27.225449	261.867	17.99997708760554
382	18.269168	296.092	26.000027018629346
383	27.680254	313.624	16.99997449174808
384	14.127254	153.309	33.9999608633544
385	24.101630	202.630	20.0
386	15.003329	157.579	32.99995557783715
387	24.271336	201.660	20.0
388	15.772164	162.116	31.000024673690444
389	24.312904	201.240	20.0
390	17.064788	171.448	29.000046661378377
391	24.668303	204.516	18.99998044162804
392	17.350537	174.954	27.999931410542196
393	24.773609	201.115	20.0
394	17.551886	181.089	28.00004417717255
395	24.830622	206.179	18.99999514984552
396	17.694732	185.025	27.999999999999996
397	24.883058	206.526	19.00002905203219
398	17.827735	190.004	27.999936843434877
399	25.061831	208.605	19.000023968744756
400	17.951709	202.556	26.999940757123955
401	25.726167	219.905	19.000022737091015
402	18.017823	206.726	26.999990325358205
403	26.019547	223.374	18.999973139219428
404	18.076458	215.619	26.99993970846725
405	26.272685	235.222	18.000017005212097
406	17.988431	225.844	27.000053134021716
407	26.451010	242.906	17.999967065449187
408	18.088480	240.500	27.0
409	26.939764	258.759	16.999988406200362
410	18.224627	243.541	26.99997125740635
411	27.137068	265.635	17.00001882282079
412	18.281276	255.908	25.999968738765496
413	27.314973	271.806	17.999970567242816
414	18.275129	311.500	26.0
415	27.844083	326.871	16.999978584823985
416	13.843767	154.511	36.00002588812447
417	25.520632	209.847	19.000033357636752
418	14.531210	157.729	34.0000887598349
419	25.650358	209.763	19.00001430185495
420	15.075380	161.336	33.000074378935885
421	25.793709	213.537	18.999985950912485
422	15.941351	167.310	30.999940230709463
423	25.869224	214.416	18.99998134467577
424	16.139435	171.906	31.000081439856668
425	25.925907	212.868	19.000037581975686
426	16.295182	176.487	31.00001699841915
427	25.859451	213.550	18.0
428	16.448484	181.760	30.000000000000004
429	25.982136	212.942	19.00000939222887
430	16.574525	187.907	28.99998403465544
431	26.090034	210.053	18.999966675077243
432	16.725637	199.852	28.99995997037808
433	26.635132	226.561	18.000008827644653
434	16.797644	205.421	28.999956187536814
435	26.915247	234.244	18.00003415242226
436	16.844190	209.114	28.999971307516475
437	27.224506	236.739	17.999991551877805
438	16.882625	219.679	29.000040968868213
439	27.443871	252.318	16.999976220483674
440	16.980414	234.079	29.000038448557966
441	27.799391	269.506	16.999992579014943
442	17.015952	243.961	27.999967207873386
443	28.016851	272.871	16.999974346852543
444	17.007801	250.603	29.000051874877794
445	28.160378	290.941	17.000010311368975
446	17.010376	297.217	29.000023551815676
447	28.582395	340.418	16.99998237461004
448	12.927701	153.876	38.000077984870934
449	25.904705	214.037	18.999985983731783
450	13.476336	155.705	37.000096336020036
451	25.878433	215.584	19.000018554252637
452	13.975631	160.126	34.99993754918002
453	25.962256	215.100	19.0
454	14.750611	167.091	32.99998204571162
455	25.996686	216.211	18.99995837399577
456	14.957144	170.027	33.0000529327695
457	25.875601	214.626	19.000027955606498
458	15.312123	179.003	32.0000223459942
459	25.959277	217.795	18.999977042631837
460	15.415132	184.203	31.000038001552635
461	26.066023	214.016	18.999981309808614
462	15.626102	187.142	30.99998931292815
463	26.153953	216.326	19.000027735917087
464	16.470464	198.717	29.999949677179103
465	26.739139	229.533	18.000026140032155
466	16.827564	208.048	29.000038452664768
467	27.034548	238.789	17.99999162440481
468	17.053671	213.138	28.999990616408148
469	27.273082	244.811	18.000008169567543
470	17.157119	220.928	28.999945683661643
471	27.503757	255.406	16.999992169330397
472	17.304758	238.464	28.000033548040793
473	27.912749	269.459	16.999988866580818
474	17.356463	247.718	27.999983852606597
475	28.054685	280.865	16.99998219785306
476	17.260796	258.971	28.00004633723467
477	28.214508	293.824	16.999972772816378
478	17.561442	314.500	27.0
479	28.615368	346.053	16.999997110269234
480	12.362391	153.427	40.00013035515262
481	25.675430	217.416	18.999981602090003
482	13.219607	156.086	37.00011532104096
483	25.791672	219.853	18.999968160543634
484	13.891271	160.629	34.999906617111485
485	25.942965	217.974	18.999972473781277
486	16.481839	174.828	28.999931361109205
487	26.039507	217.353	18.999967794325357
488	16.689716	179.145	28.999972089648047
489	26.067745	218.558	18.999990849110993
490	16.790300	185.069	28.999994596609916
491	26.088405	220.174	18.99997274882593
492	16.933851	191.293	27.999979089668727
493	26.113407	218.747	19.00003200043886
494	17.046511	196.539	28.000040704389463
495	26.203941	219.847	19.000031840325317
496	17.171146	209.275	28.0
497	26.808348	236.689	17.99999155009316
498	17.261313	215.575	28.000000000000004
499	27.055807	244.217	17.99997543168575
500	17.279846	218.700	29.000000000000004
501	27.288661	254.665	16.999980366363655
502	17.323089	228.686	27.999965017534958
503	27.510060	259.239	17.999992285111425
504	17.373467	243.375	28.0
505	27.871181	275.800	17.999999999999996
506	17.468540	253.671	28.00004730536798
507	28.071984	288.129	17.000024294673565
508	17.520483	266.182	28.000015027312138
509	28.230583	306.624	16.999973909413484
510	17.592226	318.821	28.00003763867499
511	28.600168	363.182	17.000016520642543
512	12.417531	154.560	40.0
513	24.792591	215.830	20.0
514	13.283777	157.468	36.99989839205426
515	25.613914	214.530	20.0
516	14.334740	161.341	34.00003718831543
517	25.422566	215.842	19.000009266037193
518	16.354961	173.127	29.999942238934423
519	25.606752	217.653	18.999967838715754
520	16.672004	178.797	28.999927291844944
521	25.656077	217.047	19.000032251079258
522	16.918859	184.100	29.0
523	25.577407	219.016	18.99998173649414
524	17.073516	186.810	29.00005353032493
525	25.652383	217.616	18.9999816189986
526	17.240769	195.939	28.000040829033527
527	25.872528	220.321	19.00000453883198
528	17.459554	209.963	26.99999523725609
529	26.432796	231.484	19.000017279811996
530	17.527465	213.232	28.000018758910482
531	26.674804	240.272	18.00001664779916
532	17.627474	222.443	27.999982017865246
533	26.979652	252.694	17.000007914711073
534	17.672769	229.571	28.00005227141059
535	27.205780	260.476	17.00003071300235
536	17.744235	246.111	27.999967494341988
537	27.565537	281.935	17.000017734584212
538	17.785592	257.819	26.999949577028847
539	27.818960	287.665	16.999982618671023
540	17.846265	267.241	26.999973806414438
541	27.921534	297.800	17.0
542	17.946059	323.848	27.00001235147353
543	28.348602	359.412	16.99998887071105
544	12.755289	154.923	39.000019364458474
545	25.477593	218.032	18.999963308138256
546	13.522977	157.361	36.000025419258904
547	25.640814	219.516	18.999981778093627
548	14.856600	163.533	33.000067264711106
549	25.662568	218.089	19.000041267555904
550	16.408352	173.820	30.000000000000004
551	25.789066	220.379	18.999995462362566
552	16.696310	176.683	30.00005659854089
553	25.863738	215.395	18.999976786833493
554	16.935593	184.193	29.000016287263904
555	25.807590	220.739	17.999990939525865
556	17.140316	189.986	27.999957891634125
557	25.937668	218.526	19.000027456687075
558	17.316393	196.054	27.99993879237353
559	26.013111	221.206	17.9999638346157
560	17.585311	206.779	27.999941967027603
561	26.571925	235.061	18.000008508429726
562	17.669463	215.437	27.000004641728207
563	26.852896	239.206	17.99996655602284
564	17.701102	222.986	27.999964123308192
565	26.912110	255.829	17.00002736202698
566	17.448265	231.100	28.0
567	27.361453	261.350	18.0
568	17.936358	245.150	28.0
569	27.685836	280.947	17.000003559390205
570	17.991554	257.430	26.9999611544886
571	27.861046	289.476	17.000027636142548
572	18.022749	269.000	27.0
573	27.994242	301.794	17.000006627036985
574	18.123892	327.152	26.999987773267474
575	28.369323	349.588	17.000011442040343
576	13.008254	154.608	37.999974128117564
577	25.804759	219.100	19.0
578	13.702057	158.294	36.00010107774142
579	25.788008	219.321	19.000004559526904
580	15.022713	164.025	32.0
581	25.836414	221.022	18.000018097745926
582	16.485779	172.653	30.00005791964229
583	26.068819	220.458	18.999990927977212
584	16.747836	176.313	30.00005671731523
585	26.051995	222.483	18.000026968352635
586	16.985030	182.714	28.99996716179384
587	26.120419	221.644	18.00003609391637
588	17.173406	187.755	29.000026630449256
589	26.147208	223.067	17.99997310225179
590	17.340181	194.561	27.999958881790285
591	26.194298	221.663	19.000013534058457
592	17.611951	208.674	27.000009584327707
593	26.739950	232.511	18.000008601743573
594	17.723449	213.743	27.99998128593685
595	27.100059	248.329	17.000028188411342
596	17.813215	221.274	27.000009038567566
597	27.231316	248.094	18.000032245842302
598	17.884494	230.733	27.000039006123963
599	27.464214	260.088	17.000015379410044
600	17.988009	245.641	26.999971503128553
601	27.850588	276.094	17.000007243909685
602	18.044922	256.463	26.99999610080206
603	28.012916	291.712	16.999986287845548
604	18.088442	269.081	27.000048312589886
605	28.107515	306.576	17.00002609467147
606	18.186116	319.585	27.000015645289984
607	28.562957	357.865	16.999986028250877
608	13.099099	156.061	37.99988466048532
609	25.877832	219.863	19.000013644860662
610	13.787835	158.542	35.9999243102774
611	25.962331	220.900	19.0
612	15.082683	163.875	32.0
613	25.994193	218.042	19.00000917254474
614	16.500294	173.790	30.0
615	26.214089	223.722	18.000017879332386
616	16.781200	177.990	28.999943817068374
617	26.137992	219.553	18.9999681170378
618	16.978520	185.846	28.000064569589874
619	25.886854	218.926	19.00002740652093
620	17.040960	191.452	28.999958214069324
621	25.631738	222.472	18.000017979790716
622	17.353822	194.000	28.0
623	26.357355	220.737	18.999986409165658
624	17.604940	205.236	27.999961020483738
625	26.913540	235.267	17.999974497060787
626	17.721184	215.407	27.00005106612134
627	27.129923	247.144	18.00003236979251
628	17.811772	220.064	28.000036353060928
629	27.435771	255.547	17.000003913174485
630	17.860046	228.652	26.999982506166578
631	27.605574	257.717	17.99997671864875
632	18.001656	248.652	26.9999839132603
633	27.841133	283.653	16.999996474565755
634	18.040312	252.541	26.999972281728514
635	28.037660	285.547	17.00000350205045
636	18.086585	265.022	27.00002263962992
637	28.207272	302.047	17.00000331074303
638	18.183079	324.438	26.000036987036044
639	28.584675	369.044	15.999989161184033
640	12.980742	155.247	38.000090178876235
641	25.981900	223.142	19.000008962902545
642	13.790183	158.806	34.99993703008702
643	26.082288	221.658	18.999990977090835
644	15.091546	163.647	31.999975557144342
645	26.167671	225.267	17.99997336494027
646	16.396504	172.910	30.0
647	26.079672	221.694	18.00003608577589
648	16.718449	177.227	29.999943575188883
649	26.252760	223.211	18.000008960131893
650	16.960079	183.183	28.999961786847035
651	26.311539	222.606	17.999964062064816
652	17.148547	188.600	29.0
653	26.288559	225.872	18.000017709145002
654	17.322746	195.611	27.999959102504462
655	26.347690	223.083	18.000026895819044
656	17.571191	207.054	27.999942044104436
657	26.958892	240.067	17.999975006977216
658	17.675009	212.318	27.999981160334965
659	27.235369	244.900	18.0
660	17.757650	219.832	28.000018195713093
661	27.349653	253.994	17.000007874201753
662	17.836699	228.815	26.999978148285734
663	27.639563	258.350	18.0
664	17.951714	249.100	27.0
665	28.036458	283.518	16.9999788373225
666	17.998638	256.278	26.99997658792405
667	28.159747	292.365	16.999982898089716
668	18.053175	262.322	27.000022872652693
669	28.151990	299.159	16.99998997188786
670	18.081020	327.044	27.00003669231052
671	28.334292	364.059	16.99999175957743
672	12.865554	155.229	37.99998711580954
673	25.938245	218.800	18.999999999999996
674	13.791115	157.653	35.99994925564373
675	25.968860	220.226	19.000027244739496
676	14.931361	163.364	32.999926544403905
677	26.085437	222.567	17.999973041825605
678	16.300693	171.477	31.000075811916467
679	26.117885	220.726	19.000027183023295
680	16.626039	175.837	29.999943129148022
681	26.150008	220.789	17.999990941577707
682	16.873814	181.883	28.999961513720358
683	26.232279	220.226	19.000027244739496
684	17.070817	186.190	28.99994629142274
685	26.325933	222.661	18.000008982264518
686	17.241858	193.503	29.00006718242095
687	26.318990	225.706	17.999964555660902
688	17.493478	207.757	28.000019253262224
689	26.819234	240.806	17.999966778236423
690	17.586165	212.032	28.000018865076967
691	27.145464	243.944	18.000032794411833
692	17.677346	223.407	27.00004923749032
693	27.345408	251.283	18.000023877460873
694	17.751237	226.732	28.000017641973784
695	27.582713	264.094	17.000007573061108
696	17.883559	245.396	27.000032600368385
697	28.007052	280.806	16.999992877645067
698	17.923321	255.893	26.9999570132829
699	28.118868	292.265	16.999982892238208
700	17.972562	267.463	26.999996261165094
701	28.216001	305.576	17.000026180066495
702	18.099055	321.785	27.00001553832528
703	28.651680	353.700	17.0
704	12.785921	154.574	39.0000905715062
705	25.654124	218.326	19.000027481839084
706	13.719327	157.494	36.00010159117173
707	25.628345	218.384	19.000018316360176
708	14.752290	162.094	32.99998766148038
709	25.783295	221.733	18.000027059571647
710	16.225252	171.197	29.999941587761466
711	25.946995	217.353	18.999967794325357
712	16.558518	176.903	30.000056528153852
713	25.936912	223.078	17.99998206905208
714	16.808539	181.766	28.999922977894656
715	25.944891	219.095	18.99997717884936
716	17.010091	188.810	29.000052963296437
717	26.031515	224.544	18.00003562776115
718	17.174133	193.761	27.999958712021513
719	26.076580	219.953	18.99996817501921
720	17.423480	207.061	27.999961364042477
721	26.663387	238.028	17.99998319525434
722	17.511592	214.075	28.000000000000004
723	26.934861	247.812	16.999983858731618
724	17.634446	222.311	27.999964014376253
725	26.572800	253.622	18.000015771502472
726	17.660393	228.922	27.000026209800716
727	27.365806	259.183	18.000023149666454
728	17.803180	246.737	27.00000405289843
729	27.793997	282.759	16.999989390258133
730	17.854689	254.667	26.99996465973212
731	27.926828	291.300	17.0
732	17.889002	265.504	26.999969868627215
733	28.085354	302.400	17.000000000000004
734	18.021571	320.896	27.000024930195455
735	28.469297	365.259	16.999991786650018
736	12.695353	153.290	38.99993476417249
737	25.695533	217.853	18.999967868241427
738	13.702388	157.264	35.999974565062566
739	25.838842	218.179	18.99999541660746
740	14.590306	161.982	34.00007408230544
741	25.940706	219.668	19.000036418595332
742	16.197821	172.450	30.000000000000004
743	26.205181	221.705	19.00002255249092
744	16.506324	175.417	29.999942992982437
745	26.121341	222.105	19.000022511875017
746	16.764377	182.966	28.999923483051493
747	26.176480	225.106	17.999964461187176
748	16.947157	188.048	29.000042542329616
749	26.258642	225.617	17.99997340625928
750	17.121133	193.700	29.000000000000004
751	26.312902	227.817	17.999973663071675
752	17.365910	206.882	28.000019334693206
753	26.871876	239.000	18.0
754	17.465746	210.236	27.99996194752564
755	27.129377	242.428	17.999983500255745
756	17.543266	220.254	27.99994551744804
757	27.423355	257.947	17.000003876765383
758	17.617848	227.932	28.00001754909359
759	27.616890	266.353	16.99999624558387
760	17.735825	244.952	26.999983670270094
761	27.934342	278.335	17.00001796396429
762	17.800062	251.168	27.99998407440438
763	28.248319	296.835	17.000016844374823
764	17.839332	260.882	28.000015332602477
765	28.389097	307.935	17.000016237192913
766	17.960411	314.874	27.000006351747047
767	28.802694	359.247	17.00000278360014
768	12.992411	155.200	38.00000000000001
769	25.714664	218.832	18.999963442275355
770	13.789290	157.722	36.00005072215671
771	25.906078	223.621	19.000004471851927
772	14.911506	163.597	32.99999388741847
773	25.913887	218.300	18.999999999999996
774	16.185354	172.670	30.000000000000004
775	25.330563	216.810	20.0
776	16.266480	177.777	31.00007312531993
777	25.880095	222.217	17.999972999365486
778	16.763498	182.103	29.00007138817043
779	26.047078	218.532	18.999963392089033
780	16.988364	189.328	28.9999366179329
781	26.084528	225.783	18.000026574188492
782	17.144737	194.793	27.999979465381198
783	26.181589	221.037	18.999986427611667
784	17.398669	208.661	27.99996166030068
785	26.854789	240.139	17.99999167149026
786	17.506756	212.032	28.000018865076967
787	27.020483	242.794	18.000032949743403
788	17.595318	222.282	28.0000179951593
789	27.346600	257.906	16.999992245236633
790	17.664413	227.811	27.999964883170698
791	27.537818	262.765	16.999980971590585
792	17.783675	245.632	28.000016284523188
793	27.907275	285.453	16.99999649679632
794	17.836148	253.100	28.0
795	28.083958	293.671	16.999976163802348
796	17.886744	269.456	26.999955465827444
797	28.211369	305.741	17.00000981222669
798	18.003709	319.533	27.000028166104908
799	28.730560	370.988	15.999978435960193
800	13.010678	154.829	37.9999870825233
801	26.108941	219.363	19.00001367596176
802	13.854883	158.153	35.99994941607178
803	26.223175	223.961	18.000008930126228
804	15.078645	162.970	32.999938639013315
805	26.244171	221.867	17.999972956771398
806	16.302267	172.887	29.999942158751093
807	26.304798	220.989	19.000040726008987
808	16.673343	179.490	28.99994428658978
809	26.266622	221.216	18.999981918125272
810	16.961120	182.790	28.999945292412058
811	26.342226	221.584	19.0000180518449
812	17.157725	188.907	28.99998411916975
813	26.387478	224.617	17.99997328786334
814	17.347713	197.057	28.000020298695304
815	26.398186	223.894	18.000035731194224
816	17.580821	208.982	28.000019140404437
817	27.010387	239.656	17.99996661882031
818	17.691545	214.189	28.00003735019072
819	27.249452	246.439	17.999991884401414
820	17.752198	222.996	28.00005381262444
821	27.530092	256.929	17.000027244880883
822	17.799682	233.033	27.000038621139495
823	27.686009	261.650	18.0
824	17.900351	247.543	27.999983841191227
825	27.998314	286.829	17.00002440478473
826	17.937570	256.436	27.999968803132166
827	28.228159	295.506	16.999993231947915
828	17.959324	266.489	28.00003002000083
829	28.337633	309.787	16.000025824195337
830	17.991136	325.089	26.999990771757886
831	28.308876	365.106	16.999994522138778
832	13.121359	156.800	37.99999999999999
833	26.303496	224.100	18.0
834	13.899654	158.463	34.999968446892964
835	26.449813	225.806	17.99996457135771
836	15.167275	164.450	32.0
837	26.519139	221.205	19.000022603467368
838	16.349321	175.040	30.0
839	26.621298	226.867	17.999973552786436
840	16.507698	179.459	28.99993870466235
841	26.653492	220.426	19.00002722001942
842	16.607480	182.090	30.0
843	26.669308	225.039	17.999991112651585
844	16.674858	188.952	28.999957661204963
845	26.673526	224.089	17.999991074974673
846	16.779324	194.069	28.999994847193527
847	26.668562	224.072	18.000017851404905
848	16.876752	205.693	29.00001458484246
849	27.278689	240.550	17.999999999999996
850	16.941286	210.652	28.999962022672463
851	27.503935	245.772	18.000016275246978
852	16.953372	219.462	29.000009113194995
853	27.781663	258.188	17.000015492586797
854	16.994102	227.693	29.000013175635615
855	27.899326	267.865	16.99998133388087
856	17.056301	239.410	29.00004176934965
857	28.334520	278.847	17.000003586196016
858	17.090604	251.943	27.999984123392988
859	28.482891	288.329	17.000024277821517
860	17.103645	261.946	28.000045810968672
861	28.565202	300.124	16.999973344351
862	17.082653	315.557	28.000012675998313
863	28.990271	357.912	16.999988824068488
864	12.872766	154.989	38.00011613727426
865	26.502692	220.811	18.99995924116099
866	13.757781	158.231	35.99989888201427
867	26.525299	225.461	18.00000887071378
868	14.721511	163.221	33.00004288663836
869	26.536019	221.037	18.999986427611667
870	15.417353	169.425	32.0
871	26.620165	221.105	19.00002261369033
872	15.526907	173.762	32.00009207997145
873	26.639454	223.300	18.0
874	15.618879	179.497	30.999961002133738
875	26.677276	228.250	18.0
876	15.719368	183.428	32.00002180692152
877	26.676266	226.989	17.999991189000347
878	15.799424	190.623	30.99993180256318
879	26.721059	225.994	18.00003539916989
880	15.934412	201.913	30.999985142115662
881	27.277167	241.947	17.000004133136596
882	16.058145	208.248	31.00005762360263
883	26.950062	247.917	17.99997579835187
884	16.236800	218.790	30.0
885	27.695736	251.950	18.000000000000004
886	16.023140	224.257	29.999955408303865
887	27.884730	264.471	16.999973532069678
888	16.099900	236.840	30.0
889	28.205028	278.965	16.999982076604592
890	16.139192	244.643	30.00004087588854
891	28.398103	286.771	16.99997559027935
892	16.171133	254.930	29.999999999999996
893	28.527438	302.059	16.999990068165488
894	16.175545	308.413	30.000032424054755
895	28.946137	364.281	16.000010980534256
896	12.585751	153.082	40.00013064893326
897	26.522836	225.028	17.999982224434294
898	13.368819	156.303	36.99992962387158
899	26.546175	222.705	19.000022451224712
900	13.936566	161.177	35.00003102179591
901	26.529622	223.084	19.000017930465656
902	14.495748	167.300	34.0
903	26.580304	221.847	19.00003155327771
904	14.620184	173.055	32.99991332235417
905	26.626793	223.800	18.0
906	14.715426	177.706	33.00001125454403
907	26.604941	223.817	17.99997319238485
908	14.794605	181.512	33.00002203711049
909	26.699012	222.874	18.999973078959414
910	14.888157	185.748	33.00008613820876
911	26.721942	222.739	17.99999102088094
912	15.035672	197.073	32.9999543316436
913	27.261367	239.372	18.00001671039219
914	15.082585	204.903	32.000019521432094
915	27.543921	248.959	16.999987949823065
916	15.131018	209.891	32.999985706866894
917	27.759750	258.253	16.99999612782814
918	15.147895	218.300	32.0
919	27.951429	264.394	17.00000756446818
920	15.249593	231.647	31.999982732347064
921	28.345240	284.171	16.99997536694455
922	15.300462	241.331	32.00003314949178
923	28.505530	297.706	16.99999328196274
924	15.341082	247.503	32.00001616142027
925	28.627023	303.600	16.999999999999996
926	15.374208	304.106	31.00004603657935
927	29.019459	360.124	16.99997778542946
928	12.093022	153.034	41.00003920697361
929	26.326732	223.984	19.000017858418456
930	12.758322	155.163	38.00003866901258
931	26.471291	226.850	18.0
932	13.317316	160.722	36.99991289307002
933	25.000255	218.330	20.0
934	13.791385	168.023	34.999970242169226
935	26.491502	227.939	17.99999122572267
936	13.828110	170.774	35.000058556923186
937	26.434791	221.247	19.00003163884708
938	13.927653	174.977	35.00002857518417
939	26.594602	226.256	17.999964641821652
940	14.042405	179.851	35.00008340237196
941	26.551492	225.900	18.0
942	14.116925	184.814	35.00005410845499
943	26.590556	227.517	17.999973628344257
944	14.267471	194.857	35.00002565984286
945	27.110882	242.044	18.000033051841815
946	14.318700	199.957	35.00002500537616
947	27.399751	248.533	18.000024141663282
948	14.385870	206.171	33.99993209520253
949	27.604002	260.129	17.00002690972556
950	14.437831	215.112	33.99996281007103
951	27.866100	266.988	17.000014981946755
952	14.542863	229.103	33.000004364849
953	28.207272	278.682	17.00002152991582
954	14.595730	235.435	34.00004247456835
955	28.343417	296.159	16.999989870306152
956	14.628844	242.844	34.00001647147964
957	28.492920	306.247	17.00000326533811
958	14.762163	290.615	33.999965590213854
959	28.976100	369.588	15.99997835427557
960	11.673838	151.298	42.99990746738225
961	25.945944	224.989	19.00004000195565
962	12.143107	153.757	40.000130075378685
963	25.995484	218.995	18.9999771684285
964	12.490254	156.718	39.99987238224072
965	26.053769	223.216	18.999982080137624
966	12.980124	163.295	37.99993876113782
967	26.167761	225.233	18.000026639080417
968	13.129139	168.300	37.99999999999999
969	26.148200	224.644	18.000035611901495
970	13.250842	172.673	36.999994208706624
971	26.198071	226.767	17.99997354112371
972	13.355883	178.030	36.999943829691624
973	26.182009	225.106	17.999964461187176
974	13.459647	183.038	36.999967219921544
975	26.263365	227.144	18.00003521994858
976	13.622924	193.636	36.00002065731579
977	26.783638	238.983	18.00002510638832
978	14.062362	203.560	35.0
979	26.354719	246.922	18.0000161994476
980	13.976930	208.369	34.99992801232429
981	27.409403	255.639	17.999992176467597
982	13.816161	210.703	35.999962031864754
983	27.600747	264.241	17.000011353272203
984	13.935999	224.834	35.000044477258776
985	28.034003	288.776	17.000027703133224
986	14.051751	232.811	35.00006442994532
987	28.218963	289.335	17.000017281006446
988	14.155850	243.040	35.0
989	28.333217	308.318	16.99998053957278
990	14.240897	288.483	34.99998266795617
991	28.742502	366.044	15.999989072351958
992	11.109403	152.773	45.00009818488869
993	27.447757	225.611	18.00000886481599
994	11.484363	155.295	43.000096590360286
995	27.479416	231.300	17.0
996	11.807945	158.760	41.999874023683546
997	27.493442	227.017	17.999973570261258
998	12.400069	167.626	38.99991648073688
999	27.537624	231.088	17.00001730942325
1000	12.522523	171.482	39.00001166303169
1001	27.569083	226.594	18.000035305436153
1002	12.644156	176.769	39.00005091390459
1003	27.585155	228.372	18.00001751528208
1004	12.795169	181.655	38.00005504940684
1005	27.617591	228.406	17.999964974650403
1006	12.902717	185.259	38.99999460215159
1007	27.507229	231.047	17.000004328123715
1008	13.100178	196.968	38.000081231469075
1009	28.151864	248.582	17.00002413690452
1010	13.166875	202.732	37.99992107807352
1011	28.403093	253.594	17.000007886621926
1012	13.271458	211.559	37.00008035583454
1013	28.613813	262.488	17.00001523879187
1014	13.361026	216.497	37.000050809018134
1015	28.767385	265.659	16.999988707327816
1016	13.567433	233.608	36.00005136810383
1017	29.070123	283.276	17.000028241008767
1018	13.683763	239.531	35.99993320280047
1019	29.245082	291.371	16.999975975646173
1020	13.808941	253.883	34.99998030588893
1021	29.159629	307.818	16.999980507962498
1022	14.169579	301.931	35.000049680224954
1023	29.808774	370.813	15.999978425783347
