-1	0	90	0
0	0.258097	96.445	82.00010368603868
1	0.256965	97.738	81.99983629703902
2	0.279298	96.739	74.99974157268527
3	0.277900	98.899	75.99975732818329
4	0.301196	98.104	70.00020386528583
5	0.299112	99.597	70.00010040463067
6	0.343306	99.631	61.000090333329986
7	0.341342	101.453	60.000197135619445
8	0.363152	100.519	57.00016912225549
9	0.362016	101.623	56.99989175678734
10	0.377271	101.382	54.99990136316111
11	0.383214	102.878	53.99988335698594
12	0.406976	102.282	51.00017598404411
13	0.404137	104.112	50.999884739511295
14	0.426872	102.919	47.999883403453204
15	0.425367	104.400	49.0
16	0.470231	105.891	43.99996222530715
17	0.414651	107.478	50.0
18	0.491662	107.093	43.00000933767846
19	0.488177	108.995	42.00009174732786
20	0.513867	108.537	40.00018426895897
21	0.508855	109.980	40.0
22	0.533923	109.171	38.00001831988348
23	0.529911	110.790	38.99990973914613
24	0.576380	113.634	35.000088001830434
25	0.570838	113.386	36.00003527772388
26	0.597399	113.538	34.00007046099103
27	0.592635	114.843	34.9999564623007
28	0.618356	114.736	33.00010458792358
29	0.614078	116.176	34.00013772207685
30	0.808817	141.012	25.0
31	0.802190	145.116	25.0
32	0.263551	96.106	84.99989594822384
33	0.262658	97.820	80.00000000000001
34	0.285461	97.591	73.99965160721788
35	0.284065	98.985	74.00010102540789
36	0.306883	98.224	66.99991855351034
37	0.306048	99.776	68.00032071840924
38	0.350409	99.750	60.0
39	0.348859	101.367	59.99980269713023
40	0.372518	100.357	56.000079715415964
41	0.370586	102.118	55.99992165925694
42	0.392994	101.494	53.00017735038524
43	0.392276	103.034	52.999980588931805
44	0.415793	102.568	50.0
45	0.410013	104.030	50.0
46	0.437129	103.474	47.000212613796705
47	0.435309	105.056	48.000114224794395
48	0.481474	106.151	43.00006594379705
49	0.477242	107.759	44.00003711986933
50	0.500928	107.100	41.00000000000001
51	0.499990	108.831	41.99998162288318
52	0.523860	108.905	39.00004591157431
53	0.521754	109.795	40.0
54	0.544079	108.392	39.00011070927744
55	0.542941	110.774	37.999891671330815
56	0.588702	111.954	35.00008932240027
57	0.586560	113.597	35.000044015246885
58	0.609968	113.494	34.00003524415388
59	0.605973	115.350	34.0
60	0.632273	114.800	33.0
61	0.628911	116.769	31.999931488665656
62	0.824867	140.616	24.999999999999996
63	0.821839	143.776	25.0
64	0.265726	96.667	79.00007241354339
65	0.265277	98.113	78.99972480711017
66	0.287971	96.462	77.00026953619042
67	0.286730	98.827	73.00029344207555
68	0.309885	98.079	68.00028548415054
69	0.308920	99.804	67.00032062843172
70	0.352682	99.441	58.999808931929486
71	0.351087	101.254	59.00013826614257
72	0.374220	100.430	56.00019914368217
73	0.374156	102.189	56.000156572625244
74	0.396876	101.719	52.99993118296484
75	0.395990	103.240	52.00019372336304
76	0.419019	101.916	49.00015699203265
77	0.416559	103.818	50.0
78	0.441203	103.813	46.99989404024544
79	0.439388	104.894	46.999828398192456
80	0.483175	106.102	43.00013194850238
81	0.483288	107.728	42.999962869448986
82	0.507055	107.193	40.999878723424104
83	0.504652	108.756	41.00003677957998
84	0.528878	108.464	39.000036878595665
85	0.525923	109.262	38.999835258369785
86	0.550347	109.103	37.9998716808887
87	0.547721	111.579	37.999982075480155
88	0.593472	112.726	34.00014193708638
89	0.591667	114.188	34.00007005990122
90	0.615514	113.982	32.999947360109495
91	0.613852	115.238	34.00006942154498
92	0.636786	115.000	32.0
93	0.634464	117.031	32.00006835795644
94	0.834362	141.796	25.000000000000004
95	0.829335	145.667	23.99994508021721
96	0.266813	96.466	78.99985487114631
97	0.266158	97.885	78.99984675895182
98	0.288606	97.342	73.99991781553697
99	0.287995	98.623	73.00021293207466
100	0.310786	98.172	68.00004074481522
101	0.310205	99.622	68.0000401517737
102	0.354970	99.731	58.000020053945114
103	0.353714	101.146	58.9998615862219
104	0.377319	100.604	54.999801200747484
105	0.376050	101.958	55.0000980796014
106	0.399227	101.444	52.00011829186546
107	0.397663	103.183	51.99984493569677
108	0.421275	102.522	49.00021458808841
109	0.419573	104.174	49.99999999999999
110	0.441226	103.445	46.999854995408185
111	0.441592	105.357	45.99979118615754
112	0.487423	105.743	41.99994325865542
113	0.485658	107.863	42.99991656082253
114	0.508561	107.100	41.00000000000001
115	0.506518	108.905	40.999954088425696
116	0.529321	108.228	39.00007391802491
117	0.528836	110.031	38.99991820486953
118	0.553416	109.403	37.99987203275961
119	0.551057	111.011	36.99993694318581
120	0.596998	112.046	34.999910750941574
121	0.595824	113.997	34.000017544321345
122	0.618320	114.106	33.00001752756209
123	0.616838	114.867	32.999904237074176
124	0.641409	115.072	31.999965239154616
125	0.639759	117.078	32.00003416525735
126	0.836116	141.379	24.000028292745032
127	0.833861	143.800	23.999999999999996
128	0.266774	96.287	78.00014539865194
129	0.265900	97.973	79.00033682749329
130	0.289476	97.410	71.99979468227082
131	0.288428	99.068	73.00036338676465
132	0.311778	98.219	68.00008145063582
133	0.310667	99.661	67.00013044219905
134	0.356126	99.719	58.99978940823715
135	0.354610	101.383	59.0000295907598
136	0.378148	100.416	55.00019917144678
137	0.376667	102.053	54.999853017549704
138	0.399632	101.204	51.999920951741046
139	0.398957	103.244	52.000116229514546
140	0.422200	101.922	49.000215851337295
141	0.420149	104.202	49.000019193489564
142	0.442674	102.928	46.99984455153117
143	0.442503	105.762	46.99986762731416
144	0.488423	106.372	43.00003760388072
145	0.486916	108.155	41.99990754010448
146	0.510949	106.790	40.0
147	0.508738	108.749	40.9999172406183
148	0.532565	108.279	39.00017547262165
149	0.530641	110.038	39.00016357985423
150	0.553194	109.495	37.999908671628845
151	0.552518	111.503	36.9999013479458
152	0.598003	112.086	34.99991078279179
153	0.596570	113.424	33.999858936380306
154	0.620356	113.418	33.00005290165582
155	0.618632	114.976	34.00013915947676
156	0.642788	115.594	31.999930792255654
157	0.640696	117.369	31.999931838901244
158	0.839605	141.908	24.000056374552532
159	0.837340	144.004	24.000027777006196
160	0.268002	96.790	77.99979336708337
161	0.267221	97.776	78.99995909016528
162	0.290229	97.543	72.00004100755564
163	0.289004	98.973	72.99970699079547
164	0.312195	98.009	67.9998775622647
165	0.311538	99.376	67.00008050233457
166	0.356720	99.905	58.00010009509033
167	0.355248	101.393	59.000128213979266
168	0.378938	100.613	53.99998012185304
169	0.378196	102.384	54.99980465697766
170	0.400585	101.847	51.00002945594863
171	0.399202	103.202	51.99996124106122
172	0.422777	102.322	49.00021500752526
173	0.421543	104.122	49.00021129060141
174	0.445059	103.398	46.99994197179829
175	0.441969	105.049	46.999971441898545
176	0.488129	106.274	41.99992472288612
177	0.487528	107.658	43.00005573204035
178	0.511631	106.968	39.99981302819535
179	0.509796	108.362	40.00018456654547
180	0.533641	108.205	39.00004620858556
181	0.531509	110.200	39.0
182	0.555932	109.551	37.000118666192
183	0.552770	111.505	37.000134523115555
184	0.599700	112.259	33.99994655216954
185	0.597560	113.656	33.99996480608151
186	0.622111	113.306	33.00001765131591
187	0.620331	115.494	32.999982683083104
188	0.643957	115.100	32.0
189	0.641772	116.594	31.999931385834607
190	0.841439	140.716	25.0
191	0.839058	143.752	25.0
192	0.267866	97.153	77.99965003654029
193	0.267716	97.944	79.00024503798089
194	0.290262	97.610	72.99969265444115
195	0.289876	98.900	72.0
196	0.312610	98.167	67.00011205394888
197	0.311772	99.809	66.0000601148193
198	0.357059	99.819	58.99978961921077
199	0.356089	101.375	58.99975339087547
200	0.379121	100.698	55.000099306838266
201	0.377652	102.158	55.000097887585895
202	0.401400	101.765	52.0001965312239
203	0.400205	103.063	52.00023286727536
204	0.422565	102.573	49.00022423054801
205	0.421822	103.831	48.9998170103341
206	0.445012	103.700	46.99999999999999
207	0.441437	105.083	46.99999048371287
208	0.488132	106.090	42.000188519181826
209	0.487935	107.910	41.99981466036512
210	0.512194	106.763	39.99981266918314
211	0.510026	108.927	40.99993573677784
212	0.534316	107.695	37.99990714517852
213	0.532588	110.250	38.0
214	0.556340	110.322	36.9998730987473
215	0.554542	110.819	36.9999729288299
216	0.600717	112.194	34.000035652530435
217	0.599163	113.600	35.0
218	0.622767	113.242	33.00012362904223
219	0.621304	115.158	32.999878427899056
220	0.630147	115.085	32.999956553851504
221	0.643069	117.169	31.999931722554603
222	0.840803	141.800	23.999999999999996
223	0.839728	144.067	23.999944470281186
224	0.268473	96.646	78.99964820064979
225	0.268277	98.027	78.99966335805442
226	0.290157	97.503	71.99983590248505
227	0.290037	98.790	73.00030367446097
228	0.312985	98.546	67.00018265581556
229	0.312141	99.379	68.00028174966542
230	0.357596	99.557	57.999939733017264
231	0.356418	101.131	58.000019776329715
232	0.379435	100.251	54.999950125185784
233	0.378046	102.362	54.999902307496924
234	0.401994	101.200	51.0
235	0.399751	103.302	51.99996127858124
236	0.424020	102.558	48.00015600928255
237	0.422337	103.594	48.99994208158774
238	0.446524	104.040	47.000192233756245
239	0.444668	105.323	47.000180397444055
240	0.489284	106.210	41.999811693814145
241	0.489018	107.717	41.99987002980031
242	0.512851	107.088	39.999813237711045
243	0.511073	108.742	40.00018392157584
244	0.534617	108.341	39.00000923011603
245	0.532843	109.977	38.99997272156906
246	0.556890	109.741	36.999845089802356
247	0.548971	111.355	38.00008980288267
248	0.600615	112.312	33.9999287698554
249	0.599356	113.777	35.00004394561291
250	0.623626	114.094	32.999982470594425
251	0.622010	115.724	33.00006912999896
252	0.645490	115.534	32.00010386552876
253	0.643336	117.484	32.00010214156821
254	0.840763	141.671	23.999971765569523
255	0.834105	144.079	24.000027762546935
256	0.268492	96.552	78.99991714309388
257	0.267853	98.039	79.00019380042636
258	0.290335	97.685	71.99979526027538
259	0.290060	98.552	73.00004058771003
260	0.312651	98.236	66.99987784518913
261	0.311919	100.046	67.00017991723807
262	0.355634	100.205	58.00009979541939
263	0.356294	101.231	58.00001975679387
264	0.378902	100.853	54.99985126867818
265	0.377175	102.542	54.999902478984225
266	0.401374	101.979	51.999921552476486
267	0.400644	103.510	50.99990339097671
268	0.423474	102.824	49.00023340854275
269	0.422719	104.233	48.99983690385962
270	0.445361	103.767	46.000173465552635
271	0.441932	105.787	45.99998109408528
272	0.490398	106.160	41.99981160512434
273	0.488964	107.895	42.00009268270078
274	0.511991	107.555	39.99999999999999
275	0.510661	108.851	41.000082681831124
276	0.534658	108.592	39.00011050537793
277	0.531564	110.290	38.999909329948316
278	0.557031	109.054	37.00001833953821
279	0.555230	111.354	37.00001796073783
280	0.600547	112.232	34.000106921377146
281	0.599678	113.849	34.999868246537076
282	0.622719	114.355	32.9998688295221
283	0.621825	116.076	32.999931079637484
284	0.645218	115.659	32.00010375327471
285	0.642928	117.253	32.00003411426573
286	0.841146	142.154	24.000028138497687
287	0.835253	146.346	23.999972667513973
288	0.268644	96.871	78.99990709293803
289	0.268227	97.864	78.00008174609661
290	0.290862	97.722	72.00016372976403
291	0.288422	98.856	71.99967629683582
292	0.312269	98.110	67.00030577922739
293	0.312216	99.270	67.00010073536819
294	0.357098	99.941	58.99980988783382
295	0.356354	101.416	57.9997239094423
296	0.379523	100.933	54.00017833612396
297	0.378811	102.222	54.99990217370038
298	0.401159	102.257	50.9999315450287
299	0.400085	103.541	51.00008692208884
300	0.423228	102.778	48.999785946408764
301	0.422820	104.271	49.000201398279486
302	0.445467	103.617	46.00017371666811
303	0.444528	105.562	46.99986737651806
304	0.489599	106.281	41.999981181961026
305	0.488470	108.221	42.000166326313746
306	0.511757	107.524	41.00014880398795
307	0.506942	109.285	40.0
308	0.533578	108.500	38.0
309	0.533001	109.969	39.00008184124617
310	0.555853	109.886	37.00016380612635
311	0.554614	111.250	38.0
312	0.601018	112.824	33.99985818620152
313	0.596544	113.974	33.999859617105656
314	0.622675	114.506	32.00006986533457
315	0.622228	115.370	32.99991332235416
316	0.644974	115.138	31.99986103632163
317	0.643443	116.738	31.99986294094468
318	0.840202	141.887	24.000084574344374
319	0.835373	144.208	24.000055475424386
320	0.268122	97.572	77.9998360185299
321	0.265259	98.004	78.9998367413575
322	0.289774	98.092	72.9998368878196
323	0.290207	98.661	72.00008108573803
324	0.311598	98.641	65.99993917336604
325	0.312570	99.640	67.00020072260136
326	0.357009	100.033	57.99986004618476
327	0.356675	101.326	57.99992104691787
328	0.378490	101.056	55.000197910069666
329	0.379013	102.258	55.00009779185981
330	0.400362	101.942	52.00015695199231
331	0.400865	103.369	52.00011608896284
332	0.422687	102.912	49.000116604477604
333	0.422830	104.122	49.00021129060141
334	0.444779	104.607	45.99978968902654
335	0.443939	105.351	47.00002847623658
336	0.488791	107.040	42.00018684603886
337	0.488813	108.083	42.00012953008336
338	0.510890	108.008	39.99981482853122
339	0.510800	109.047	40.00018340715471
340	0.534082	108.426	38.00011067456145
341	0.532703	110.023	39.000027267025985
342	0.555068	109.919	36.99997270717528
343	0.554849	111.122	36.99987401234679
344	0.598015	111.982	34.0001071600793
345	0.597883	113.689	34.99986806111409
346	0.620584	114.776	32.999930299017215
347	0.621668	115.970	32.99991377080279
348	0.643405	115.872	31.999965479149406
349	0.643697	117.359	32.00010225036001
350	0.840851	142.600	24.0
351	0.840806	144.992	23.999944824542048
352	0.268771	96.923	78.00006190481103
353	0.268326	96.836	83.99975215828825
354	0.290918	97.496	71.99987691802741
355	0.290394	98.961	72.00008083992684
356	0.312725	98.522	67.00026390044863
357	0.312562	99.413	67.0002917123515
358	0.356883	100.416	57.99972115997451
359	0.356773	101.160	58.0001977066034
360	0.378103	100.875	54.999752168525404
361	0.379127	102.463	53.999980480758914
362	0.401190	101.625	52.0
363	0.400778	103.385	51.99980654833873
364	0.423217	102.986	48.99986405919251
365	0.422137	104.355	49.00004791337262
366	0.443537	104.548	45.99992348012396
367	0.444699	105.700	46.0
368	0.490192	106.729	41.999831348555695
369	0.489166	108.010	41.999814831959995
370	0.511049	107.690	40.00000000000001
371	0.511512	109.043	39.9998165861174
372	0.532716	109.755	38.00009111202223
373	0.532864	111.166	37.99992803555044
374	0.555410	109.903	36.99989991174035
375	0.555495	111.765	36.99995526327562
376	0.599113	112.634	35.0000887831383
377	0.599832	114.491	34.000052405865965
378	0.621488	114.355	32.9998688295221
379	0.622076	115.930	33.00008625894936
380	0.643640	115.850	32.0
381	0.644005	117.428	32.0000340634261
382	0.836649	142.217	23.99994374793449
383	0.838446	144.537	24.000083023724027
384	0.268905	96.667	77.99973103541022
385	0.269046	98.431	77.00013207221302
386	0.290727	97.658	72.00024575559605
387	0.289485	98.752	73.00004050550875
388	0.312495	98.647	68.00004054862286
389	0.312543	99.848	66.99983975642978
390	0.357587	99.726	57.99991978019774
391	0.356737	101.636	58.99976386319808
392	0.379428	100.928	53.99988110336081
393	0.379064	101.995	54.99975488994558
394	0.402103	101.783	51.99984280282562
395	0.397183	103.281	53.00006777626088
396	0.422704	102.796	48.999961087980076
397	0.423061	103.680	48.99980709876543
398	0.445834	104.343	46.00021084308483
399	0.445265	105.691	46.00013246160979
400	0.489326	106.442	42.999943631273375
401	0.489562	108.283	42.00012929083974
402	0.511186	107.790	40.0
403	0.511447	109.487	40.00018267008869
404	0.534653	108.610	39.00009207255317
405	0.530222	110.292	39.000108802088995
406	0.550104	110.662	37.00005421915382
407	0.555159	111.843	37.00008046994447
408	0.601207	113.244	34.000035321959665
409	0.599874	113.906	33.99996488332485
410	0.621905	114.676	32.99993023823642
411	0.620495	115.015	33.000043472590534
412	0.643261	115.891	31.999896454427002
413	0.643948	117.609	32.00010203300768
414	0.838610	142.400	24.0
415	0.840394	144.054	24.000027767365015
416	0.267812	96.764	78.00008267537514
417	0.268168	97.940	77.99979579334287
418	0.290102	97.717	71.99975439278734
419	0.290720	98.921	71.99987869107672
420	0.312846	98.181	66.99972499770831
421	0.312250	99.884	67.99987986063834
422	0.357829	99.641	58.00022079264559
423	0.356740	101.679	58.00017702770483
424	0.379449	101.018	55.000098992258806
425	0.378653	102.304	54.99980450422271
426	0.401426	102.176	51.00023488881929
427	0.400028	103.242	52.00015497568819
428	0.423851	102.641	48.99991231574127
429	0.422572	104.571	49.00020082049517
430	0.446034	104.360	46.99980835569183
431	0.445341	105.576	46.000037887398655
432	0.485480	105.948	41.99984898251973
433	0.489769	107.929	41.99983322369335
434	0.513136	107.782	40.00018555974096
435	0.512421	109.060	39.99999999999999
436	0.534567	108.655	38.00009203442087
437	0.534028	110.279	39.00017229028192
438	0.556775	110.051	37.000118127050186
439	0.554692	111.384	36.99992817639876
440	0.599421	113.397	34.00001763715089
441	0.599211	113.829	34.0001229915048
442	0.621724	114.685	32.9999564023194
443	0.622322	116.155	32.999870862209974
444	0.644130	116.256	32.000068813652625
445	0.642147	117.625	32.0
446	0.839345	142.979	24.000027976136355
447	0.839010	143.987	24.00008334085716
448	0.268194	97.164	78.0000823350212
449	0.268402	98.127	78.99966370112202
450	0.290956	97.610	71.99979510296076
451	0.290537	98.828	74.00028332051646
452	0.312810	98.504	67.00032485990417
453	0.311414	99.930	66.99989992995096
454	0.357005	100.138	57.99996005512393
455	0.356605	101.531	58.00001969841723
456	0.378325	101.080	55.0
457	0.378605	102.941	53.99986399976686
458	0.399812	101.815	52.00019643471001
459	0.400702	103.040	52.00019409937888
460	0.423854	102.910	49.000097172286466
461	0.421570	104.178	48.99978882297606
462	0.445684	104.235	45.99990406293472
463	0.444738	105.587	47.00010417949179
464	0.490545	106.531	41.999981226121974
465	0.489102	107.679	41.99983283648622
466	0.511464	108.720	40.99981604120677
467	0.511026	109.375	40.0
468	0.533129	109.463	38.00005481304186
469	0.531713	110.200	39.0
470	0.556765	109.954	37.00001818942467
471	0.542948	111.024	37.999891915261564
472	0.600361	112.780	35.0
473	0.598628	114.288	34.00006999860003
474	0.621532	114.136	33.00010513773043
475	0.621561	115.655	32.99987030392114
476	0.644283	115.644	31.999930822178406
477	0.643764	117.756	32.00006793709025
478	0.837027	142.946	23.999972017405174
479	0.836884	146.238	23.999917941984982
480	0.268305	97.543	79.00003075566673
481	0.268206	98.038	78.00036720455334
482	0.290313	98.092	71.9997553317294
483	0.290554	99.085	72.99994953827522
484	0.312306	98.761	67.00013163090694
485	0.312340	99.908	65.99971974216278
486	0.356245	100.117	58.99997003505897
487	0.356672	101.817	58.999970535372285
488	0.378707	101.291	54.99995063727281
489	0.379294	102.343	53.999785036592634
490	0.400781	101.771	52.000078607854896
491	0.400744	103.408	51.99984527309299
492	0.423019	103.055	49.000048517781764
493	0.423082	104.382	48.99982755647525
494	0.446217	104.213	46.99989444695
495	0.442201	105.764	46.999924359895616
496	0.489911	106.933	42.00013092310137
497	0.488741	108.355	41.999907710765534
498	0.511085	108.130	40.0
499	0.511080	108.854	40.99987138736289
500	0.532652	109.313	38.999935963700565
501	0.533203	110.449	38.99990040652247
502	0.555113	110.895	36.9998647369133
503	0.554873	111.430	36.99991025756079
504	0.597584	113.124	33.99985856228563
505	0.599626	114.565	33.999912713306855
506	0.621705	114.382	32.999947544194015
507	0.621880	115.448	33.00013859053427
508	0.643498	116.406	31.000120268714667
509	0.643766	116.866	31.999897318296167
510	0.835073	144.175	23.999999999999996
511	0.836672	144.196	23.999972259979472
512	0.268321	97.026	77.99971141755819
513	0.267681	97.999	77.99977550791334
514	0.290553	97.982	71.99995917617521
515	0.290492	98.774	71.99971652459149
516	0.312789	98.921	66.00014152707716
517	0.312558	99.810	67.00030057108506
518	0.356956	100.137	59.00016976741864
519	0.356555	101.483	57.99986204585989
520	0.378861	101.104	54.999802183889855
521	0.379410	102.317	53.999824076155484
522	0.400592	101.981	51.99988233102245
523	0.399395	103.423	52.00003867611653
524	0.422773	103.560	48.00019312475859
525	0.423237	103.918	49.00017321349525
526	0.446356	104.532	46.9999617342058
527	0.445481	105.333	45.99982911338327
528	0.489186	107.529	41.99983260329771
529	0.489799	107.995	42.00009259687948
530	0.511509	107.827	40.00018548230035
531	0.512949	109.041	41.00017424638439
532	0.532657	109.523	39.000027391506805
533	0.533191	110.537	37.99994571953282
534	0.555440	110.508	37.00003619647447
535	0.556060	111.132	37.00014397293308
536	0.598785	113.447	34.000017629377595
537	0.598631	113.885	34.00008780787636
538	0.613969	114.924	33.00006961122133
539	0.622421	115.770	32.9999136218364
540	0.643510	116.172	31.999965568295288
541	0.643754	117.509	32.00010211983763
542	0.837407	144.000	24.0
543	0.834884	144.292	23.99994455687079
544	0.268426	96.118	83.0000624232714
545	0.267483	98.135	77.99969429867019
546	0.290379	98.026	72.00028563850407
547	0.289645	98.371	71.99987801282899
548	0.312622	99.025	67.00025246149961
549	0.312588	99.394	65.9999597561221
550	0.356845	100.266	59.000059840823404
551	0.355769	101.427	59.00006901515375
552	0.379143	101.165	53.99990115158404
553	0.378240	102.318	55.000097734513965
554	0.400759	102.035	51.99980398882737
555	0.400383	103.829	51.999922950235494
556	0.421972	102.931	48.99981541032343
557	0.423150	104.294	48.99994247032427
558	0.445339	104.270	45.999808190275246
559	0.445447	105.761	45.99994326831252
560	0.490336	106.290	42.00018816445573
561	0.489437	107.779	41.99983299158463
562	0.511714	108.073	39.99981493990173
563	0.504863	108.690	41.00009200478425
564	0.532853	109.105	39.00004582741396
565	0.532954	110.455	38.000090534606855
566	0.556799	109.614	36.99983578739942
567	0.556121	111.616	37.000071674311926
568	0.599705	112.912	33.99992914836333
569	0.600434	113.720	35.0
570	0.620967	114.133	33.000096378786154
571	0.623377	115.997	32.99999137908739
572	0.641307	116.566	31.999897054029475
573	0.643418	117.058	31.000017085547334
574	0.838683	141.584	25.0
575	0.839555	143.708	24.00005566843878
576	0.268874	96.905	78.00010319384965
577	0.268362	98.013	77.99985716180507
578	0.291151	97.989	70.99980610068476
579	0.290528	98.928	71.99983826621381
580	0.313424	98.509	66.00006090814037
581	0.313042	99.588	65.99991966903643
582	0.357400	99.464	57.99987935333387
583	0.356816	101.531	58.00001969841723
584	0.379821	101.135	54.00009887773768
585	0.379410	102.107	54.000215460252484
586	0.401086	102.210	51.999804324430094
587	0.401178	103.369	52.00011608896284
588	0.422629	102.900	49.0
589	0.423358	104.582	48.99982788625194
590	0.445108	104.779	46.99987592933699
591	0.444556	105.449	46.999971550228075
592	0.490416	106.752	42.000149880095925
593	0.489662	107.760	43.000185597624345
594	0.511030	107.790	40.0
595	0.511698	108.937	40.99984394650119
596	0.533834	109.211	37.99983518143777
597	0.534673	109.962	38.999836307087904
598	0.557694	109.670	37.000091182638826
599	0.557015	111.508	37.0000358718657
600	0.600978	112.735	34.00008870359693
601	0.600960	113.909	33.99994732637456
602	0.620919	114.988	32.999965213761435
603	0.622289	116.621	33.00006002349491
604	0.644273	115.791	31.999896365002463
605	0.644701	117.291	31.999897690359877
606	0.838262	142.979	24.000027976136355
607	0.837350	144.162	24.00008323968868
608	0.268657	97.413	77.99985628201574
609	0.268290	98.017	77.99973473989206
610	0.290968	98.039	71.99991839982049
611	0.283779	98.966	74.00016167168523
612	0.312848	98.565	66.00010145589205
613	0.313122	99.112	66.00008071676487
614	0.356519	100.561	59.00000994421296
615	0.357033	101.388	57.999960547599315
616	0.378479	101.222	54.99990120724744
617	0.379334	102.430	53.999804744703695
618	0.400090	102.004	51.99992157170307
619	0.401805	103.146	52.00007755996355
620	0.423402	103.357	49.00006772642395
621	0.421604	104.402	49.00001915672113
622	0.446397	104.026	46.00003845192548
623	0.441469	105.134	47.00001902334164
624	0.489858	106.250	42.0
625	0.489640	108.302	42.00014773503721
626	0.511585	107.845	40.0
627	0.511375	108.585	40.0
628	0.533120	109.618	38.99998175482129
629	0.534206	110.247	38.000126987582426
630	0.554658	110.227	37.000009072187396
631	0.555853	111.678	37.00012536041119
632	0.599438	113.041	34.000053078086715
633	0.600732	113.929	34.99986833905327
634	0.622394	114.755	32.99986928674132
635	0.622999	115.961	32.99988789334345
636	0.638662	115.397	31.99996533705382
637	0.644336	117.168	30.999931721971866
638	0.835019	142.671	23.9999719634684
639	0.837823	147.063	23.999918402317377
640	0.268223	97.082	78.0000412022826
641	0.268232	97.975	78.99974483286553
642	0.290241	97.844	72.0003270512244
643	0.290805	99.022	72.0001615802549
644	0.312566	98.440	67.00020316944332
645	0.312253	99.798	66.00032064770836
646	0.357015	99.922	58.00024018734613
647	0.356807	101.579	58.00017720198073
648	0.378306	101.480	53.999802916830895
649	0.379190	102.187	54.00001957196121
650	0.401653	102.083	51.999843264794336
651	0.401078	103.475	52.0
652	0.423022	103.525	47.99999999999999
653	0.423604	104.331	48.99981788730099
654	0.445229	104.057	45.99978857741431
655	0.445496	105.509	45.99986730989773
656	0.488960	107.102	42.000149390300834
657	0.489906	108.055	41.99990745453704
658	0.512215	107.854	40.9998701948931
659	0.511778	109.243	39.99981692190804
660	0.533289	109.056	39.000146713615024
661	0.534007	110.026	38.999872757348264
662	0.557555	109.965	36.99995453098713
663	0.556490	111.057	36.99991896053378
664	0.599110	113.503	34.99995594830092
665	0.600452	114.597	34.00001745246386
666	0.620624	114.797	32.99999128897097
667	0.622964	115.782	32.99994817847334
668	0.642503	116.125	32.0
669	0.645299	117.281	32.00006821224239
670	0.837743	143.113	23.999916150175036
671	0.831280	144.783	24.00005525510592
672	0.268946	96.632	78.00004139415515
673	0.268428	98.012	77.99963269803698
674	0.290233	97.849	71.99971384480169
675	0.290546	99.869	72.00032041974988
676	0.313229	98.608	65.99971604737952
677	0.312617	99.424	66.00016092693916
678	0.357018	99.855	58.00010014521056
679	0.356387	101.717	58.00013763677655
680	0.379360	100.845	55.00024790520105
681	0.379328	102.164	54.99980423632591
682	0.400958	102.496	51.00003902591321
683	0.401336	103.284	51.00015491266798
684	0.422798	102.898	48.99998056327625
685	0.423603	104.243	48.9999328492081
686	0.444665	104.689	46.000057312611645
687	0.442635	105.596	46.99988635933179
688	0.490085	106.936	41.99988778334705
689	0.490225	107.502	42.000148834440296
690	0.511913	108.053	39.99981490564816
691	0.493613	109.271	40.999899332851356
692	0.530851	109.287	37.99994509868511
693	0.534328	109.442	38.00003654903968
694	0.557350	110.619	36.999972879885014
695	0.556771	111.249	36.99988314501704
696	0.597126	114.579	34.00012218643905
697	0.601105	114.191	34.000052543545465
698	0.622022	114.397	32.99999125851202
699	0.622730	115.133	33.00009554167789
700	0.645765	115.678	32.00003457874445
701	0.644433	117.342	30.999982955804402
702	0.835855	143.213	23.99991620872407
703	0.840904	143.171	23.999972061381147
704	0.268716	97.265	78.00030843571686
705	0.268686	97.736	77.99991814684455
706	0.290889	97.732	71.99995907174723
707	0.290407	98.814	71.99991903981218
708	0.311444	98.688	67.00004053177692
709	0.312617	99.527	66.99990957227688
710	0.357274	100.574	58.00007954342077
711	0.356650	100.566	57.999721575880514
712	0.379760	101.376	55.00019728535353
713	0.379801	102.369	55.00004884291143
714	0.401915	102.135	51.99980418074117
715	0.401655	103.569	50.99981654742249
716	0.422741	103.216	49.0001550147264
717	0.423450	104.380	48.99980839241235
718	0.445441	104.500	47.0
719	0.445511	105.502	47.000056870959796
720	0.490878	106.564	42.00011260838557
721	0.489556	107.893	43.00000926844188
722	0.512499	107.687	40.00018572343923
723	0.512194	108.720	40.99981604120677
724	0.532171	109.538	39.000164326535085
725	0.533854	110.811	37.999837561252946
726	0.555030	110.438	36.999945670874155
727	0.556957	111.000	37.0
728	0.598970	113.074	33.99985849974353
729	0.600624	113.924	33.99985955549313
730	0.624079	113.845	33.000131758092145
731	0.622081	115.161	32.99988711456135
732	0.645600	116.326	30.999948420817358
733	0.644212	116.837	32.00013694292048
734	0.838565	141.683	24.000056464078263
735	0.838698	143.864	25.0
736	0.268705	97.660	78.00020479213599
737	0.267965	97.769	78.00018410743691
738	0.290837	98.052	73.00004079468037
739	0.290605	99.037	72.0003635005099
740	0.312631	98.607	67.0003143793037
741	0.311803	99.778	67.99995991100242
742	0.358026	99.785	58.999849676805134
743	0.357059	101.550	58.0
744	0.379407	101.449	55.000049285848064
745	0.378764	102.231	54.999951091156305
746	0.401385	102.369	50.99981439693657
747	0.401281	103.141	51.000087259188874
748	0.424185	102.539	48.99989272374413
749	0.423607	104.337	48.9998754037398
750	0.444789	104.983	45.99982854366897
751	0.445379	105.457	47.000199133296036
752	0.488782	107.636	41.99988851313687
753	0.490382	107.705	41.99990715379973
754	0.513105	107.673	39.99981425241239
755	0.512276	108.697	40.00018399771842
756	0.534345	108.808	37.9999632379972
757	0.534618	109.923	39.00002729183156
758	0.555399	110.403	36.99990036502631
759	0.558143	111.675	36.0
760	0.600907	113.271	33.99987640260967
761	0.600496	114.338	34.000069967989646
762	0.621089	116.067	32.999905227153285
763	0.623208	115.215	33.00004339712711
764	0.642401	115.775	32.0
765	0.645529	117.266	31.999897668548428
766	0.835211	142.021	23.999971835151143
767	0.837676	143.779	24.00002782047448
768	0.268151	97.569	78.00018448482612
769	0.268042	97.956	78.99975499203724
770	0.291021	97.667	71.99975426705028
771	0.290409	99.042	71.99975767856061
772	0.313198	98.300	67.0
773	0.312507	99.883	66.00022025770151
774	0.357006	100.250	58.0
775	0.356888	101.388	57.999960547599315
776	0.379464	101.004	53.999841590432055
777	0.378735	102.669	55.00004870019188
778	0.401973	101.873	50.99977422869651
779	0.400773	103.110	50.9999030161963
780	0.421278	102.539	48.99989272374413
781	0.423115	104.304	49.000038349440096
782	0.445791	104.687	45.99998089543115
783	0.445125	105.689	46.00005677033561
784	0.491492	106.419	42.00001879363648
785	0.489900	107.824	41.999925805015586
786	0.510043	107.877	40.00018539633101
787	0.495384	108.578	41.00001841993774
788	0.535298	109.400	37.99999999999999
789	0.533024	110.585	38.99986435773388
790	0.555281	110.141	36.99984565239102
791	0.553999	111.662	37.000053733588864
792	0.602630	112.709	33.99994676556442
793	0.597492	114.585	34.00008727145787
794	0.621418	115.327	33.00007803896746
795	0.621279	115.388	32.99996533435019
796	0.642937	115.781	32.00006909596566
797	0.645082	117.359	32.00010225036001
798	0.839912	142.704	24.00002803004821
799	0.837992	143.933	24.000055581416355
800	0.268488	97.021	77.99960833221674
801	0.268311	98.190	76.9996944699053
802	0.290828	97.849	71.99971384480169
803	0.290706	99.086	72.00008073794481
804	0.312615	98.267	67.0001119399188
805	0.312841	99.995	66.00030001500075
806	0.357218	100.359	57.99978078697477
807	0.357013	100.824	58.00007934618742
808	0.378649	101.107	55.00014835768047
809	0.379169	102.420	55.0
810	0.400311	102.208	50.99992172824046
811	0.401223	102.953	50.99997086048974
812	0.423375	102.473	49.00022444936715
813	0.422884	103.980	48.99980765531833
814	0.446213	104.317	46.00017255097444
815	0.445045	105.753	47.00008510396868
816	0.489188	106.905	41.99990645900566
817	0.489498	107.702	42.00014855805835
818	0.513136	107.537	40.00018598249905
819	0.511944	109.000	41.0
820	0.534876	108.879	37.99998163098485
821	0.533345	109.903	37.99987261494227
822	0.555468	109.695	36.999863257213185
823	0.555749	111.803	36.99990161265798
824	0.601050	112.888	34.00007086669974
825	0.600214	113.797	34.00001757515576
826	0.622785	113.921	33.00006144608983
827	0.618247	115.182	34.00010418294525
828	0.645450	116.435	31.000128827242666
829	0.643527	116.378	32.00003437075736
830	0.836429	142.350	24.0
831	0.843729	142.500	24.0
832	0.268304	97.571	77.99961054001702
833	0.268701	98.092	78.0002446682706
834	0.290606	97.974	71.99971420989242
835	0.290689	98.592	71.99975657254139
836	0.312717	98.797	67.00001012176483
837	0.312515	99.540	67.00020092425154
838	0.357652	100.328	57.999760784626424
839	0.357267	101.549	59.000088627165205
840	0.378564	101.233	54.99985182697342
841	0.379020	102.509	54.00013657337404
842	0.400629	102.337	51.00012703127901
843	0.401438	103.257	50.9999322079859
844	0.423240	103.435	48.99985498138928
845	0.422349	104.041	48.999913495641145
846	0.445607	104.676	46.00003821315297
847	0.445600	105.900	47.0
848	0.488947	106.967	43.000177624874965
849	0.476510	107.879	43.000027808934085
850	0.512629	108.512	40.00018431141256
851	0.508714	109.193	39.9998168380757
852	0.534815	108.903	37.99987144523108
853	0.531750	110.903	38.999846712893245
854	0.555253	110.427	37.000009055756294
855	0.555950	111.324	37.00010779346772
856	0.599886	112.749	34.99986696112604
857	0.599383	113.162	33.99992930489033
858	0.620125	114.688	32.999965122767854
859	0.622335	115.336	33.00010404383713
860	0.642563	115.500	32.0
861	0.641999	117.444	31.99993188242907
862	0.839690	140.452	25.0
863	0.834495	142.440	25.0
864	0.268224	97.737	78.00014324155643
865	0.268976	97.568	77.9999590029518
866	0.290154	98.158	72.00024450375923
867	0.290773	99.101	72.00028254003492
868	0.312822	98.824	66.00016190399093
869	0.312912	99.815	66.99994990732856
870	0.356267	100.163	58.99983027664907
871	0.357064	101.693	58.00005900111119
872	0.379999	100.833	54.99985123917765
873	0.378951	102.433	54.99985356281667
874	0.402144	102.104	50.99996082425762
875	0.400382	103.363	52.00023219140311
876	0.422722	103.386	48.99986458514692
877	0.423310	104.310	48.000191736171026
878	0.445161	104.752	46.00007637085689
879	0.445467	105.328	46.000113929819236
880	0.490039	106.807	42.000056176093324
881	0.489599	107.916	43.00011119759813
882	0.511460	108.292	40.00018468584937
883	0.510142	108.895	40.0
884	0.533684	109.541	39.00000912900193
885	0.533780	110.251	39.00009977233766
886	0.557592	110.046	36.999981825781944
887	0.555843	111.459	37.000152522452204
888	0.598373	113.182	34.000106023926065
889	0.601325	114.379	34.00012240009092
890	0.620766	115.312	33.000034688497294
891	0.622063	116.036	33.00010341618118
892	0.644853	115.841	31.999896409734035
893	0.643885	117.306	32.00006819770515
894	0.840347	143.229	24.000027927305222
895	0.830887	145.225	24.0
896	0.268113	97.310	78.00020552872263
897	0.268430	97.953	77.99965289475564
898	0.291014	97.278	71.99983552293426
899	0.291157	98.499	71.99971573315464
900	0.312840	98.893	66.99968652988584
901	0.312920	99.773	67.00009020476482
902	0.357091	100.179	58.0001796783757
903	0.357187	101.724	58.00007864417443
904	0.379306	101.329	55.000049344215384
905	0.377934	102.433	54.99985356281667
906	0.400932	102.375	50.9997557997558
907	0.400849	102.982	51.000174787827
908	0.422081	103.359	49.000087075145856
909	0.423776	104.051	49.00000961067169
910	0.447066	104.076	46.00003843345248
911	0.446187	105.417	47.000009486136015
912	0.481841	106.893	43.00000935514954
913	0.490055	107.898	41.99985171180189
914	0.511285	108.005	40.0
915	0.512283	108.973	41.00006423609518
916	0.535322	108.863	38.000055115144725
917	0.534023	110.118	38.999981837665054
918	0.557883	109.765	36.999954448139206
919	0.554157	111.571	38.00001792580509
920	0.602382	112.762	33.99992905411398
921	0.599830	114.112	33.99992989343803
922	0.624885	114.055	32.99986848450309
923	0.620077	116.055	32.999870750937056
924	0.642265	115.737	32.00013824446806
925	0.643843	117.019	31.999931635033626
926	0.840522	142.708	24.0000560585251
927	0.836784	143.963	23.999916645249126
928	0.268757	97.209	77.99997942577333
929	0.268565	97.952	78.999918327344
930	0.291503	97.103	71.99983522651206
931	0.291108	98.646	71.99987835289824
932	0.312727	99.042	66.99985864582702
933	0.313292	99.805	65.99969941385702
934	0.348942	100.678	58.99998013468682
935	0.349974	101.551	58.99991137458026
936	0.380291	100.859	54.00013880764235
937	0.379075	102.324	54.00003909151323
938	0.400457	102.427	51.999960947796964
939	0.401712	103.218	50.99982561181189
940	0.424712	102.969	49.000184521555035
941	0.423117	104.345	48.999952082035556
942	0.445832	104.266	46.999980818291675
943	0.445608	105.059	45.999866741545226
944	0.489600	106.693	41.999943763883294
945	0.484891	108.053	43.00019434906944
946	0.513781	107.192	40.000186581088144
947	0.512597	109.380	40.0
948	0.535983	108.542	38.00003685209413
949	0.534483	109.897	39.00015469030092
950	0.554572	111.624	37.000107503762635
951	0.556827	111.262	37.00005392676745
952	0.602176	112.662	33.999928991141644
953	0.601661	113.771	33.99987694579462
954	0.623202	114.400	32.0
955	0.623481	115.542	33.0001211680601
956	0.631955	115.548	33.000138470592304
957	0.645601	117.306	31.000119345984007
958	0.843216	141.188	25.0
959	0.839683	142.920	25.000000000000004
960	0.269083	96.637	78.00014487204693
961	0.269015	98.086	77.99991843892094
962	0.290982	98.008	71.00032650395887
963	0.290912	98.706	71.99967580491561
964	0.313695	98.609	66.99996957681348
965	0.313016	99.958	65.99971988235059
966	0.357822	99.505	58.00010049746244
967	0.353834	101.234	58.000276586917444
968	0.380358	101.084	54.9998021447509
969	0.379297	102.049	55.00004899607051
970	0.402160	102.129	51.00020562230121
971	0.401033	103.241	51.000087174668984
972	0.424966	103.084	48.99984478677584
973	0.423221	104.365	49.00014372634504
974	0.444745	104.309	45.999865783393574
975	0.445791	104.950	46.0
976	0.490890	106.929	41.99983166400135
977	0.490483	108.012	41.999962967077735
978	0.513261	107.802	40.00018552531493
979	0.512564	109.380	40.0
980	0.535861	108.845	37.99990812623456
981	0.534710	110.261	37.99983675098176
982	0.483049	109.409	43.00011882020675
983	0.555069	111.368	36.99985633216005
984	0.602910	112.047	34.00001784965238
985	0.602966	114.132	34.000105141415204
986	0.625274	114.258	32.99987747028655
987	0.611446	116.015	33.00004309787528
988	0.646581	115.263	31.999861187024457
989	0.645360	117.703	32.00003398384068
990	0.839947	141.871	23.999971805372486
991	0.833607	144.271	23.999972274400264
992	0.267721	97.562	77.99963100387447
993	0.267756	98.232	78.00004071992834
994	0.290399	98.204	72.00012219461529
995	0.290306	99.096	71.99987890530394
996	0.312530	98.966	66.99977770143282
997	0.312391	100.069	66.99977015859058
998	0.356776	100.514	57.999880613645864
999	0.356477	102.157	57.99994126687354
1000	0.378460	101.148	54.00007909202357
1001	0.378443	103.045	55.00024261245087
1002	0.401594	102.531	51.99988296222606
1003	0.400329	104.031	51.00018263786756
1004	0.423284	103.839	48.999894066776456
1005	0.419835	104.553	49.00002869358125
1006	0.444419	105.361	45.9999430529323
1007	0.444705	106.774	45.99996253769645
1008	0.487457	108.588	42.000036836482856
1009	0.488710	108.521	42.00016586651431
1010	0.509445	109.247	40.00018307138868
1011	0.510941	109.646	41.00012768363643
1012	0.522320	109.397	39.000155397314366
1013	0.532902	110.677	38.99997289409723
1014	0.550535	111.097	37.0000990125746
1015	0.555634	112.546	36.99998222948838
1016	0.601500	114.997	34.00001739175805
1017	0.599379	115.121	33.99987838882567
1018	0.595552	115.926	34.000138019081135
1019	0.622478	117.730	33.00008494011722
1020	0.645586	117.994	30.999881349899148
1021	0.644958	117.900	32.0
1022	0.831799	144.542	23.999944652765286
1023	0.839896	145.321	23.99997247472836
