-1	0	90	0
0	0.012285	100.232	749.0033123154283
1	0.010923	101.175	837.9975290338522
2	0.013112	101.501	698.0010049162078
3	0.011497	101.929	796.001138047072
4	0.013877	102.351	658.9979580072496
5	0.012078	102.790	756.9977624282518
6	0.015361	103.970	595.0014427238627
7	0.013121	104.270	702.0024935264219
8	0.016139	104.755	571.997518018233
9	0.013623	105.172	675.9993154071426
10	0.016585	106.062	550.9994154362543
11	0.014058	106.340	649.9981192401731
12	0.017505	107.022	522.0001495019716
13	0.014504	107.290	629.9990679466865
14	0.018123	108.174	503.9981881043504
15	0.015362	108.507	594.9984793607786
16	0.019379	110.872	471.9983404286024
17	0.016165	111.083	564.9991447836303
18	0.019992	111.666	463.001271649383
19	0.016549	111.867	558.000125148614
20	0.020586	113.111	444.0019096285949
21	0.016885	113.156	542.0013079288769
22	0.021117	114.533	433.0009691529952
23	0.017254	114.501	530.0014847031903
24	0.022145	117.038	411.99952152292417
25	0.017857	116.727	511.99979439204293
26	0.022655	118.403	404.0007432244115
27	0.018145	118.139	503.0015490227613
28	0.023188	119.512	399.0001004083272
29	0.018453	119.701	495.00171260056305
30	0.027643	144.303	331.0007414953258
31	0.022381	142.855	414.00091001365024
32	0.022599	104.067	403.9993465748028
33	0.020452	105.391	446.99926938732904
34	0.023915	104.625	387.0002389486261
35	0.021479	106.404	425.0
36	0.025563	106.127	362.00024498949375
37	0.022701	107.439	402.9989110099685
38	0.027613	108.875	335.0006888633754
39	0.024705	110.264	370.0010882971777
40	0.029795	110.457	307.0009143829726
41	0.025690	111.080	360.0009002520706
42	0.031042	111.302	299.9991015435482
43	0.026530	112.614	344.99973360328204
44	0.032219	112.846	284.0012051822838
45	0.027347	113.716	333.99873368743187
46	0.033500	114.567	272.9992057049587
47	0.028999	115.250	314.9986984815618
48	0.035543	117.068	257.00105921344857
49	0.030370	117.965	301.0002966981732
50	0.036433	118.605	251.0003794106488
51	0.030876	119.302	296.0009052656284
52	0.037613	120.150	243.00041614648356
53	0.031452	120.723	289.99942016020145
54	0.038674	121.156	240.99920763313412
55	0.032334	122.295	281.9992640745738
56	0.040538	125.391	224.99940187094768
57	0.033358	125.671	273.9995703065942
58	0.041412	127.371	221.00007065972633
59	0.033995	127.458	268.99919973638373
60	0.042373	128.973	216.00024811394633
61	0.034460	129.293	264.9996519533153
62	0.049428	155.438	184.00005146746614
63	0.040693	153.526	224.00049503015777
64	0.032611	108.070	280.0009253261775
65	0.029828	109.430	305.9992689390478
66	0.034707	109.674	263.0003464813903
67	0.031464	111.024	289.99945957630786
68	0.036813	110.488	248.0006878575049
69	0.033051	112.118	276.00117733102627
70	0.040928	113.632	223.0005632216277
71	0.036121	115.254	252.999462057716
72	0.042833	115.381	212.99954065227377
73	0.037594	116.621	242.9991167971463
74	0.044808	116.892	203.999418266434
75	0.038813	117.343	239.9998295594965
76	0.046569	118.705	195.9993260604018
77	0.040133	119.829	227.00014186882976
78	0.048355	120.398	189.00064785129322
79	0.042477	121.395	214.9997940607109
80	0.051971	123.935	176.0003227498285
81	0.044864	124.989	204.00035203097872
82	0.053567	125.712	171.0003818251241
83	0.045908	126.724	199.00018938796123
84	0.055137	127.710	165.9995301855767
85	0.046874	128.605	194.99941681894174
86	0.056466	129.852	160.99944552259493
87	0.047877	129.276	196.0000309415514
88	0.059161	132.743	159.00047460129724
89	0.049714	134.990	183.00022223868433
90	0.060519	136.709	150.9995684263655
91	0.050495	137.111	181.0000656402477
92	0.062047	139.173	147.00049578582053
93	0.051332	139.333	178.00018660331722
94	0.070988	169.251	127.99983456523151
95	0.058574	166.492	154.9996396223242
96	0.041959	110.453	223.00073334359408
97	0.038645	113.047	237.00053959857405
98	0.044638	112.779	204.99915764459695
99	0.040742	114.775	224.00087126987583
100	0.047334	114.497	192.99981658908095
101	0.042992	116.285	211.99982800877157
102	0.052291	117.639	174.00011900815207
103	0.046795	119.421	194.99920449502181
104	0.055064	119.534	165.99963190389343
105	0.048794	120.210	192.00066550203812
106	0.057364	120.193	164.0003993576997
107	0.050432	122.987	180.99961784578858
108	0.059867	123.829	151.9999353947783
109	0.052173	124.804	175.0
110	0.062242	124.244	152.00009658414086
111	0.055239	127.330	164.99960731956335
112	0.066574	130.117	137.99964647202134
113	0.058339	131.349	155.9996650145795
114	0.068389	132.335	133.00034004609512
115	0.059681	133.219	152.99994745494263
116	0.070391	134.551	131.99976217196456
117	0.061024	135.827	148.99983066695134
118	0.072258	137.696	126.00002904950036
119	0.062197	137.899	147.00034082915758
120	0.075296	142.534	120.99990177782144
121	0.063768	141.620	147.9995763310267
122	0.076785	145.213	117.99976586118322
123	0.065825	146.140	138.9995894347886
124	0.078494	148.506	116.99998653253067
125	0.066994	148.874	136.0002418152263
126	0.087660	175.029	103.99990858657708
127	0.073870	172.837	122.99970492429284
128	0.048869	113.692	186.0007740210393
129	0.046025	115.204	202.99989583695012
130	0.052700	114.522	178.00073348352282
131	0.048632	117.697	188.00054376916998
132	0.054477	117.271	167.00036667206726
133	0.051057	119.037	178.999806782765
134	0.059537	121.222	151.9996370295821
135	0.056065	123.224	162.99990261637342
136	0.064200	122.531	146.9995348115987
137	0.056710	125.188	160.00015975972136
138	0.066934	124.432	140.99990356178475
139	0.059450	126.960	155.0
140	0.070708	127.923	129.00025796768367
141	0.062194	129.641	147.00056309346581
142	0.071171	130.342	126.99973914778046
143	0.065735	132.146	138.00039350415452
144	0.077137	135.253	118.00034010336186
145	0.069708	136.986	131.00024820054605
146	0.081275	138.440	112.00014446691708
147	0.071001	139.295	128.99960515452818
148	0.083400	140.927	108.99969487748977
149	0.072668	140.453	130.00007119819443
150	0.085069	144.189	106.99984048713841
151	0.073208	145.518	125.00034360010444
152	0.087328	150.259	103.9997604136857
153	0.077270	151.571	118.00014514649901
154	0.090459	153.640	100.99973965113253
155	0.078540	154.995	115.99987096357948
156	0.092466	157.303	99.00001907147353
157	0.079820	157.946	113.99972142377774
158	0.102333	187.636	88.00017054296617
159	0.086199	185.044	104.99989191759796
160	0.054731	116.291	165.99994840529362
161	0.052646	118.257	172.99948417429835
162	0.060073	117.709	151.99942230415687
163	0.055653	119.684	164.00020052805723
164	0.062930	120.014	146.99951672304897
165	0.057057	122.292	159.99983645700456
166	0.071117	124.925	128.0
167	0.064402	125.250	146.9996007984032
168	0.074475	127.168	123.99974836436839
169	0.066806	129.179	135.9996593873617
170	0.077721	129.951	117.0002539418704
171	0.069222	131.584	130.99996960116732
172	0.078624	132.610	117.000226227283
173	0.070606	133.967	128.99967902543162
174	0.082877	133.183	114.99966211903923
175	0.073488	137.489	124.99981816727156
176	0.082402	142.018	109.00026757171626
177	0.076417	143.160	118.99972059234423
178	0.091482	145.108	99.99999999999999
179	0.081697	143.785	117.00038251556144
180	0.094136	148.569	97.00004711615479
181	0.083527	149.020	109.00013421017313
182	0.098089	149.317	98.0002277034765
183	0.084218	152.720	108.00026191723416
184	0.102303	159.233	88.99976763610559
185	0.086351	159.484	104.9998745955707
186	0.104201	163.672	87.00021995209933
187	0.088861	163.585	103.00027508634653
188	0.105701	167.716	86.00014309904839
189	0.091578	163.701	104.99996945650912
190	0.115122	193.425	80.0
191	0.098181	191.375	92.0
192	0.063928	119.071	143.00039472247653
193	0.061127	121.527	150.00041143120458
194	0.069118	121.584	132.000098697197
195	0.064588	122.190	147.0005728783043
196	0.070272	123.766	128.99988688331206
197	0.068119	126.006	133.9999682554799
198	0.078267	129.371	115.99972173052693
199	0.074705	131.153	122.00025923920919
200	0.085667	131.552	107.00027365604477
201	0.076445	131.861	124.00027301476555
202	0.088180	134.859	103.0001705484988
203	0.079293	136.653	115.99964874536235
204	0.093134	138.677	97.99966829394926
205	0.081891	140.060	111.0002855918892
206	0.093720	141.938	97.00009863461513
207	0.086556	143.899	105.00003474659309
208	0.103353	146.224	92.9997811576759
209	0.091066	150.807	99.00004641694352
210	0.106541	152.886	86.00002616328507
211	0.094761	154.400	96.0
212	0.108178	157.838	84.00005068487944
213	0.095285	158.011	96.0002784616261
214	0.112565	161.869	79.99987644329674
215	0.098843	162.001	92.00004938241122
216	0.117432	164.772	83.00014565581532
217	0.102441	169.891	89.00000588612698
218	0.119359	173.180	76.00011548677676
219	0.104252	173.809	88.00004602753597
220	0.121062	178.181	75.00014030676671
221	0.105863	174.552	90.99981667354142
222	0.129983	208.154	68.99987509247961
223	0.111447	206.284	82.00005817222858
224	0.070142	120.756	135.0003312464805
225	0.067229	122.294	141.000376142738
226	0.075490	123.715	122.99963626076061
227	0.070759	126.047	129.0002935412981
228	0.079638	126.721	114.00004734811121
229	0.073120	128.990	124.99961237305217
230	0.085613	132.392	106.00036255967129
231	0.081478	132.551	117.00024896077737
232	0.091126	135.115	100.0
233	0.084571	137.768	108.99991289704431
234	0.096532	138.964	93.99988486226648
235	0.086108	138.488	111.00023106695166
236	0.100055	142.968	91.00008393486655
237	0.090051	144.226	102.00033281100495
238	0.102561	146.957	87.99989112461469
239	0.094902	148.886	96.0002955281222
240	0.109452	154.812	82.0001033511614
241	0.100069	155.544	90.99997428380394
242	0.114388	158.523	81.00023340461637
243	0.102275	160.066	89.00016243299639
244	0.117257	158.187	82.99986724572815
245	0.104292	163.518	87.00020792817917
246	0.119742	166.863	76.0000719152838
247	0.103875	167.883	86.99987491288574
248	0.123736	175.547	72.9998234091155
249	0.110371	176.683	83.00006225839499
250	0.124007	179.768	73.00020025811045
251	0.111992	180.945	82.00005526541214
252	0.127890	183.887	71.00012507681348
253	0.113749	186.731	80.00010710594384
254	0.138544	219.174	64.9999543741502
255	0.118462	218.395	75.99990842281187
256	0.038268	122.410	240.99991830732785
257	0.033346	124.330	263.9998391377785
258	0.041097	123.877	223.000234103183
259	0.044735	126.447	219.00005535916233
260	0.042294	128.182	216.99926666770688
261	0.046032	128.551	209.00031893956486
262	0.047859	135.610	192.00058992699653
263	0.054275	137.121	166.00010209960544
264	0.055112	139.644	165.99997135573315
265	0.060872	140.917	147.00000709637587
266	0.050771	143.532	177.00025081514923
267	0.066728	145.585	138.99989696740735
268	0.059416	147.752	159.00021657913257
269	0.060708	148.688	144.99959647046165
270	0.051127	153.109	181.00046372192358
271	0.069278	153.561	137.9998827827378
272	0.062673	161.200	147.00000000000003
273	0.059644	162.734	147.99980336008454
274	0.062836	166.517	150.00030026964214
275	0.076802	164.198	127.00032887124081
276	0.061510	171.687	152.0004426660143
277	0.070145	169.022	140.00011832779165
278	0.064007	175.753	139.00018776350902
279	0.061574	177.734	147.99981995566407
280	0.104884	184.957	85.99998918667582
281	0.089814	187.790	108.99994674902817
282	0.097153	191.344	93.00004180951585
283	0.079148	193.594	110.99982437472237
284	0.099822	197.703	90.00015174276565
285	0.066574	196.919	137.99988827893702
286	0.123082	243.642	73.00013954901044
287	0.082378	247.559	106.00018581429073
288	0.054822	123.323	167.99948103760048
289	0.050467	124.526	186.00051394889422
290	0.057551	126.555	159.99999999999997
291	0.052726	128.356	172.00052977655895
292	0.058626	130.019	155.99950776424984
293	0.058488	132.238	157.00025711217654
294	0.068893	137.716	132.99979668302885
295	0.066137	140.271	138.00001425811467
296	0.071296	141.899	128.00019732344836
297	0.067947	142.294	140.99962050402686
298	0.076999	145.435	117.99979372228142
299	0.068149	148.374	133.00039090406676
300	0.079296	149.838	115.9999466090044
301	0.069879	152.397	127.99989501105665
302	0.076658	154.820	116.99974163544763
303	0.075131	157.159	120.99975184367425
304	0.084554	163.106	106.99974249874315
305	0.082369	165.580	108.99987921246527
306	0.086885	168.461	104.99997031953984
307	0.084521	170.909	107.00021648947686
308	0.096670	172.657	94.00024325686186
309	0.089103	175.446	102.99978340914015
310	0.091465	178.577	100.0
311	0.091279	181.377	101.00012680769886
312	0.103264	189.925	88.99986836909305
313	0.094671	192.209	97.00014047209027
314	0.104845	194.477	87.00000514199623
315	0.096188	198.165	95.99979814800797
316	0.105443	201.544	86.00007938713134
317	0.092700	204.335	97.00002446962097
318	0.108931	250.693	81.99989628749107
319	0.109420	253.887	83.99996848991874
320	0.049465	126.165	184.99980184678793
321	0.048834	126.926	191.0002678726187
322	0.053664	128.519	170.00054466654734
323	0.052031	131.321	171.00006853435477
324	0.057398	132.492	159.00054342903724
325	0.056258	135.252	164.00053233963268
326	0.064165	138.350	148.0
327	0.060700	140.922	156.00048253643862
328	0.066033	142.532	142.00039289422725
329	0.067530	147.282	135.0002036908787
330	0.067911	146.609	139.00033422231922
331	0.068764	149.358	137.9999732187094
332	0.075189	152.815	122.99970552628997
333	0.068007	155.942	133.99982044606327
334	0.074907	157.567	119.99974613973738
335	0.076465	159.812	120.99967461767577
336	0.079119	163.377	120.9998959461858
337	0.078018	166.669	121.99989200151197
338	0.082049	171.429	111.9997200007
339	0.081176	175.762	112.00031861266942
340	0.086138	178.083	107.00010669182349
341	0.084950	180.991	107.99984529617494
342	0.084208	182.978	106.99974860365725
343	0.087951	185.845	104.99986547929727
344	0.095139	195.924	95.00010208039852
345	0.089620	198.751	103.00023647679761
346	0.095735	201.194	95.99988071214847
347	0.095146	204.657	96.99985829949622
348	0.102360	208.394	90.00019194410588
349	0.094086	212.184	97.99984918749765
350	0.105203	260.745	86.99994247253063
351	0.103074	258.129	93.00001162209593
352	0.047788	127.434	192.0005649983521
353	0.048245	129.770	189.99999999999997
354	0.051952	130.656	175.99957139358315
355	0.050111	133.578	181.00061387354205
356	0.054333	134.717	168.0003266105985
357	0.053646	137.653	169.99992735356295
358	0.062099	142.427	148.99983851376496
359	0.060250	145.974	152.00035622782138
360	0.065415	146.798	140.99987738252565
361	0.061789	150.124	148.00031973568517
362	0.066146	151.591	137.00021769102386
363	0.065980	154.091	140.00038938030124
364	0.069518	155.827	131.9995892881208
365	0.069797	158.639	131.99969742623188
366	0.070909	161.483	128.99995665178378
367	0.071229	163.917	128.000146415564
368	0.077099	170.012	118.99983530574313
369	0.077998	173.077	118.00008088885293
370	0.077430	176.206	117.99995459859483
371	0.078317	179.597	115.99971046286964
372	0.080898	181.292	111.99997793614722
373	0.081816	184.529	112.0002817985249
374	0.082770	187.440	110.00000000000001
375	0.082585	190.502	110.99988451564813
376	0.089531	200.252	101.99998002516828
377	0.085531	204.400	106.0
378	0.087129	206.583	104.99992738995948
379	0.090200	211.210	100.99995265375692
380	0.094890	213.804	96.00007483489551
381	0.089107	217.760	101.99990815576783
382	0.097389	264.543	93.0000037801038
383	0.096742	260.626	99.00009975980909
384	0.047421	129.106	190.9996437036234
385	0.047050	130.986	192.00067182752358
386	0.049522	132.432	183.99933550803433
387	0.049030	134.895	186.00022239519626
388	0.052723	136.460	173.99970687380917
389	0.052279	137.938	178.99998550073224
390	0.058414	144.825	156.00000000000003
391	0.060098	145.869	156.00024679678341
392	0.061221	147.623	153.99971549148847
393	0.060799	150.002	152.99996000053332
394	0.063841	151.530	146.0001319870653
395	0.063267	154.556	146.99979295530423
396	0.066461	155.896	141.000410530097
397	0.065864	157.976	144.00035448422545
398	0.070401	161.430	133.00006194635446
399	0.073492	166.106	125.00030101260641
400	0.074074	174.216	123.00018368002938
401	0.075277	176.170	120.00000000000001
402	0.076947	179.239	118.99977125513979
403	0.074665	179.282	125.00027889023994
404	0.079511	185.084	115.99976227010438
405	0.080020	188.388	113.99983013780071
406	0.080979	191.872	112.9998123749166
407	0.080775	194.712	113.000225974773
408	0.084685	205.600	107.0
409	0.085164	208.194	108.00023055419466
410	0.085194	212.052	107.00016976967913
411	0.087209	215.011	105.00020929161764
412	0.090021	221.200	102.00000000000001
413	0.086258	223.242	105.99976706892072
414	0.095262	272.009	96.00013234856199
415	0.094858	275.939	94.9999818800532
416	0.050066	132.023	183.00068927383865
417	0.050009	133.856	180.00014941429595
418	0.051143	134.459	179.0002900512424
419	0.052389	137.568	171.00052337752965
420	0.054368	137.545	173.0001090552183
421	0.055426	141.996	164.999718301924
422	0.060471	147.762	150.9995804063291
423	0.062335	151.222	145.00006612794434
424	0.064717	152.540	139.0002622263013
425	0.065463	155.521	140.00038579998844
426	0.065798	156.974	136.99975792169406
427	0.066461	160.490	134.99968845410928
428	0.066917	161.708	136.0000742078314
429	0.068750	165.601	131.9998067644519
430	0.071345	165.226	131.9998063258809
431	0.071568	171.175	126.00029209872936
432	0.077029	177.978	116.99985391452877
433	0.077850	182.112	116.00004392901072
434	0.079409	184.354	112.99998915130672
435	0.079598	184.066	119.99989134332252
436	0.082526	185.724	116.0000861493399
437	0.081693	194.236	111.00002059350481
438	0.083078	196.706	109.00023385153479
439	0.085107	195.741	110.99973945162229
440	0.086902	210.348	106.00005704831993
441	0.086048	214.628	104.99981363102673
442	0.088671	218.593	103.00009606895006
443	0.089852	223.102	100.99999103549048
444	0.088211	226.389	103.00014576679962
445	0.090860	231.769	98.999866246133
446	0.095920	277.718	94.99996399225112
447	0.097998	282.748	91.99994341250867
448	0.048107	131.592	189.9993920603076
449	0.048032	134.087	186.9994854087272
450	0.050071	135.355	180.00000000000003
451	0.051925	138.360	175.99956634865566
452	0.053706	140.165	170.00035672243428
453	0.055301	142.681	166.00037846664935
454	0.059249	148.575	153.00016826518595
455	0.062261	151.823	146.00027663792704
456	0.064074	153.476	144.0003648778962
457	0.062473	156.278	146.0000767862399
458	0.065043	158.446	141.00008835817883
459	0.066515	162.158	136.99971632605238
460	0.066804	163.164	137.00019612169353
461	0.071542	167.147	125.99986837933078
462	0.074170	169.462	122.00021243700654
463	0.073217	172.613	123.00000579330643
464	0.079996	177.174	117.99981938659171
465	0.076306	184.129	118.99972302027383
466	0.078497	186.921	114.99991975219478
467	0.079120	190.486	113.99997900108146
468	0.081099	192.827	111.00001555798721
469	0.080157	197.013	113.00015735002259
470	0.080318	199.058	113.99993971606266
471	0.083969	203.634	108.00013750159601
472	0.085625	209.939	110.00004763288383
473	0.087307	217.604	103.99992647193984
474	0.086354	223.130	104.99977591538564
475	0.087783	226.307	103.99987627426462
476	0.088628	226.206	105.99984085302778
477	0.090253	234.889	101.00004683063064
478	0.095785	284.984	94.00001403587571
479	0.099585	287.854	92.00011116746684
480	0.050297	136.230	179.0002202158115
481	0.050621	137.852	177.99959376722862
482	0.052451	139.315	174.9998205505509
483	0.052289	141.936	174.00025363544134
484	0.057916	143.743	157.0003408861649
485	0.056447	144.682	167.00004147025894
486	0.064050	150.788	145.9996816722816
487	0.061325	154.304	152.99992223143923
488	0.062689	155.727	149.99967892529875
489	0.064576	159.174	145.99997487026775
490	0.066094	163.122	136.0000490430475
491	0.066280	164.287	140.0001217381777
492	0.067533	168.796	135.00023697244012
493	0.071348	171.575	126.99985429112634
494	0.074644	174.777	120.99990273319717
495	0.077468	177.732	116.99975243625232
496	0.080035	185.696	114.00030156815441
497	0.077827	185.875	120.0
498	0.078318	192.915	115.99979265479615
499	0.082919	196.048	110.00010201583285
500	0.085826	200.359	106.99993511646595
501	0.081835	198.520	114.99999999999999
502	0.085890	207.545	106.00014454696571
503	0.083498	211.006	106.99980095352738
504	0.086934	222.966	104.99986545033772
505	0.086790	226.085	103.000199040184
506	0.089656	230.317	101.99985237737552
507	0.091557	234.608	98.0000681988679
508	0.094137	235.789	102.00009330375887
509	0.089211	243.397	101.00001232554222
510	0.098663	297.090	92.00006731966745
511	0.101400	298.139	89.99996645859817
512	0.053627	136.673	171.00012438447973
513	0.051918	138.541	175.00018045199616
514	0.055752	139.911	162.00012865321526
515	0.056233	142.710	160.99992992782563
516	0.058965	144.661	153.00046315178244
517	0.062023	147.009	147.99978232625213
518	0.064316	153.565	140.0
519	0.067931	156.944	132.99966867162811
520	0.069487	158.435	129.99968441316628
521	0.067996	162.365	132.99972284667263
522	0.069841	161.341	136.00014875326173
523	0.071842	164.273	130.99961649205895
524	0.072517	168.764	124.99999999999999
525	0.075334	172.030	122.00023251758415
526	0.077100	175.237	118.00019402295177
527	0.077680	174.191	120.999936850928
528	0.079670	181.576	119.99988985328457
529	0.082162	189.310	109.99999999999999
530	0.084382	193.978	107.99987627462907
531	0.084643	196.733	106.00001016606264
532	0.086386	200.183	104.99992506856228
533	0.089459	203.900	101.0
534	0.087479	207.080	105.0
535	0.090280	209.881	101.00009052748939
536	0.092276	224.180	98.99991078597554
537	0.091917	227.258	98.00007040456221
538	0.094132	231.893	96.99990944099217
539	0.094079	233.738	97.000059896123
540	0.095861	235.102	100.0
541	0.096572	243.246	93.99990133445154
542	0.102843	297.260	90.00000000000001
543	0.102784	299.318	88.00005345485404
544	0.054102	137.083	166.99955501411554
545	0.055003	136.873	168.99972967641537
546	0.057241	139.848	158.00011440993077
547	0.058835	142.662	156.00019626810223
548	0.061987	144.376	146.9995013021555
549	0.059874	147.637	151.99983743912432
550	0.066892	153.534	135.00006513215314
551	0.067358	157.944	132.99967076938663
552	0.069196	158.295	130.0003158659465
553	0.071811	162.385	125.99993841795732
554	0.071329	163.983	126.99974997408268
555	0.073954	164.730	128.00036423238026
556	0.076379	166.274	122.99998797166124
557	0.077738	172.149	116.99980830559574
558	0.077843	175.176	117.00004566835639
559	0.079217	177.971	115.0001966612538
560	0.083720	186.917	108.99971645168712
561	0.085703	190.336	103.99976882985878
562	0.085371	193.927	106.00019595002243
563	0.090112	195.992	101.00004081799258
564	0.086102	199.450	106.00000000000001
565	0.091935	203.298	98.9999901622249
566	0.089230	206.751	101.99999032652804
567	0.091737	206.227	103.00009213148618
568	0.097278	223.559	93.99979423776274
569	0.094725	226.373	94.99984538792171
570	0.093896	231.351	96.00001728974588
571	0.097365	234.743	92.00018743902908
572	0.101050	241.680	88.99991724594504
573	0.097512	243.395	92.99985620082582
574	0.107690	298.282	84.00004023038602
575	0.104536	299.386	86.00001336067818
576	0.055781	135.745	162.99974216361562
577	0.054582	138.616	164.00054827725512
578	0.058759	140.369	153.00030633544444
579	0.060664	142.365	150.99989463702454
580	0.063876	143.297	145.9995673321842
581	0.062338	147.886	144.00010819144475
582	0.067190	153.903	133.99998700480174
583	0.069087	158.598	131.99977301100895
584	0.074125	159.086	122.00005028726599
585	0.076153	160.039	125.00015621192337
586	0.073967	164.062	120.99998780948665
587	0.076420	167.164	118.99990428561175
588	0.080117	168.847	112.9999348522627
589	0.082686	172.417	109.00027259492974
590	0.080349	175.221	112.00027393976748
591	0.079984	178.292	111.99997756489356
592	0.090714	186.921	100.0
593	0.088634	186.101	107.99995701258995
594	0.090285	192.825	100.0
595	0.089863	196.976	100.0
596	0.090615	200.247	99.00023471013297
597	0.092283	204.595	96.99992668442533
598	0.095693	207.698	94.99995185317142
599	0.096392	210.298	94.99995244843032
600	0.100969	218.179	93.99988083179407
601	0.098364	226.976	92.00003524601719
602	0.098180	232.329	92.000137735711
603	0.100382	233.787	90.99992728423736
604	0.097685	240.170	91.99983345130532
605	0.100701	243.666	89.99983584086414
606	0.108298	297.060	83.99986534706794
607	0.110983	299.735	80.99988323018665
608	0.059663	137.362	153.9996505583786
609	0.058385	138.846	155.00050415568327
610	0.061716	139.770	145.99985690777706
611	0.062352	142.807	144.99989496313208
612	0.065572	144.630	137.99972343220634
613	0.065508	147.404	138.00032563566796
614	0.071498	154.092	128.0001557511097
615	0.074116	158.343	121.99970949142053
616	0.073424	155.948	129.999743504245
617	0.073669	162.508	122.00014768503704
618	0.076814	163.933	118.00003660031842
619	0.079180	167.741	114.00015500086442
620	0.080873	169.371	112.99986420343507
621	0.081389	172.462	111.00010437081792
622	0.083926	174.814	108.99985127049322
623	0.085568	178.852	105.999932905419
624	0.087978	185.908	101.99991393592529
625	0.088414	189.539	102.00011607109883
626	0.089693	193.430	100.99984490513364
627	0.092647	196.978	97.99977662480073
628	0.093980	200.458	96.00015963443714
629	0.094323	198.809	101.9999094608393
630	0.097950	208.468	92.99988487441718
631	0.098547	211.724	91.00007557008182
632	0.099407	217.119	95.99988946153952
633	0.104363	225.720	86.99982278929647
634	0.100251	231.051	90.00004328048786
635	0.104194	235.109	87.00007230688745
636	0.105399	235.351	90.0000424897281
637	0.105399	244.340	85.99983629368913
638	0.111352	297.477	80.99987562063622
639	0.110770	301.248	81.99988049713193
640	0.060021	137.297	150.9996576764241
641	0.059043	138.597	155.00046898562016
642	0.062309	138.285	150.00036157211557
643	0.061698	140.707	150.9995949028833
644	0.065586	142.953	141.9998181220401
645	0.067767	145.120	139.00013781697905
646	0.070675	151.117	133.00025807817784
647	0.075235	157.896	119.99987333434667
648	0.076305	159.006	117.99994968743319
649	0.080742	162.587	113.99988929004165
650	0.080949	164.078	111.99978059215739
651	0.081747	167.912	111.99973795797797
652	0.080057	168.491	114.00015431091273
653	0.085170	172.816	106.00002314600499
654	0.086100	175.037	107.00023423619005
655	0.089893	174.891	105.99973697903266
656	0.088994	185.221	100.99988662192732
657	0.094225	190.254	96.00008409810044
658	0.092785	193.253	98.00003104738349
659	0.093759	197.133	96.9999949272826
660	0.100325	199.891	90.00005002726486
661	0.098228	198.660	96.99989932548073
662	0.099694	207.506	89.99980723448961
663	0.101695	211.493	88.00007565262209
664	0.100493	222.958	89.99991029700662
665	0.101928	226.402	89.00009717228646
666	0.103805	232.106	86.9999052157204
667	0.105135	228.559	89.99995624762096
668	0.106508	239.957	84.00005000895995
669	0.105448	244.843	86.00000816849982
670	0.117336	294.638	76.99991175612107
671	0.114088	300.285	79.99999999999999
672	0.060931	137.640	150.00000000000003
673	0.061837	139.016	147.0003452839961
674	0.063014	138.370	147.99956637999566
675	0.065126	141.338	144.0001981066663
676	0.068320	142.807	137.99953783778108
677	0.069982	148.857	128.99964395359305
678	0.075682	154.478	119.00011652144643
679	0.075025	158.291	119.99987365042865
680	0.078628	159.565	115.00015667596277
681	0.079610	162.477	114.99966149054943
682	0.081050	164.361	111.99980530661168
683	0.083852	167.685	108.00011927125264
684	0.083484	169.552	107.9999056336699
685	0.085440	172.664	104.99988416809528
686	0.085839	175.017	105.99998857253867
687	0.089623	178.498	101.00001120460733
688	0.090264	190.353	101.00024690968884
689	0.096153	192.076	96.00002082509006
690	0.093774	197.378	96.00006079704931
691	0.095052	197.895	94.99987367038075
692	0.097108	200.782	93.99996015579086
693	0.098064	203.667	92.00017675912152
694	0.101636	208.232	90.00009604671713
695	0.103461	210.141	87.99996193032298
696	0.102999	223.925	88.0
697	0.104710	219.651	92.00003642141397
698	0.111706	231.229	82.99996972698061
699	0.109682	234.213	83.00008966197436
700	0.111086	241.127	81.99994193930999
701	0.108464	243.006	83.00000823024946
702	0.117136	295.791	76.9999763346417
703	0.118351	299.955	76.00006667666817
704	0.061885	137.729	146.99954257999403
705	0.061001	137.729	153.99952079808898
706	0.067381	140.384	134.00031342603148
707	0.065128	143.875	138.00034752389226
708	0.070091	142.893	133.99956610890666
709	0.069781	149.902	128.99961308054597
710	0.073626	154.499	124.00015534081128
711	0.080501	158.809	112.99989295317017
712	0.077988	159.505	116.00012538791887
713	0.079982	163.443	113.99998776331809
714	0.081144	164.554	111.00003646219479
715	0.082019	167.914	110.9996784068035
716	0.085500	169.664	106.00009430403622
717	0.086695	172.288	104.99976783060922
718	0.088554	171.512	108.00002332198329
719	0.090873	178.623	99.0001287628133
720	0.095126	187.874	94.99984031851135
721	0.096048	190.135	94.99986851447656
722	0.096895	193.774	93.00009289171922
723	0.095753	197.626	95.0001518018884
724	0.101335	201.557	89.99985115872929
725	0.101600	203.482	90.00009828879213
726	0.106296	208.188	85.00009606701636
727	0.106509	210.293	86.00000951054005
728	0.108208	223.874	83.9999285312274
729	0.107879	226.951	82.99985459416351
730	0.106081	229.834	85.0000435096635
731	0.109523	233.737	81.99985453736466
732	0.111269	241.055	81.99995851569143
733	0.108732	243.904	82.99986880083968
734	0.125277	296.985	72.99998316413287
735	0.122298	301.138	73.99996015115994
736	0.061938	138.083	148.00011587233766
737	0.063450	139.124	142.99976998936202
738	0.067048	140.271	135.00010693585986
739	0.067511	143.983	136.00008334317246
740	0.070335	145.092	129.00022054972018
741	0.071459	149.529	125.99963886603936
742	0.077404	154.341	117.00001943747935
743	0.076817	158.331	117.99963367881212
744	0.080938	159.566	112.00005013599389
745	0.080583	162.542	111.99997539097588
746	0.085144	164.455	107.99975677236932
747	0.086244	163.998	110.00012195270675
748	0.088087	169.444	102.99981114704565
749	0.088309	172.808	101.99990741169391
750	0.091319	175.504	99.00002279150334
751	0.089549	179.226	100.99985493176213
752	0.096496	187.668	92.99987211458532
753	0.094170	189.927	96.00004212144667
754	0.097943	193.024	92.99983421750663
755	0.100075	196.766	89.99979671284675
756	0.102912	200.878	87.00006969404316
757	0.100593	198.378	94.99994959118452
758	0.107272	207.348	83.99984567008121
759	0.106838	209.814	85.00004766126189
760	0.111404	222.421	81.99990108847636
761	0.109622	225.489	82.00000886961226
762	0.112413	230.891	81.00012560039153
763	0.115837	232.386	79.00002581911131
764	0.115638	240.772	77.9999335470902
765	0.114379	243.040	80.0
766	0.123418	295.461	73.99995261641976
767	0.125248	300.571	71.9999600759887
768	0.061577	137.750	149.00036297640654
769	0.063182	139.287	142.99970564374277
770	0.066177	139.745	136.99953486707932
771	0.068333	143.230	138.00041890665364
772	0.070078	144.044	131.00024992363444
773	0.072742	149.690	124.00026721891909
774	0.076573	154.319	119.00025272325509
775	0.078983	158.534	114.00015138708417
776	0.081612	158.520	111.99974766590967
777	0.084608	163.734	105.99997557013204
778	0.083732	163.737	108.00002442942035
779	0.087404	167.963	103.99969040800651
780	0.087712	168.464	104.00026118339822
781	0.091658	172.420	100.00000000000001
782	0.089631	174.979	102.00024002880346
783	0.095148	178.932	94.99977645138937
784	0.095717	186.422	94.0001716535602
785	0.098563	185.947	95.99993546548211
786	0.097135	192.917	93.00009848795077
787	0.102793	196.111	88.00016317289698
788	0.102780	199.411	88.00016047259179
789	0.106173	203.869	85.00017167887222
790	0.105359	206.841	85.99987429958277
791	0.107704	204.442	88.99981412821239
792	0.107522	221.464	84.00010836975761
793	0.112518	226.693	79.99982354991111
794	0.110217	233.664	81.00006847439057
795	0.114450	226.915	84.00017627746074
796	0.110386	238.380	81.000083899656
797	0.119400	244.652	75.00000000000001
798	0.121109	292.848	74.99999999999999
799	0.126872	299.911	71.0000633521278
800	0.061380	137.222	147.00048097243882
801	0.065081	140.022	138.99958577937753
802	0.065597	139.850	136.9996424740794
803	0.070732	143.205	135.0001745749101
804	0.071147	143.960	126.99986107252015
805	0.073772	149.620	123.00026734393796
806	0.078001	153.059	116.00036587198402
807	0.079906	160.086	112.99988756043626
808	0.081380	158.135	111.0000948556613
809	0.082818	163.556	108.9999755435447
810	0.083567	163.852	107.99990235090203
811	0.085290	168.017	105.99998809644262
812	0.086620	168.884	104.9998815755193
813	0.091177	172.863	100.0
814	0.090665	174.238	100.0
815	0.092812	178.899	98.99999441025383
816	0.094411	186.027	95.00018814473168
817	0.101344	190.626	88.99992655776232
818	0.097726	192.868	92.00022813530498
819	0.101580	197.282	89.0000101377723
820	0.100478	198.897	89.99984916816243
821	0.104602	204.859	86.99983891359423
822	0.103019	206.814	86.99991296527314
823	0.111195	211.610	81.9999054865082
824	0.108705	220.925	83.00011316057484
825	0.112174	226.372	80.99985863976109
826	0.113445	230.343	79.00001302405543
827	0.116871	234.712	77.99984662053922
828	0.115599	239.750	80.0
829	0.122507	244.136	74.00014745879345
830	0.121975	296.018	72.99995270557872
831	0.130275	298.870	70.0
832	0.063511	136.910	143.00051128478563
833	0.067057	140.961	135.00046112045175
834	0.066627	139.344	136.00011482374555
835	0.072782	145.558	125.99994503909095
836	0.069628	144.703	131.00004837494728
837	0.076442	150.033	120.00026660801291
838	0.076379	153.374	118.99996087994055
839	0.081672	159.089	111.00013200158403
840	0.081361	158.531	110.99974137550385
841	0.086663	163.734	105.00018322400966
842	0.084942	163.797	107.00012820747632
843	0.088009	168.650	102.99970352801661
844	0.089434	168.857	101.00025465334572
845	0.091349	173.577	100.0
846	0.092440	173.977	100.0
847	0.096168	178.720	95.00000000000001
848	0.097248	188.465	92.99976122887539
849	0.100737	190.919	89.9999476217663
850	0.102568	193.397	87.99981385440313
851	0.103269	196.717	88.00002033377896
852	0.105171	200.386	86.00001996147437
853	0.107563	203.470	84.00009829458888
854	0.107858	206.448	85.00009687669534
855	0.110315	210.889	83.00006164380314
856	0.109271	223.325	83.00011194447555
857	0.115056	227.459	79.00017145947182
858	0.117162	231.362	77.99984439968534
859	0.115705	235.887	78.0000593504517
860	0.120793	242.455	74.99989688808232
861	0.121406	235.708	79.99983029850492
862	0.128378	297.334	70.99995291490379
863	0.131334	299.419	68.99996326218444
864	0.062297	137.096	144.99985411682326
865	0.070339	141.502	130.00028268151686
866	0.066750	139.228	137.99954032234896
867	0.072862	145.724	127.00035683895584
868	0.072524	143.321	125.99967904215015
869	0.078053	150.567	116.00018596372378
870	0.078449	153.860	116.99987001169893
871	0.083496	159.293	108.99976772362879
872	0.083975	158.999	110.00006289347733
873	0.085606	164.164	106.00009746351212
874	0.089088	164.780	102.00024274790628
875	0.090266	168.801	101.99998815172897
876	0.088329	169.817	103.00028854590529
877	0.092597	173.947	97.99996550673481
878	0.094062	175.286	96.99976039158861
879	0.096337	174.577	100.0
880	0.100961	186.761	90.00005354436955
881	0.103591	190.362	87.00003151889558
882	0.105247	188.643	90.99993108676176
883	0.105395	196.948	85.99985783049333
884	0.104742	201.370	85.99990068033966
885	0.107269	200.509	88.00003989845843
886	0.108884	202.599	87.99994076969779
887	0.113241	209.370	81.9998089506615
888	0.115512	222.601	80.00008984685603
889	0.118794	226.552	76.99998234400933
890	0.116082	234.249	77.99990608284348
891	0.116683	235.362	77.00011046812995
892	0.125384	245.585	71.99991856180141
893	0.118315	244.199	75.99990171949925
894	0.132196	305.678	69.00005888549389
895	0.132591	300.399	68.99989680391745
896	0.061610	136.715	148.9997439929781
897	0.069782	142.748	131.00008406422506
898	0.067614	138.848	135.00014404240608
899	0.072866	143.047	133.000342544758
900	0.070908	143.572	127.99988855765748
901	0.076031	150.660	120.00000000000001
902	0.082989	153.610	111.9998698001432
903	0.083931	159.703	107.9998497210447
904	0.083377	159.742	111.0002378835873
905	0.088475	163.915	102.99972546746791
906	0.087770	165.108	102.99985464059887
907	0.090986	168.650	100.0
908	0.091478	169.764	100.0
909	0.092858	173.077	97.99973422234035
910	0.096089	176.353	94.00010206801132
911	0.097715	178.871	92.99998322813647
912	0.106330	184.091	91.00010320982557
913	0.106760	190.292	84.99989489836672
914	0.109147	196.381	82.99988288072676
915	0.107963	196.648	85.00010170456856
916	0.106685	202.410	86.00019761869473
917	0.110626	203.554	83.00008842862336
918	0.111786	210.991	81.00013744662094
919	0.112740	210.232	81.00003805319837
920	0.117671	227.378	75.99987685703982
921	0.115407	226.072	79.00005308043455
922	0.120851	237.263	74.99989463169562
923	0.117167	236.473	78.00002537287556
924	0.125141	246.599	71.99988645533843
925	0.121394	244.448	74.99999999999999
926	0.136862	308.430	66.00006484453523
927	0.134779	297.337	67.00007062693173
928	0.063422	137.125	143.00018231540565
929	0.070257	142.652	130.00028040265823
930	0.065064	139.858	139.00027170415706
931	0.073141	147.103	124.000190342821
932	0.072278	144.723	126.00001381950344
933	0.078107	150.998	117.00022516854528
934	0.082636	154.463	109.99980577873019
935	0.084910	159.942	107.99977491840792
936	0.085992	161.018	105.99995031611374
937	0.086688	164.262	104.99993912164713
938	0.088153	167.369	101.99977295676021
939	0.089841	168.922	101.99973952475106
940	0.095209	167.477	101.00013733229041
941	0.092584	171.817	100.0
942	0.098306	177.808	92.99975254206784
943	0.099398	179.377	92.00008919761173
944	0.104780	191.560	86.00020881186052
945	0.102751	190.302	89.00011560572145
946	0.108826	198.423	83.99983872837322
947	0.104896	197.972	87.00018184389711
948	0.111629	207.137	81.00001448316814
949	0.109894	204.481	82.9998875201119
950	0.114758	213.750	80.0
951	0.113650	210.956	80.99982934830012
952	0.122786	233.291	73.99985425927275
953	0.116449	226.883	77.00003966802272
954	0.124123	242.811	72.99998764471133
955	0.119179	235.264	76.99988098476604
956	0.129209	251.728	71.00004767050149
957	0.120126	243.654	75.99998358327792
958	0.138331	311.365	66.00003211664766
959	0.129881	298.516	69.99993300191613
960	0.065417	137.761	139.00015243791785
961	0.070582	143.891	129.99979150885045
962	0.068996	140.835	131.99985798984628
963	0.074135	147.685	123.00030470257643
964	0.072854	144.433	124.99982690936281
965	0.078637	151.449	116.99978210486698
966	0.083877	156.013	108.99989103472147
967	0.083017	159.911	109.99993746521503
968	0.086925	162.403	104.99990763717419
969	0.088408	164.530	103.0000607791892
970	0.091948	168.572	100.0
971	0.092148	169.155	100.0
972	0.094660	172.907	97.00012145257277
973	0.093479	171.868	100.0
974	0.098854	179.084	90.99975430524223
975	0.099274	179.155	92.00022327035248
976	0.105979	193.078	85.99995856596816
977	0.103280	189.884	89.0001263929557
978	0.109502	200.804	82.9998406406247
979	0.105098	196.061	86.99996429682598
980	0.109274	208.864	82.99994254634595
981	0.108331	203.389	84.00011800048183
982	0.113277	214.289	79.99990666809775
983	0.112339	209.783	81.99997139901708
984	0.120068	234.561	75.9998465218003
985	0.115571	226.766	80.00008819664323
986	0.124316	241.267	73.00003730307087
987	0.116879	233.787	78.00005988356924
988	0.124834	250.916	73.00012753272011
989	0.121693	243.317	75.00010274662272
990	0.138551	308.455	65.00008104909955
991	0.130594	295.997	70.00003378412619
992	0.079161	145.832	115.00013714411104
993	0.092916	156.707	99.00004466935108
994	0.083851	148.977	109.00004698711881
995	0.090714	159.708	100.0
996	0.087024	152.579	105.00003276990935
997	0.104377	167.059	88.00004788727337
998	0.094687	165.789	96.99980095181225
999	0.111938	177.626	81.99981984619369
1000	0.099233	172.193	92.00025552722816
1001	0.117575	183.256	78.00017461911206
1002	0.102401	176.634	90.00022645696752
1003	0.090906	178.176	103.99997755028735
1004	0.108472	184.520	85.0
1005	0.124005	191.919	73.99996873681084
1006	0.112622	191.249	81.00016209235082
1007	0.128416	197.028	71.00006090504903
1008	0.117885	204.338	78.00017617868434
1009	0.136415	208.494	69.0000671482153
1010	0.115552	210.504	77.99994299395736
1011	0.139951	218.698	66.00014632049675
1012	0.120520	217.416	75.99992640836001
1013	0.139908	228.529	65.00006563718391
1014	0.123819	227.956	73.00005264173788
1015	0.148228	236.557	61.00009722815221
1016	0.132983	247.610	69.00004038609102
1017	0.155045	255.598	58.00006259829889
1018	0.135051	255.897	69.00002735475603
1019	0.157397	263.993	59.00004924372995
1020	0.135413	263.996	66.99987878604222
1021	0.160491	275.040	57.00007271669575
1022	0.153494	335.634	58.000083424206125
1023	0.171998	339.346	52.00002357475851
