-1	0	90	0
0	0.031777	103.109	348.9996023625484
1	0.030589	103.691	363.00064615058204
2	0.034130	104.308	325.00095869923683
3	0.032538	104.573	340.99911066910204
4	0.036518	105.229	303.0010738484638
5	0.034612	105.530	320.0
6	0.041168	107.133	268.99928126720994
7	0.038474	107.689	287.99970284801606
8	0.043464	108.419	256.00033204512124
9	0.040400	108.220	280.0
10	0.045624	109.506	242.9994703486567
11	0.042109	109.930	264.00072773583184
12	0.047786	110.528	232.0000361899247
13	0.043844	110.864	253.0009741665464
14	0.049915	111.855	222.0008046131152
15	0.045338	112.149	244.9999554164549
16	0.054055	114.847	205.000565970378
17	0.048770	114.982	228.0000347880538
18	0.056048	116.609	196.9993739762797
19	0.050207	116.471	221.00007727245406
20	0.058061	118.008	190.99976272795067
21	0.051520	117.602	215.0005952279723
22	0.059922	119.584	185.0005017393631
23	0.052743	119.212	211.00057041237457
24	0.063743	122.716	174.0001303823462
25	0.054897	122.274	202.00042527438376
26	0.065539	124.383	169.0005868969232
27	0.056334	123.720	197.0004849660524
28	0.067194	126.162	165.00055484218703
29	0.057536	125.559	193.00010353698264
30	0.081884	154.802	135.0001937959458
31	0.067656	154.730	165.00032314354038
32	0.054719	107.427	201.9994973330727
33	0.053217	107.501	207.9999255820876
34	0.058605	108.270	188.9997229149349
35	0.056793	109.194	194.99972525962963
36	0.062827	109.527	176.0004382481032
37	0.060352	110.584	184.00039788757866
38	0.070920	112.751	155.99950333034738
39	0.067366	113.438	164.00059944639364
40	0.074782	114.095	147.99947412244182
41	0.070893	115.139	156.00013896247145
42	0.078675	115.903	139.99982744191263
43	0.073919	115.930	148.99939618735442
44	0.082303	117.300	135.0
45	0.076971	117.817	143.9995925885059
46	0.085951	119.282	129.00018443688066
47	0.079924	119.622	138.99951513935565
48	0.093284	122.288	119.00022896768284
49	0.085151	123.273	130.0000811207645
50	0.096707	124.483	114.99963850485608
51	0.087633	125.102	126.00038368691148
52	0.100295	126.645	110.00039480437444
53	0.090001	126.777	123.00022874811677
54	0.103670	128.650	107.00038865137971
55	0.092444	128.938	120.00031022662056
56	0.110261	133.035	100.0
57	0.096686	133.330	113.99984999624989
58	0.113196	135.918	96.99966156064686
59	0.098691	135.516	112.00005903361965
60	0.116686	138.040	94.00028977108084
61	0.100673	137.848	110.00014508734256
62	0.138418	169.101	79.00012418613728
63	0.114830	167.356	96.0001434068692
64	0.072261	110.385	152.9999547039906
65	0.070593	111.250	156.99955056179775
66	0.077643	111.624	143.00060918798823
67	0.075606	113.251	146.00047681698175
68	0.083109	112.989	132.9996725344945
69	0.080357	114.616	137.99993020171704
70	0.093761	116.439	117.99998282362439
71	0.089659	118.049	122.99977128141703
72	0.098973	118.420	111.99966221921973
73	0.093956	120.231	116.99977543229284
74	0.104147	120.859	106.00038060880863
75	0.098137	121.971	112.99981143058596
76	0.109145	122.183	101.00013913555895
77	0.101706	123.966	109.00004840036785
78	0.113968	124.680	97.00032082130252
79	0.105148	125.642	104.9999204087805
80	0.123643	129.257	89.0002088861725
81	0.111478	130.166	98.99973879507705
82	0.128443	131.067	86.00028992805206
83	0.114790	131.780	97.0003035361967
84	0.132982	133.518	83.0000449377612
85	0.117951	134.436	94.00011901573983
86	0.137527	135.820	80.0
87	0.120715	137.127	91.0003135779241
88	0.146205	141.571	76.00002825437413
89	0.126006	142.148	87.99983116188761
90	0.150199	144.455	74.00020767713129
91	0.128714	145.021	85.00010343329588
92	0.154462	147.849	71.00014203680783
93	0.131030	147.706	83.99997291917728
94	0.181100	182.861	60.999885158672434
95	0.148472	182.255	74.999862829552
96	0.086334	113.323	128.00049416270306
97	0.084488	114.084	130.99996493811577
98	0.092733	114.023	118.99967550406498
99	0.090256	115.867	122.00022439521175
100	0.099120	115.723	112.00020739178902
101	0.095933	117.968	114.9998304624983
102	0.112224	119.770	98.99974951991318
103	0.106691	121.733	103.99973712961975
104	0.118198	122.012	92.99986886535751
105	0.111709	123.983	98.9998628844277
106	0.124296	124.480	88.99983933161954
107	0.116032	126.287	95.00027714649963
108	0.130044	126.492	83.99977864212755
109	0.120435	128.493	91.00028795342936
110	0.136042	129.328	81.00024743288382
111	0.123790	131.187	88.99967222361971
112	0.147556	133.957	75.00018662705196
113	0.130809	135.506	83.99997048101191
114	0.153172	136.992	70.99976640971735
115	0.134111	138.362	82.00011563868694
116	0.158875	139.523	69.00009317460204
117	0.137074	141.550	80.0
118	0.163767	142.528	67.00016838796587
119	0.141059	144.218	77.99997226421112
120	0.174280	148.881	62.9999798496786
121	0.146742	149.875	76.0
122	0.179191	152.221	61.00012481852044
123	0.149416	153.523	73.00013678732178
124	0.183768	155.550	59.99999999999999
125	0.152190	157.196	71.9999236621797
126	0.207812	188.758	53.000137742506276
127	0.167183	189.347	65.99998943738215
128	0.097289	114.979	113.9999478165578
129	0.095571	116.204	115.00034422222988
130	0.104453	116.258	105.00008601558604
131	0.101626	117.861	109.0004327131112
132	0.111926	118.144	99.00037242686889
133	0.107631	120.534	102.99998340717141
134	0.126261	122.886	87.0001464772228
135	0.118477	125.504	93.00022310045894
136	0.133441	125.084	83.00022384957309
137	0.123191	125.205	96.00015973802964
138	0.140513	127.545	77.99992159629934
139	0.127937	129.880	87.00030797659379
140	0.147078	129.983	74.99980766715647
141	0.131805	132.156	83.9999697327401
142	0.153490	132.558	72.00018105282217
143	0.136743	135.279	79.99985215739324
144	0.166060	138.512	66.00005775672865
145	0.143062	140.849	77.00019169465172
146	0.172446	141.388	63.99977367244744
147	0.146429	143.632	75.0
148	0.178443	144.405	60.999965375160144
149	0.150808	146.127	73.00019845750613
150	0.180691	148.564	60.999973075576854
151	0.152460	149.019	72.00021473771801
152	0.194765	155.886	55.999897360891936
153	0.159769	156.071	69.00000640734025
154	0.199749	159.036	55.000125757690085
155	0.160528	160.397	68.0000249381223
156	0.204446	162.889	53.999963165100155
157	0.164768	163.704	67.00019547475932
158	0.225684	199.177	48.00002008264006
159	0.178065	200.184	60.99988011029853
160	0.105337	116.673	105.00029998371518
161	0.103827	118.123	107.00033016432025
162	0.113052	117.965	96.99995761454669
163	0.109985	120.650	101.00041442188147
164	0.120976	120.322	90.99998337793586
165	0.115702	122.805	96.0001628598184
166	0.136757	125.359	79.99984045820405
167	0.125870	128.140	87.00015607928829
168	0.144503	128.492	76.0000622606855
169	0.131247	130.538	84.0000612848366
170	0.151163	130.748	72.99996940679782
171	0.134580	132.617	82.0000452430684
172	0.158594	133.387	70.00007496982465
173	0.139464	135.851	78.99978653083159
174	0.165737	136.821	66.00010232347374
175	0.141973	139.071	77.00023728886684
176	0.178572	143.916	61.000166763945636
177	0.148671	144.707	72.99992398432695
178	0.185273	146.686	59.00017724936258
179	0.151972	147.872	72.00010820168794
180	0.190691	149.347	57.999825908789596
181	0.156740	150.669	71.00000663706535
182	0.196198	152.480	55.0
183	0.157595	154.531	70.00019413580446
184	0.205451	161.649	53.000018558729096
185	0.164639	161.375	66.9998450813323
186	0.209873	164.985	51.9998787768585
187	0.165466	166.008	65.99983133342971
188	0.214175	169.133	51.000100512614324
189	0.169463	170.940	65.0
190	0.231482	207.091	47.00011106228662
191	0.178266	206.610	61.99990319926431
192	0.109714	118.517	100.00000000000001
193	0.108526	120.112	101.9998001864926
194	0.117656	120.015	93.99991667708203
195	0.113972	122.642	97.000211999152
196	0.126323	122.568	86.999869460218
197	0.120039	124.834	91.99977570213244
198	0.142145	127.436	77.00021971813302
199	0.129348	130.201	86.00010752605587
200	0.150594	130.282	73.00010745920387
201	0.133939	132.782	81.99981925260954
202	0.157970	133.458	68.9999850140119
203	0.138065	136.404	79.99985337673381
204	0.165242	136.390	66.99978004252512
205	0.143291	138.905	76.00014398329793
206	0.171905	139.881	64.00011438293978
207	0.145947	142.164	75.0
208	0.184957	146.663	60.00013636704553
209	0.153878	148.396	71.99991913528667
210	0.191015	149.974	56.9998799791964
211	0.155372	152.418	71.00014433990737
212	0.196367	154.095	54.99983776241929
213	0.159994	155.558	68.99998714305919
214	0.201256	158.013	53.99998734281357
215	0.162650	159.949	67.00010628387798
216	0.209842	166.919	52.00007189115678
217	0.165548	168.602	65.99981020391218
218	0.213884	170.641	51.000052742306956
219	0.169854	172.558	65.00017385458803
220	0.217960	176.566	49.99999999999999
221	0.169919	179.000	64.0
222	0.236640	216.863	46.00000922241231
223	0.181096	219.355	60.0
224	0.111668	120.509	99.00007468321867
225	0.111255	121.835	99.00028727377192
226	0.119943	121.575	92.0
227	0.116421	123.999	94.99995967709417
228	0.128457	124.626	85.99971113571806
229	0.122694	126.661	90.00007895090043
230	0.145313	129.258	75.99993810827957
231	0.131384	132.090	84.00030282383224
232	0.153326	132.983	71.00005263830714
233	0.137077	135.002	81.00028147731145
234	0.161042	135.876	68.0002355088463
235	0.141554	138.605	78.00007214746944
236	0.168373	138.383	65.00003613160575
237	0.143907	142.633	75.99994391199792
238	0.174990	142.144	63.000196983340835
239	0.149333	145.545	73.999793878182
240	0.187634	149.662	58.00002672689126
241	0.156135	152.450	70.0
242	0.193637	153.419	57.00011080765746
243	0.157041	156.024	70.00012818540738
244	0.198298	157.436	55.999898371401706
245	0.162304	160.538	68.00009966487686
246	0.203545	161.613	53.999987624757914
247	0.162344	164.476	68.00019455726063
248	0.211993	171.004	50.99997660873431
249	0.169320	175.063	65.00002856114656
250	0.216324	175.724	50.99986342218479
251	0.169936	178.837	64.99997204157977
252	0.220175	182.598	49.99999999999999
253	0.173732	185.844	63.000150663997765
254	0.237125	226.567	46.00007944669789
255	0.183586	229.000	59.0
256	0.115842	122.132	94.99967248550747
257	0.116807	123.573	94.00030751054032
258	0.124143	123.548	89.00022663256385
259	0.125358	128.239	87.00005458557848
260	0.133156	126.511	82.99989724213705
261	0.137855	134.842	80.00029664347902
262	0.150307	132.863	73.00000752654991
263	0.152762	142.151	72.0001969736407
264	0.158634	136.391	70.00021995586219
265	0.158810	145.186	68.9997658176408
266	0.166624	139.615	66.00007162554166
267	0.163926	146.745	66.9998977818665
268	0.174048	143.629	62.99981201567929
269	0.167513	148.914	65.99983883315203
270	0.181102	147.856	60.999891786603186
271	0.172846	150.841	63.000112701453844
272	0.194186	156.237	56.999942395207285
273	0.182187	158.875	60.0
274	0.199533	161.165	55.00015512052865
275	0.185607	164.741	58.99988466744769
276	0.204813	165.989	53.9999638530264
277	0.191569	168.540	57.999881333808
278	0.209330	171.011	53.000099408809966
279	0.194503	174.264	56.00009181471789
280	0.218298	182.502	50.0
281	0.204433	185.836	52.99995695129038
282	0.222409	188.514	49.00007426504133
283	0.207516	190.845	53.000078597814976
284	0.226298	195.202	48.000020491593325
285	0.210330	196.990	52.00010152799634
286	0.246608	248.818	44.000032152014725
287	0.231914	250.521	47.000051891857375
288	0.118246	121.991	93.0003033010632
289	0.129935	129.931	83.9999692144292
290	0.126698	125.229	86.99981633647158
291	0.146358	138.376	75.0
292	0.136128	127.948	81.99971863569576
293	0.152639	141.075	72.0
294	0.154037	134.294	71.00019360507542
295	0.163820	144.715	67.99986179732578
296	0.162477	138.000	67.0
297	0.169128	146.260	65.0
298	0.170763	141.620	64.99999999999999
299	0.173760	149.003	63.00007382401698
300	0.178852	145.719	62.00015097550766
301	0.178692	150.130	60.99980017318324
302	0.186542	149.592	58.99981282421519
303	0.182680	152.512	59.999868862778015
304	0.199557	157.282	54.99993641993362
305	0.192828	160.904	56.99982598319495
306	0.205206	163.938	52.99991460186169
307	0.197991	165.623	56.0000724537051
308	0.210653	169.083	51.99990537191793
309	0.204710	171.046	54.000093542088095
310	0.215535	173.449	51.00000576538348
311	0.209180	175.979	53.000073872450685
312	0.223691	184.488	48.99993495511903
313	0.218447	189.480	50.0
314	0.228719	191.540	47.999895583168005
315	0.223378	194.777	48.00002053630562
316	0.232809	199.028	46.9999196093012
317	0.227190	200.894	47.99994026700648
318	0.253848	252.600	43.0
319	0.252229	254.779	43.0000117749108
320	0.119104	124.605	92.00032101440553
321	0.145429	137.207	75.9997667757476
322	0.127722	126.365	86.00007913583667
323	0.153070	139.822	72.00011443120539
324	0.137081	129.860	81.00030802402587
325	0.160450	142.400	69.0
326	0.155795	136.721	70.00021942496032
327	0.171881	145.548	64.00019237639816
328	0.165459	141.145	66.00021254738036
329	0.177838	147.902	60.99985125285663
330	0.173942	144.959	64.00016556405603
331	0.183827	149.527	59.99986624489223
332	0.182058	148.552	59.99986536700954
333	0.188353	152.078	57.99984218624653
334	0.189119	152.731	58.000013094918515
335	0.192893	153.577	57.00007162530848
336	0.202361	161.093	53.999863432923846
337	0.203435	162.668	52.99997541003762
338	0.207915	166.692	53.000143978115325
339	0.209422	167.970	52.99994046555933
340	0.213231	171.458	51.99990668268614
341	0.215323	173.186	51.00008083794302
342	0.217731	176.668	49.99999999999999
343	0.219822	178.982	50.0
344	0.226058	189.543	48.99996306906612
345	0.230561	190.357	47.00011031903213
346	0.231198	196.394	46.999908347505524
347	0.234313	196.394	46.999908347505524
348	0.233699	201.936	47.00003961651216
349	0.240598	204.376	46.00001957176968
350	0.255820	261.116	43.00004595658635
351	0.266664	262.083	40.99998855324458
352	0.119202	126.153	92.99977012040935
353	0.151232	138.437	72.00026004608594
354	0.128353	128.090	85.99968771957218
355	0.158215	140.576	69.99985772820396
356	0.137693	131.093	79.99969487310535
357	0.165515	142.593	66.99978259802376
358	0.157389	139.249	69.99978455859647
359	0.178084	147.674	60.99990519658166
360	0.168061	144.026	65.00006943190813
361	0.185117	149.271	59.0000736914739
362	0.176213	147.758	62.000027071292244
363	0.189951	150.998	57.000092716459825
364	0.183849	150.830	59.99999999999999
365	0.194890	153.925	55.99999999999999
366	0.191115	154.081	58.00001298018576
367	0.200399	155.093	54.999903283836154
368	0.203487	163.900	54.0
369	0.212009	164.762	51.99985433534432
370	0.210038	168.575	52.0
371	0.217436	170.450	50.0
372	0.214402	174.714	50.99991986904312
373	0.224439	175.157	49.00003996414645
374	0.220727	181.320	49.00011030222811
375	0.229948	182.036	47.000043947351074
376	0.229540	192.156	48.00006244925998
377	0.241036	193.613	46.00001032988488
378	0.233972	199.836	47.00004003282691
379	0.245528	200.447	44.99992516725119
380	0.236959	207.685	45.99995185015769
381	0.249606	209.272	43.000019113880505
382	0.260641	264.267	41.99994702327571
383	0.280790	264.218	38.999992430493
384	0.119294	127.289	93.00018069118305
385	0.154822	139.428	71.0000860659265
386	0.128109	128.938	86.00024818129646
387	0.162320	141.543	67.00013423482616
388	0.137383	132.120	80.0
389	0.169721	143.611	64.99989555117645
390	0.159222	142.355	69.00003512345896
391	0.182561	149.117	59.99986587713004
392	0.168120	146.891	64.99989788346461
393	0.189772	150.258	56.999960068681865
394	0.176537	150.384	61.99994680285137
395	0.195427	153.732	56.00005203861265
396	0.183755	153.045	60.00000000000001
397	0.201672	155.239	53.99996134991851
398	0.191378	157.130	56.99993635842932
399	0.205439	157.689	52.999892192860635
400	0.203251	165.819	52.99995778529602
401	0.218150	167.242	50.00000000000001
402	0.208982	172.992	52.00009248982612
403	0.224082	171.788	48.99993014645959
404	0.213278	177.847	51.00001686843186
405	0.230659	177.215	47.99988714273622
406	0.218968	183.082	50.00000000000001
407	0.235790	184.980	46.00010811979674
408	0.227458	196.749	48.99999491738205
409	0.247500	197.050	44.0
410	0.231591	204.404	48.000039138177335
411	0.251896	203.707	42.99999509098853
412	0.236145	214.165	46.00004669297038
413	0.258189	211.860	41.999905598036435
414	0.260349	272.733	42.00005133225535
415	0.281107	267.816	37.99997012874511
416	0.118388	128.658	93.0000466352656
417	0.156977	140.591	70.00021338492506
418	0.127862	130.515	86.00007661954565
419	0.165385	142.841	65.99995799525345
420	0.137097	133.796	81.00017937755987
421	0.173223	145.097	62.99992418864621
422	0.159839	144.013	69.00002083145272
423	0.187007	150.379	58.00011969756416
424	0.169991	149.188	64.9998659409604
425	0.193968	152.550	55.99999999999999
426	0.177286	152.637	62.00003930894868
427	0.199430	155.898	55.00006414450474
428	0.183734	156.128	60.000128100020504
429	0.205823	157.496	53.00007619241123
430	0.190244	158.298	58.0001010751873
431	0.210554	160.042	52.000099973756896
432	0.202411	168.454	53.99990501858074
433	0.223201	169.976	48.9998588035958
434	0.208468	175.004	52.999931430138744
435	0.228895	175.157	47.00011989243935
436	0.213233	181.386	51.0000771834651
437	0.235091	180.849	46.99998341157541
438	0.218131	186.792	50.0
439	0.240661	187.396	44.999893274136056
440	0.227907	202.660	48.00009868745683
441	0.253249	200.156	42.99996003117568
442	0.232497	207.687	47.00005296431649
443	0.258240	206.633	42.00006775297266
444	0.234823	218.185	45.99995416733506
445	0.263263	217.190	41.000046042635475
446	0.258297	275.686	41.99995647221839
447	0.294875	272.365	36.9999816422815
448	0.119043	130.006	93.00032306201253
449	0.158733	140.809	68.99985086180571
450	0.127983	132.095	86.00022710927742
451	0.166871	143.994	65.99997222106477
452	0.137472	135.314	79.99985219563386
453	0.174697	147.176	63.00008153503289
454	0.160887	147.499	67.9997830493766
455	0.188848	152.091	58.000144650242284
456	0.169984	151.744	63.9998945592577
457	0.196098	154.389	56.00010363432627
458	0.177452	155.274	60.99990983680462
459	0.201756	156.278	53.9999232137601
460	0.183674	158.598	60.00012610499501
461	0.208422	158.785	52.9999685108795
462	0.190057	160.988	57.99997515342758
463	0.213812	161.602	50.99998762391555
464	0.202868	170.861	54.0000351162641
465	0.226379	171.327	48.00002334716653
466	0.207218	179.432	53.00002229256766
467	0.232140	176.753	47.00005091851341
468	0.213177	185.012	50.99993513934231
469	0.238858	182.557	45.99987948969363
470	0.216895	191.670	50.0
471	0.245078	189.224	45.00010569483787
472	0.226235	205.557	49.00003405381476
473	0.256782	204.421	42.000088053575716
474	0.229795	213.606	47.00008426729586
475	0.262253	211.724	41.00007557008181
476	0.234688	224.537	45.99999109278204
477	0.266033	222.305	40.99997750837813
478	0.257004	282.129	41.99993619939814
479	0.299465	278.997	37.00003942694724
480	0.119144	129.608	92.99966051478303
481	0.160156	142.735	68.99989491014817
482	0.127651	132.537	86.00013581113198
483	0.167883	144.849	65.00010355611707
484	0.137268	136.240	80.99970640046975
485	0.175776	148.183	62.99980429603936
486	0.161359	149.716	68.00008015175399
487	0.190677	153.535	57.000032565864466
488	0.170000	153.128	64.00005224387442
489	0.198108	155.535	54.99983926447423
490	0.177198	157.184	61.999949104234524
491	0.204133	158.275	53.000157952930024
492	0.183625	160.708	60.0001244493118
493	0.210094	161.279	51.99995039651784
494	0.189780	163.298	58.00009798037942
495	0.215217	163.204	50.0
496	0.201568	174.331	54.00014914157551
497	0.228249	174.527	48.00002291908988
498	0.208633	180.342	52.99985582947954
499	0.235012	180.053	47.00004998528211
500	0.212477	186.885	51.99989298231533
501	0.240838	186.709	45.999925017005076
502	0.217076	194.060	50.0
503	0.247274	194.236	44.000082374019236
504	0.226505	209.173	49.000109956829995
505	0.258938	207.955	41.99995191267342
506	0.230119	219.015	46.99997717051344
507	0.264530	217.715	40.99993110258824
508	0.233775	227.036	47.00003523670255
509	0.270433	224.046	41.00006248716782
510	0.256559	289.321	42.000062214633566
511	0.302794	288.269	34.99994796526855
512	0.119307	131.162	93.00025922142083
513	0.160012	142.570	68.99978957704987
514	0.128355	132.476	85.99972825266462
515	0.168296	145.147	65.99998622086575
516	0.137480	136.525	80.0
517	0.176308	147.854	62.999986473142414
518	0.162420	149.496	66.99978594745009
519	0.190535	152.668	57.00015720386722
520	0.170759	154.187	64.0002075401947
521	0.197476	155.530	56.000128592554496
522	0.177488	156.956	60.99989806060297
523	0.204243	158.372	54.000075770969616
524	0.184617	160.890	58.999937845733115
525	0.209876	161.444	52.000074329179164
526	0.189811	162.616	57.99982781522113
527	0.215281	163.027	51.000141080925246
528	0.202296	173.357	54.000126905749404
529	0.228238	174.044	47.999931051917905
530	0.207829	180.204	52.99993340880335
531	0.235101	179.132	46.99997767009803
532	0.213708	187.769	50.99989881183795
533	0.241444	186.326	46.000021467750074
534	0.217421	195.522	50.99988748069271
535	0.247157	192.516	43.999979222506184
536	0.225438	210.081	48.00005712082483
537	0.259409	209.943	41.99997142081422
538	0.229329	218.846	47.999963444614025
539	0.264087	216.763	41.00007842666875
540	0.232817	229.440	47.00008716875872
541	0.268559	228.385	40.0
542	0.256578	291.305	41.99996567171864
543	0.299895	288.967	35.999958472766785
544	0.119571	131.002	93.00010686859743
545	0.160322	142.342	69.0000140506667
546	0.128456	132.919	85.9997442051174
547	0.168556	145.141	65.99995866088838
548	0.138368	136.768	79.99970753392606
549	0.176461	148.302	61.999838168062475
550	0.162480	149.584	67.99991977751631
551	0.191092	153.454	57.0001433654385
552	0.171098	153.456	64.00010426441456
553	0.197903	155.393	54.9999034705553
554	0.177763	157.321	61.999987287139035
555	0.204015	158.228	53.00010111990292
556	0.184349	159.997	58.99985624730463
557	0.210076	159.898	52.00002501594767
558	0.191583	163.693	56.99999389100328
559	0.215593	162.580	49.99999999999999
560	0.203290	175.420	54.00011401208529
561	0.228222	173.244	47.999930733531905
562	0.208099	181.850	52.00000000000001
563	0.234688	180.857	45.99987835693393
564	0.213903	187.500	52.0
565	0.240978	185.409	44.999973032592806
566	0.218072	195.014	50.0
567	0.247831	191.830	43.999895741020694
568	0.227037	210.285	48.000095109018716
569	0.258772	206.179	41.99991269721941
570	0.230046	218.660	46.99990853379676
571	0.263744	218.780	41.00009141603437
572	0.233443	227.621	47.00005711248084
573	0.268911	228.553	39.999912492944745
574	0.257617	289.000	43.0
575	0.301271	286.733	36.00004185078104
576	0.119711	130.839	92.99979363951115
577	0.160739	142.620	69.00014023278642
578	0.128409	133.155	85.99977469865945
579	0.168646	144.962	64.9997930492129
580	0.138395	136.199	79.99985315604373
581	0.176900	147.245	62.00006791402085
582	0.162365	148.753	67.99997310978603
583	0.191152	153.000	57.0
584	0.171132	152.870	64.0001308301171
585	0.198588	154.885	55.000161410078455
586	0.178624	157.108	61.00007638057897
587	0.204894	158.008	52.999848108956506
588	0.184634	159.920	59.00012506253127
589	0.210824	159.771	52.00005007166508
590	0.191595	164.514	57.000012157020066
591	0.217143	162.573	50.999858525093344
592	0.203659	173.480	53.99988471293521
593	0.228469	174.798	47.99997711644298
594	0.208946	180.085	51.99988894133325
595	0.234974	180.350	46.0
596	0.213173	188.643	51.00003710712828
597	0.241048	184.802	45.00005411196849
598	0.218971	194.926	50.0
599	0.248086	192.498	43.99993766168999
600	0.227743	212.104	48.0000377173462
601	0.258924	207.400	41.99999999999999
602	0.230106	218.025	48.0
603	0.263850	214.261	40.99999533279505
604	0.234555	228.374	45.99998248487131
605	0.270151	227.827	40.00008778590773
606	0.258178	288.786	41.99995844673911
607	0.300354	284.641	36.999940275645464
608	0.120128	131.063	92.00003051967374
609	0.160539	142.581	67.99994389154236
610	0.129288	132.679	86.0000452219266
611	0.169024	144.826	65.0000690483753
612	0.138560	136.815	80.0
613	0.175969	148.339	61.999878656320995
614	0.162388	148.684	66.99981168114928
615	0.190940	152.196	57.000183973297595
616	0.171144	152.955	63.999869242587685
617	0.198587	155.427	55.000096508328674
618	0.178327	156.582	60.999987227139776
619	0.204906	157.234	52.999987280104804
620	0.184570	159.720	59.00012521913349
621	0.210328	160.198	52.00002496910073
622	0.191369	164.646	56.99986637999101
623	0.216719	162.864	50.0
624	0.203473	174.170	52.99994258483092
625	0.228097	172.796	47.99995370263201
626	0.209240	181.096	52.00004417546494
627	0.234994	179.987	45.999988888086364
628	0.213923	186.817	52.00008564531065
629	0.241148	185.447	44.999919114356125
630	0.219258	194.640	50.0
631	0.247570	195.023	43.99993846879599
632	0.227389	209.271	47.99996177205633
633	0.258499	208.474	41.99996162591019
634	0.231908	218.057	47.000096305094544
635	0.264189	216.567	41.99993535487862
636	0.235612	230.235	45.99995656611722
637	0.269813	224.139	41.000004461517186
638	0.261604	292.348	41.99994527070478
639	0.301578	286.736	36.00001395011439
640	0.119836	131.013	92.99993130452704
641	0.160875	142.558	68.99998597062249
642	0.129002	132.667	85.00003768834752
643	0.169252	145.525	64.99982820821165
644	0.138956	136.429	79.00006596837915
645	0.176821	147.006	62.00019046841625
646	0.162576	148.601	68.00021534175409
647	0.190697	153.491	57.000084695519604
648	0.170973	152.905	63.99986919982996
649	0.198462	155.480	55.0
650	0.179287	157.389	60.99981574315867
651	0.204474	158.400	53.0
652	0.185546	160.486	59.00016200790101
653	0.210537	158.742	52.000100792480886
654	0.192122	163.281	56.99989588500805
655	0.216401	162.114	50.0
656	0.204001	174.300	52.99999999999999
657	0.229004	174.031	48.00006895323247
658	0.210493	180.123	52.00002220704741
659	0.234958	179.504	46.00008913450397
660	0.214413	188.233	51.000090313600694
661	0.241684	184.871	45.00002704588605
662	0.219586	194.790	50.0
663	0.247012	194.064	43.999917552972214
664	0.227640	210.169	47.999942903092276
665	0.258262	208.063	42.999956743870854
666	0.231675	218.353	47.00004121766131
667	0.263875	215.795	42.000046340276654
668	0.234338	227.015	46.00004404995265
669	0.269459	227.230	40.00000000000001
670	0.260990	289.881	41.999993100617154
671	0.300608	284.778	35.999971907942324
672	0.120636	131.199	91.99993902392548
673	0.160396	142.529	68.99999298388398
674	0.129527	133.105	84.99981217835544
675	0.168831	144.057	64.99996529151656
676	0.138680	136.381	80.00014664799349
677	0.177354	147.292	61.99997284306004
678	0.163118	148.997	67.00000671154451
679	0.191546	151.891	57.000085587691174
680	0.172374	152.944	63.99989538654671
681	0.198638	156.216	55.00012802785886
682	0.179771	156.254	61.00003839901699
683	0.205172	156.964	53.00005096710074
684	0.185467	159.469	59.0001818535264
685	0.211022	160.427	51.999975066541175
686	0.191720	164.453	56.99987230394094
687	0.217214	162.776	51.00014744188332
688	0.204947	174.737	54.000011445772785
689	0.228842	173.604	48.00004608188751
690	0.210083	180.900	51.99999999999999
691	0.235145	180.139	46.00003330761245
692	0.215600	188.894	50.0
693	0.242221	184.682	45.00005414712859
694	0.218961	195.946	50.0
695	0.246901	192.268	44.000041608588006
696	0.228057	210.594	46.99991452747941
697	0.258337	208.693	41.99997124963463
698	0.232729	218.196	46.99994500357477
699	0.264483	218.234	41.00002749342449
700	0.237382	229.424	45.999982565032425
701	0.268842	225.173	41.000031087208505
702	0.259701	291.179	41.99993818235519
703	0.298800	281.944	36.00005674885793
704	0.120398	131.295	91.99969534254923
705	0.160714	142.946	69.00018188686637
706	0.129077	132.828	85.00015057066281
707	0.169685	145.698	65.00020590536589
708	0.138714	136.251	78.99978715752545
709	0.177036	148.297	61.99990559485357
710	0.163148	149.049	67.00011405645122
711	0.191069	152.909	56.999914982113545
712	0.171706	153.005	63.99986928531747
713	0.198982	156.391	54.999968028850766
714	0.179649	156.566	60.99983393584814
715	0.205697	158.008	52.999848108956506
716	0.185390	160.644	59.00002489977839
717	0.211261	161.552	51.99997524017036
718	0.192605	164.875	57.00015163002274
719	0.216416	162.686	51.00008605534588
720	0.204729	174.315	53.999942632590425
721	0.228377	172.529	48.000046369016225
722	0.209442	181.421	52.00004409632843
723	0.234892	180.535	45.999944609078575
724	0.214423	186.447	51.000016090363474
725	0.242255	186.729	44.99997322322724
726	0.219224	193.970	50.0
727	0.247547	193.486	44.00008269332148
728	0.228600	209.771	47.999961863174605
729	0.259343	205.962	41.999980578941745
730	0.233254	219.802	47.00002729729484
731	0.263422	216.355	41.99995377966768
732	0.236245	227.511	45.99997362764877
733	0.269049	224.200	41.00000000000001
734	0.260207	288.960	41.999930786267996
735	0.300453	281.425	35.99999999999999
736	0.120789	130.877	90.99994651466643
737	0.160294	141.871	69.00000704865688
738	0.129419	132.398	84.99977341047448
739	0.168980	145.554	64.99993129697569
740	0.139380	136.318	78.9998386126557
741	0.177262	147.713	61.99995938069094
742	0.162548	148.600	67.00000000000001
743	0.190573	152.681	58.00001309920684
744	0.172381	153.028	64.00005227801448
745	0.197882	155.193	54.999903346156074
746	0.179459	157.159	61.00000636298272
747	0.205756	158.451	52.999981066702006
748	0.186881	160.025	59.00015622558975
749	0.211837	160.694	52.00007467609245
750	0.192603	163.186	56.99998774404667
751	0.217180	162.220	50.0
752	0.205749	175.540	52.99988606585394
753	0.228891	173.289	47.00009810201456
754	0.210342	181.960	51.99989008573312
755	0.235326	179.096	46.99993299682851
756	0.215909	187.006	50.99996791546795
757	0.241908	186.796	44.99989293132615
758	0.221199	195.498	50.0
759	0.247719	191.450	44.0
760	0.229315	212.562	46.999934136863594
761	0.258540	208.683	42.00006708740051
762	0.233747	219.289	47.00007752326839
763	0.264353	214.646	41.0000652236706
764	0.237698	230.213	46.000008687606694
765	0.269448	225.176	40.999928944470106
766	0.261053	290.719	42.000006879495324
767	0.299951	283.047	36.00002826385724
768	0.120990	131.425	91.00019022256039
769	0.161202	142.442	69.00001404080257
770	0.129635	132.911	84.9997366658892
771	0.164535	142.928	67.00016791671332
772	0.139176	136.337	78.99983130038068
773	0.177710	147.747	61.999905243422866
774	0.163606	148.594	67.00001345949366
775	0.191947	153.151	56.999954293475064
776	0.171734	153.159	62.99988900423743
777	0.198955	154.602	54.99993531778373
778	0.179890	157.056	60.99989812550937
779	0.206283	158.143	53.00013279120796
780	0.186109	159.132	59.00007540909433
781	0.212105	160.535	51.99987541657582
782	0.193303	163.689	57.000164946942064
783	0.217110	162.663	50.99992008016574
784	0.205331	175.474	54.00002279539989
785	0.229837	173.202	48.00002309442155
786	0.211277	181.758	51.99991197086235
787	0.237032	177.972	45.99993257366327
788	0.216288	188.922	50.999883549824794
789	0.242773	185.069	44.99997298304957
790	0.220025	195.578	48.99988751291045
791	0.249419	194.357	43.999958838632004
792	0.230096	210.634	47.00000949514323
793	0.260656	209.295	42.00004777945006
794	0.232813	220.504	47.00005442078149
795	0.266665	214.468	41.00005595240316
796	0.236482	227.400	46.99999999999999
797	0.270038	223.978	39.999910705515724
798	0.259857	286.098	41.99994407510713
799	0.304041	281.757	35.000017745788035
800	0.120636	130.766	90.99995411651348
801	0.161616	141.988	68.00011268557907
802	0.129784	132.421	85.00011327508477
803	0.170154	144.286	65.00006930679345
804	0.139688	136.380	78.99985335093122
805	0.178224	147.561	62.0001219834509
806	0.161674	147.779	68.00018947211714
807	0.192666	152.561	55.99989512391764
808	0.171281	152.347	63.99994748829974
809	0.200210	155.969	55.00003205765248
810	0.179063	156.529	62.000012777185056
811	0.206184	157.798	54.000050697727474
812	0.185443	159.529	58.99993104701967
813	0.212620	159.933	51.00010629451083
814	0.192195	163.293	56.99999387603878
815	0.217807	162.226	50.0
816	0.203308	174.264	53.000045907358945
817	0.231219	172.947	46.999947960936005
818	0.210046	181.940	52.000109926349346
819	0.237651	179.217	47.00000557982781
820	0.214847	187.120	50.99989311671655
821	0.244799	186.248	43.99993556977793
822	0.218641	193.542	50.0
823	0.251341	192.014	42.99998958409282
824	0.227554	211.919	47.99994337459123
825	0.262921	207.376	42.00003857727027
826	0.230653	217.609	46.999894305842126
827	0.266916	216.543	39.999907639591214
828	0.235576	229.302	46.00003488848767
829	0.272129	222.368	39.9999100590013
830	0.259188	290.569	42.00000688304671
831	0.304065	282.894	36.00005655828685
832	0.120660	130.942	92.00027493088542
833	0.162039	141.676	68.00022586747227
834	0.129600	132.416	86.00018124697921
835	0.170304	145.318	65.00020644379912
836	0.139489	136.980	78.9998539932837
837	0.178325	147.913	61.99995943561418
838	0.160630	147.350	68.0
839	0.193059	152.682	56.00005239648421
840	0.170674	151.969	63.999894715369585
841	0.200554	154.958	55.000064533615564
842	0.178498	156.328	60.999948825546284
843	0.206487	157.858	53.00016470498802
844	0.184644	159.958	58.999862463896775
845	0.212969	159.896	51.00002501626057
846	0.190888	163.082	57.00015942899891
847	0.218828	162.968	50.0
848	0.203523	173.989	53.99996551506129
849	0.232119	174.117	47.00000574326459
850	0.208241	181.438	52.00013227659035
851	0.238999	180.328	46.00006654540615
852	0.213427	187.222	50.99988249244212
853	0.245839	186.270	44.000107371020555
854	0.218199	195.442	50.0
855	0.249746	191.716	43.99997913580504
856	0.226628	209.379	48.000038208225284
857	0.263246	206.776	40.999922621580836
858	0.231372	219.292	47.99992703792204
859	0.267809	215.659	40.99991189795001
860	0.234935	228.624	45.999982504024075
861	0.272489	225.020	39.99999999999999
862	0.251947	287.449	42.99997564785405
863	0.305783	279.922	36.00002857938997
864	0.120706	130.773	91.99987765058538
865	0.162333	142.497	68.00002807076639
866	0.129623	132.556	85.00030175925646
867	0.170815	144.440	65.0
868	0.139461	137.232	78.99979596595546
869	0.179326	147.244	61.00010866317133
870	0.160804	146.178	67.99997263610119
871	0.194060	153.042	57.000039204924136
872	0.170407	152.302	63.999816154745176
873	0.200728	154.976	53.999974189551935
874	0.177265	155.187	62.00003866303234
875	0.208220	157.719	52.00007608468225
876	0.183987	159.557	59.999874652945344
877	0.213776	159.000	51.0
878	0.190662	163.167	58.00008580166333
879	0.219447	161.712	50.00000000000001
880	0.202893	175.096	54.00009137844383
881	0.232583	172.028	46.99990699188505
882	0.208538	181.108	51.999911654924134
883	0.239435	179.031	45.000027928124176
884	0.213886	188.349	51.00000530929285
885	0.245863	185.668	44.000043087661844
886	0.217688	195.324	50.0
887	0.251391	192.257	43.99995838903134
888	0.226443	208.377	48.00001919597652
889	0.262094	205.805	41.99995141031558
890	0.230152	217.633	48.00007351826239
891	0.269866	215.861	40.9999953673892
892	0.234326	228.504	47.00005251549207
893	0.274292	224.343	39.99991085079544
894	0.255702	289.465	43.000017273245476
895	0.307127	283.825	36.00000000000001
896	0.120708	131.189	92.0000914710837
897	0.162882	141.918	67.99983088825941
898	0.129276	132.389	85.00026437241765
899	0.171472	144.991	63.99983447248449
900	0.139015	135.903	78.99972774699602
901	0.179478	147.733	60.999912003411566
902	0.159758	146.266	68.00008204230649
903	0.194845	152.949	57.00004576688961
904	0.170375	151.723	65.00003295479262
905	0.201217	154.876	53.99997417288669
906	0.177333	156.040	62.00012817226352
907	0.208622	157.367	52.00010167315893
908	0.183821	159.247	59.99987440893705
909	0.213891	159.073	52.00002514568782
910	0.189791	162.825	56.99984646092431
911	0.219508	162.072	50.0
912	0.201759	173.722	54.99994243676679
913	0.233399	172.413	46.99993619970651
914	0.206828	180.615	52.00011073277413
915	0.240958	178.573	45.0000839992608
916	0.212095	187.616	50.99991471942691
917	0.247351	186.161	44.0000859471103
918	0.217400	194.916	50.0
919	0.252139	192.316	43.00006239730444
920	0.226697	210.669	47.999943038605586
921	0.264073	204.517	41.00001466870725
922	0.229796	219.389	47.00007748793239
923	0.269340	215.030	40.0
924	0.233629	225.883	46.99999557292934
925	0.274073	220.780	40.0
926	0.254041	284.902	43.00004913970418
927	0.306580	280.625	36.0
928	0.119762	130.717	93.000145352173
929	0.163012	142.216	68.00008437869157
930	0.129143	132.355	85.00018888595068
931	0.171217	144.684	64.00016587874264
932	0.138927	135.701	79.00015475199152
933	0.179415	147.536	61.0000271120269
934	0.159629	146.712	68.99980914989914
935	0.194442	152.588	55.99981649933153
936	0.170562	151.828	64.00005269120321
937	0.202074	155.136	55.000128919141915
938	0.176485	155.354	61.000038621470964
939	0.208471	157.451	52.999980946453185
940	0.183182	159.022	59.00001257687615
941	0.214351	159.988	52.000150011250845
942	0.189795	162.364	57.99992609199084
943	0.220236	161.788	48.99992582886246
944	0.200774	173.581	54.000149785978884
945	0.234124	173.796	46.999930953531724
946	0.206444	179.866	53.00001111938887
947	0.240079	179.840	45.0
948	0.213123	187.584	51.00008529512112
949	0.246974	186.886	44.00008561368963
950	0.216631	193.625	51.00012911555842
951	0.253693	191.195	43.000078453934464
952	0.225313	209.554	48.000038176317325
953	0.264373	206.698	41.99992259238115
954	0.229900	216.594	46.999916895204855
955	0.269819	213.715	40.0
956	0.229298	224.946	47.999964435909064
957	0.275633	221.883	39.999909862404955
958	0.255921	286.926	42.99993726605466
959	0.305601	280.031	35.000053565498106
960	0.120571	130.960	91.9998472816127
961	0.163422	142.604	68.00019634792852
962	0.129225	132.867	85.00003763161659
963	0.171738	145.594	63.99989010536149
964	0.138625	136.189	78.99977237515512
965	0.180245	146.879	60.99987064182083
966	0.158747	145.854	68.99982173954776
967	0.195268	152.250	56.0
968	0.170426	151.639	64.00002637843826
969	0.202225	154.756	53.99984491715991
970	0.176224	155.395	63.00009652820231
971	0.209263	157.832	53.00002534340312
972	0.183551	160.095	60.00000000000001
973	0.214540	159.290	51.00006277857995
974	0.189768	163.293	58.00003674376734
975	0.221082	162.084	50.0
976	0.201887	174.181	54.00014927001222
977	0.234582	172.134	47.00001161885508
978	0.207384	179.317	52.9999944232839
979	0.240393	178.818	44.999944077218174
980	0.210931	187.562	51.999872042311345
981	0.246263	184.300	43.99999999999999
982	0.215690	195.076	51.00012302897332
983	0.252335	191.721	42.99998435226188
984	0.223941	209.761	49.00005244063482
985	0.263659	204.976	40.99992194208102
986	0.228387	217.287	48.000110452995344
987	0.270495	217.893	40.999940337688685
988	0.234478	227.036	47.00003523670255
989	0.276187	223.123	39.000013445498666
990	0.251857	286.233	42.99993362051196
991	0.303414	281.903	34.99998226340266
992	0.123072	128.878	89.99984481447572
993	0.165835	138.317	65.99984094507543
994	0.132076	129.936	83.99981529368304
995	0.175054	141.030	63.00007090689924
996	0.142396	133.856	78.00023906287353
997	0.183453	144.010	60.00000000000001
998	0.165059	145.042	66.00019304753106
999	0.199686	149.113	54.99989940514912
1000	0.174051	150.483	62.999807287201875
1001	0.206768	152.494	53.00011803743098
1002	0.182567	153.265	60.0
1003	0.214874	154.267	50.99988980144814
1004	0.188000	157.479	58.0001143009544
1005	0.221182	156.886	48.99991076322935
1006	0.196603	160.411	54.999968830067765
1007	0.227056	158.308	48.00010106880259
1008	0.207773	171.006	51.99992982702361
1009	0.242708	170.340	45.0
1010	0.214336	176.386	51.00007937137869
1011	0.250690	175.591	42.9999259643148
1012	0.218687	183.230	50.0
1013	0.257041	181.053	43.00011598813607
1014	0.223351	189.218	49.00009512837046
1015	0.264161	188.888	40.999957646859514
1016	0.235529	207.230	46.00009651112291
1017	0.276433	202.800	40.0
1018	0.237625	213.322	45.99994374701156
1019	0.279533	208.495	38.99997601860956
1020	0.240287	222.750	46.0
1021	0.286489	217.647	38.000064324341714
1022	0.261932	282.781	41.99999292738904
1023	0.324934	278.682	34.00004305983164
