-1	0	90	0
0	6.748091	94.790	305.00052748180184
1	6.758891	96.006	300.00104160156656
2	7.297617	95.802	277.9994154610551
3	7.314821	95.681	278.0008570144543
4	7.862832	96.483	257.9998548967175
5	7.895038	96.429	258.00122369826505
6	9.009376	98.069	225.00076476766355
7	8.988832	98.243	225.99981678083938
8	9.570862	99.786	212.0006814583208
9	9.584623	99.062	211.00018170438713
10	10.141350	99.991	200.9990899180926
11	10.149154	100.019	201.00080984612924
12	10.710955	100.698	189.99980138632347
13	10.692669	101.738	192.00003931667618
14	11.237882	101.766	180.99954798262678
15	11.259840	101.959	179.99980384272106
16	12.352604	104.105	165.00072042649248
17	12.394269	104.419	163.9998467711815
18	12.969087	105.353	155.9993545508908
19	12.961934	105.425	157.00071140621296
20	13.489802	106.322	150.99979308139424
21	13.519260	106.569	150.9998217117548
22	14.051447	110.777	145.00031595006183
23	14.093646	107.868	144.00007416471985
24	15.201820	110.063	133.99961840037068
25	15.170568	110.118	133.9998910259903
26	15.774117	111.080	132.00036010082823
27	15.785548	111.347	128.9994342011909
28	16.366392	112.957	122.99990261781033
29	16.336363	113.025	124.0
30	21.293019	137.214	94.99978136341772
31	21.321259	137.384	95.00014557735982
32	13.238596	98.039	152.9993165984965
33	13.385415	97.227	151.99995885916462
34	14.488614	98.223	141.00058031214684
35	14.437149	98.257	140.99962343649815
36	15.609980	99.219	131.0001108658624
37	15.680252	99.287	128.00064459596925
38	17.835560	101.798	113.00025540776834
39	17.860874	101.827	113.00048120832392
40	19.021490	102.958	106.00050506031586
41	19.083518	104.516	106.00003827165219
42	20.132982	104.291	101.0000862969959
43	20.039294	104.114	100.99986553201298
44	21.234776	105.173	94.99966721496962
45	21.156659	105.254	96.00015201322515
46	22.206536	106.408	89.9998120442072
47	22.345127	106.362	91.99996239258381
48	24.514103	109.110	81.99981669874438
49	24.581053	108.972	83.00022024006168
50	25.755727	110.838	78.99998195564699
51	25.670133	110.925	76.99977462249268
52	26.858098	112.461	73.99987551239985
53	26.565406	111.904	76.99992851015156
54	27.870978	114.089	70.99983346334879
55	27.912296	118.582	71.99996626806767
56	30.109471	117.788	65.99993208136652
57	30.077992	117.703	66.00001699192033
58	31.007714	119.452	63.99976559622275
59	31.278059	119.519	63.000025100611616
60	32.358279	121.644	61.00013153135379
61	32.367427	121.463	61.999950602241015
62	40.067217	146.512	49.000081904553895
63	39.670931	145.794	49.99999999999999
64	20.033587	99.650	103.0005017561465
65	20.105093	99.560	98.99959823222177
66	21.773711	101.154	92.99978250983648
67	21.766894	101.114	92.00011867792787
68	23.279091	101.846	89.99960725016201
69	23.535838	102.076	85.99964732160352
70	26.744215	104.720	75.0
71	26.725803	105.130	73.99980975934558
72	28.520396	110.813	71.99967512836942
73	28.422267	106.344	72.00030091025353
74	30.067386	107.727	66.9999164554847
75	30.155401	107.935	65.99990735164683
76	31.619996	109.443	62.99991776541213
77	31.749545	109.250	64.0
78	33.399516	111.042	59.99981988797032
79	33.402464	110.175	62.99977308826867
80	36.867022	114.800	54.0
81	36.818916	114.778	53.99989545034762
82	38.361637	116.554	51.99993136228701
83	37.854001	116.136	52.999931115244195
84	40.044978	118.546	50.0
85	39.952710	118.364	50.0
86	41.638269	120.444	47.99990036863605
87	41.849057	120.837	48.00019861466272
88	44.423865	124.659	45.99988769362822
89	45.045576	124.784	44.00003205539171
90	46.678604	127.686	43.000015663424335
91	46.474902	127.498	42.999890194355984
92	48.361207	136.620	40.99985360854926
93	48.370596	130.713	39.99984699303054
94	60.102474	162.619	31.99995080525646
95	59.748908	160.803	33.00000621878945
96	26.686326	101.988	77.00023532180256
97	26.807126	101.706	77.00037362594144
98	29.015372	103.497	70.00009662115811
99	29.015572	103.561	70.00028968434063
100	31.200044	104.522	63.99992346108952
101	31.101049	104.914	63.00017156909469
102	35.701155	107.940	57.000185288123035
103	35.779923	107.911	55.99985172966611
104	37.844947	109.881	53.000063705281164
105	37.899477	109.559	54.00012778502907
106	39.838175	111.237	51.00011686758903
107	40.174934	111.714	49.00012532001361
108	42.203220	113.583	46.999991195865576
109	41.881403	113.560	48.000176118351526
110	44.595762	115.695	44.00017286831756
111	44.687993	115.757	43.999930889708615
112	48.946943	120.105	40.0
113	49.137415	119.922	40.99998332249296
114	51.112625	122.633	39.00010600735528
115	51.184692	130.615	39.000114841327566
116	53.656245	124.773	36.999991985445575
117	53.314980	125.211	36.99994409436871
118	55.780783	127.726	34.99992170740491
119	55.602738	127.247	36.00006286985155
120	60.313237	133.103	33.00000751297866
121	60.053655	133.191	32.99997747595558
122	62.324131	135.272	31.999970429948547
123	62.038403	135.953	32.00002942193258
124	64.529314	139.710	30.999928423162263
125	64.614341	139.497	30.99994981970938
126	75.660709	165.624	25.000000000000004
127	75.541313	165.996	27.00004819393238
128	33.325366	103.969	60.99991343573566
129	33.174598	104.120	60.999807913945446
130	36.216572	105.275	54.99976252671574
131	36.325250	105.933	54.99985840106482
132	39.134538	107.406	50.99994413719904
133	38.985703	107.373	50.999785793449
134	44.899279	111.620	44.00017917935854
135	44.807392	111.562	45.00008963625608
136	47.441163	113.795	42.00008787732325
137	47.585780	113.464	42.000105760417405
138	50.142965	115.468	39.99982679183843
139	50.066052	115.931	38.99992236761522
140	52.928299	118.124	37.99989841183841
141	53.137870	118.284	36.99993236616955
142	55.599871	120.508	36.00009957845123
143	55.540717	119.908	37.000033358908496
144	61.242278	124.900	32.0
145	61.153327	125.464	32.99990435503412
146	63.110580	128.169	31.999937582410716
147	64.250343	128.294	30.999890875645
148	66.803979	131.257	29.99992381358708
149	67.028743	131.090	29.999999999999996
150	69.885825	134.629	27.99991086615811
151	69.324253	133.668	27.999970075111467
152	75.086882	141.096	26.000028349492542
153	74.629808	140.781	27.000092342006376
154	77.720497	144.952	25.0
155	78.197995	145.044	24.999999999999996
156	80.391509	148.550	23.999999999999996
157	80.562221	148.846	23.99997312658721
158	93.947500	178.205	20.99997194242586
159	94.826638	179.624	20.999977731260856
160	40.044165	106.354	50.0
161	40.197512	105.454	50.0
162	43.329337	107.831	48.00011128525192
163	43.652288	108.352	46.00007383343178
164	46.798855	110.140	42.999818412929
165	46.444612	110.070	44.00018170255293
166	53.476106	114.618	38.00013959413007
167	53.035634	114.737	37.999947706493984
168	56.871084	117.400	35.0
169	56.800647	116.947	36.00006840705619
170	60.238887	120.055	32.99987505726542
171	59.723955	124.621	33.999887659383255
172	63.597053	122.319	31.999934597241637
173	63.446938	122.871	30.999991861383076
174	66.534900	125.440	30.0
175	66.173376	124.258	31.000016095543145
176	73.156064	131.552	26.999969593772807
177	73.739342	131.496	27.000060838352496
178	76.668344	135.172	25.000000000000004
179	76.661138	134.519	26.00004460336458
180	79.700718	137.456	25.000000000000004
181	80.088697	137.636	25.0
182	83.186530	142.122	22.99995778275003
183	82.588455	141.992	23.999943658797683
184	90.138003	149.073	21.999959751262804
185	89.902944	150.338	21.000013303356436
186	93.589183	153.329	20.99994130268899
187	93.539950	154.257	21.000019448063945
188	96.775533	156.520	20.0
189	96.301693	157.462	20.999987298522818
190	109.922324	188.335	17.000026548437624
191	110.127831	188.606	17.999957583533927
192	46.561987	108.050	44.0
193	46.730220	108.365	43.000046140358975
194	50.722678	110.969	39.000081103731674
195	50.781320	111.033	39.00011708230886
196	54.603508	113.419	36.999973549405304
197	54.092720	112.958	37.99996458860815
198	62.204814	118.078	32.00003387591253
199	62.062743	118.809	32.00010100244931
200	66.289046	120.797	29.999917216487166
201	66.163742	120.687	31.000024857689727
202	70.063221	124.089	28.000064469856312
203	70.181179	123.661	27.999935307008677
204	73.942512	126.744	27.00009467903806
205	73.934351	126.211	27.999936614082767
206	77.574221	141.738	26.000084663251915
207	76.794380	128.893	26.999914657894532
208	85.733077	137.570	22.999927309733227
209	85.528591	137.522	22.999956370617067
210	89.116443	140.174	22.999985732018775
211	88.639021	140.396	22.999943018319613
212	93.643238	147.095	21.00003399163806
213	93.972040	145.710	19.999999999999996
214	97.549214	148.255	20.0
215	96.961584	148.510	20.99993266446704
216	105.106830	155.705	19.999999999999996
217	104.789037	156.989	19.000057328857437
218	108.708812	163.111	18.000012261588736
219	108.870285	162.828	17.999975434200508
220	112.722289	168.322	18.000023763976188
221	113.231058	169.212	16.999976361014586
222	127.605097	198.188	15.999959634286638
223	127.471360	199.394	15.999979939215825
224	52.893800	110.389	38.00016305972515
225	52.995432	109.718	38.000145828396434
226	57.697104	112.794	36.00014185151692
227	57.774947	112.392	35.999893230834935
228	62.305611	115.394	31.999930672305318
229	62.265385	115.953	32.00003449673574
230	69.977679	120.852	28.99993380332969
231	71.202703	121.128	28.999900931246284
232	74.945175	124.796	26.000032052309365
233	76.009260	124.552	26.99996788489948
234	80.119811	127.748	24.999999999999996
235	78.338283	126.665	26.000078948407214
236	84.040400	130.076	25.000000000000004
237	84.983586	131.783	22.999931705910477
238	89.129307	135.314	21.999940878253547
239	88.691963	134.664	21.99994059288303
240	98.650016	142.235	19.999999999999996
241	98.229319	151.200	20.0
242	102.395768	146.521	19.00000682496025
243	102.407494	147.900	19.0
244	106.432441	151.505	19.000033002211147
245	106.547324	150.722	18.00002653892597
246	110.700241	155.917	17.999961517987135
247	110.893667	155.183	18.000038664028924
248	118.690656	165.865	16.99996985500256
249	119.126880	164.594	17.000012151111218
250	124.090981	173.088	15.999953780735812
251	120.403301	169.206	16.999988180088177
252	127.923010	179.553	15.00002784693099
253	128.848279	177.106	16.000022585344368
254	143.946672	214.514	14.000018646801605
255	145.248012	218.138	13.000027505524027
256	59.589257	113.431	35.00013223898229
257	59.431397	112.900	35.0
258	62.701496	116.078	32.00003445958752
259	62.720489	114.726	34.00013946271987
260	69.446399	117.877	29.99991516580843
261	68.533444	119.303	29.000108966245612
262	75.159874	125.096	27.000063950885718
263	77.480280	125.962	25.999904733173498
264	83.040609	128.416	25.0
265	84.017765	131.300	23.0
266	85.368610	132.583	24.00006033956088
267	83.787235	132.642	23.99993968727854
268	93.391725	137.595	22.000072677059485
269	94.777586	139.252	21.000057449803233
270	91.698912	140.614	21.999943106660787
271	99.526055	142.562	20.99998597101612
272	107.474060	151.647	19.000046159831715
273	108.846667	152.200	19.000000000000004
274	113.593350	159.929	17.000043769422682
275	113.730303	160.059	16.999981256911514
276	119.706045	164.329	17.00004259747214
277	116.158492	160.739	17.99998755746894
278	124.411002	171.173	15.000029210214228
279	123.333567	170.544	15.999976545642179
280	133.624751	180.987	14.9999723737064
281	134.008630	184.393	13.999989153601275
282	133.180997	195.180	14.999999999999998
283	138.342577	188.436	13.999978772633678
284	142.528608	197.864	14.000020215905874
285	142.667220	196.121	14.000030593358181
286	162.464370	251.225	12.0
287	161.757066	254.592	11.999984288587228
288	65.865278	116.847	29.99991441799961
289	64.998665	115.658	31.000017292361964
290	69.636317	117.538	28.999982984226378
291	70.959735	117.380	30.000000000000004
292	76.959679	122.346	26.000032694162456
293	76.829466	121.288	26.000098938064774
294	87.485208	130.713	23.000007650348476
295	85.385226	127.764	25.0
296	93.034307	134.300	21.999999999999996
297	93.119087	134.036	22.00005968545764
298	99.045427	139.570	20.0
299	99.247540	137.676	21.00002905372033
300	104.067435	144.074	18.99995835473437
301	103.821696	142.805	19.000035012779666
302	110.088996	148.906	17.999946274831103
303	109.725180	149.583	18.00004011151
304	120.366931	157.100	17.0
305	121.326427	157.171	16.999955462521715
306	124.911360	163.650	16.0
307	126.864362	162.994	15.999975459219359
308	132.786546	171.100	15.0
309	131.457724	167.369	15.999976100711601
310	137.891958	174.286	13.999977049217952
311	134.528898	175.207	14.999971462327418
312	146.966301	187.171	14.000032056248031
313	147.060434	191.631	12.999984344912878
314	152.463404	197.792	13.000020223264844
315	148.600506	197.431	12.999984804817885
316	156.290541	203.023	13.000004925550309
317	149.145670	197.157	14.000010144199798
318	179.076243	253.518	11.000007888986186
319	179.664145	261.827	11.000011457947423
320	71.674331	118.236	27.999932338712405
321	72.193375	117.775	27.999999999999996
322	78.804651	121.960	25.0
323	74.638030	124.719	26.999895765681252
324	82.815219	124.220	25.0
325	84.412238	125.275	23.999999999999996
326	96.150982	133.248	20.999939961575407
327	97.183859	133.567	20.99994759184529
328	101.629686	138.758	18.99998558641664
329	102.603686	138.268	19.000057858651314
330	108.765861	142.528	17.999971935339023
331	109.038017	143.806	17.999944369497793
332	114.390775	146.983	18.00004082104733
333	114.065530	146.350	18.000000000000004
334	121.239034	151.653	16.999993405999223
335	121.594085	151.856	16.00002634074386
336	133.032312	160.881	16.00002486309757
337	132.698201	160.956	16.000024851512215
338	139.163157	171.686	13.999976701653017
339	139.516153	171.643	13.999988347908157
340	143.195933	176.093	13.999988642365116
341	144.602910	176.443	13.99998866489461
342	150.206128	180.115	13.000027760042194
343	150.277909	184.038	13.000032601962637
344	159.051064	195.938	13.000030621931428
345	160.739405	194.215	13.00002574466442
346	166.751537	201.658	12.000019835563183
347	165.515929	205.492	11.999980534522026
348	170.864303	209.958	12.000019051429334
349	172.455874	209.633	12.000019080965306
350	192.384204	263.473	10.999988613634033
351	193.695768	268.500	10.0
352	78.062730	119.722	27.000050116102305
353	79.734085	120.412	25.0
354	83.933216	123.483	24.00006478624588
355	85.454539	124.670	22.999919788240955
356	92.802723	126.609	22.99994471167137
357	90.752223	128.027	22.000046865114392
358	103.418165	135.270	20.0
359	105.766707	137.989	17.999985506091065
360	112.773539	141.183	18.000042498034468
361	113.024350	141.683	18.000042348058695
362	119.064653	145.612	16.99997252973656
363	119.679207	146.312	16.99997266116245
364	124.608203	149.218	16.999959790373815
365	125.291842	150.944	15.999973500106
366	130.352724	155.137	16.000051567324363
367	117.806179	155.250	18.0
368	145.466749	169.050	13.999999999999998
369	144.362665	164.733	15.000030352145593
370	150.913686	171.979	13.999965112019488
371	150.554357	177.331	12.99998308248417
372	157.659785	182.167	11.99997804212618
373	153.139138	183.162	12.999967242113538
374	162.345709	191.633	12.000020873231644
375	157.569941	185.154	12.999989198180973
376	172.033131	201.692	11.999980167780576
377	173.765665	200.617	11.999980061510241
378	179.039124	206.217	11.999980602957079
379	176.349234	205.058	12.000019506676159
380	186.676216	224.480	10.000000000000002
381	186.021685	220.964	10.999981897503666
382	210.632069	272.570	10.0
383	209.899477	272.700	10.0
384	84.864082	123.609	22.999943369819352
385	85.610585	122.317	23.999934596172242
386	92.335539	124.883	22.999927932544864
387	92.603566	125.132	21.999968033756353
388	99.790599	129.329	20.99993041003951
389	100.239351	130.390	20.000000000000004
390	112.980636	139.350	18.000000000000004
391	112.114938	137.474	18.999956355383564
392	119.977141	143.871	16.99995134530239
393	121.204400	144.394	17.000013850991035
394	124.037428	148.850	16.0
395	125.622710	146.747	17.000006814449357
396	135.968281	154.800	14.999999999999998
397	136.427123	156.121	14.000038431729234
398	140.437329	158.920	15.000000000000002
399	142.196273	163.150	13.999999999999998
400	154.848068	169.250	14.0
401	155.659050	169.671	14.000035362554591
402	161.749700	178.008	12.999977529099814
403	163.357428	183.167	11.999978162005165
404	169.235018	188.482	10.999989388907165
405	163.158049	187.642	11.999978682810884
406	173.467133	192.025	12.0
407	177.767600	195.236	11.000020488024749
408	187.809779	208.427	11.00001439352867
409	185.975713	210.309	11.000004754908254
410	189.758478	214.182	10.999990662147146
411	193.292293	213.745	11.000023392360054
412	197.686462	226.230	10.000000000000002
413	194.925566	222.750	10.0
414	226.157206	290.500	9.0
415	227.574379	285.144	9.000014027999889
416	90.823098	123.904	23.000064566115704
417	88.169995	121.971	23.999967205319297
418	97.883995	126.591	21.999984201088544
419	100.213940	129.665	20.000000000000004
420	107.814108	134.267	17.99995531292127
421	106.882818	133.221	19.000007506324078
422	119.343928	142.382	17.000042140158165
423	122.832976	145.094	15.99997243166499
424	130.356128	148.653	15.000033635379038
425	129.402938	147.519	15.999972884848733
426	135.813151	152.747	14.999967266132884
427	137.245322	152.920	15.000000000000002
428	145.309009	162.362	12.999963045540213
429	143.224877	160.200	14.000000000000002
430	152.429509	166.977	12.999994011151236
431	153.161737	168.146	13.000011894425084
432	166.850729	180.375	12.0
433	166.983051	178.300	11.999999999999998
434	172.087982	185.042	11.999978383285956
435	172.751452	189.200	11.0
436	179.571289	187.333	12.00002135235116
437	181.118196	188.617	11.999978793003812
438	185.988624	192.450	12.000000000000002
439	184.415820	197.382	10.99998986736379
440	199.861117	213.890	10.000000000000002
441	202.339848	221.310	10.0
442	205.603980	227.030	10.0
443	202.840659	224.220	10.0
444	212.276823	240.133	9.000012493076753
445	214.437509	239.567	8.999987477407155
446	239.592639	300.062	8.000013330578346
447	235.477985	286.867	8.999989542192026
448	95.077863	125.214	21.999936109380737
449	99.255797	127.780	20.0
450	101.128986	126.691	21.99998421355897
451	104.675044	131.232	18.999939039258717
452	114.881541	135.806	17.999941092440686
453	116.000263	137.800	16.0
454	129.862951	145.112	16.000055129830752
455	128.553612	145.381	16.00002751391172
456	135.426755	150.167	14.999966703736506
457	138.359422	151.460	15.0
458	147.217856	156.864	14.000025499796001
459	147.015154	160.569	13.000018683556604
460	150.731963	165.823	13.000006030526524
461	151.334416	169.500	13.0
462	163.026282	168.962	12.999964489056712
463	163.697804	169.108	12.999976346476808
464	176.649181	182.308	12.000021940891239
465	176.055029	181.533	12.00002203456121
466	179.377003	193.164	10.999979292207659
467	180.346931	192.500	11.0
468	192.504026	197.755	10.999974716189225
469	193.355845	200.720	10.0
470	199.665793	210.440	10.0
471	198.876472	210.400	10.0
472	214.560994	229.600	9.0
473	213.279887	227.667	8.999986822859704
474	215.118657	234.756	8.999982961031881
475	221.588581	238.322	9.000008392007452
476	222.221500	242.433	9.00001237455297
477	230.280084	251.062	8.000015932319506
478	260.336385	306.950	8.0
479	257.101942	308.438	7.999987031429331
480	103.063316	128.690	20.0
481	105.809346	129.800	18.999999999999996
482	112.452163	133.550	18.0
483	111.420994	131.847	19.0000530918413
484	122.887668	139.637	16.00005729140557
485	117.050945	135.828	17.99997055099096
486	141.857482	152.221	14.000039416374875
487	134.840126	148.480	15.0
488	144.921215	154.643	13.999987066986543
489	147.264319	158.108	12.999974700837402
490	150.043096	157.893	13.999987333193998
491	153.635316	162.308	12.999975355496957
492	162.689820	170.283	12.000023490307314
493	163.978534	171.325	12.000000000000002
494	170.817575	178.200	11.000000000000002
495	167.887360	174.708	12.000022895345376
496	183.924979	189.964	10.999978943378744
497	184.488675	190.264	10.99997897657991
498	190.388266	193.773	10.9999845179669
499	196.194665	201.750	10.0
500	201.570247	205.930	10.0
501	204.178841	208.290	10.0
502	212.955611	212.450	10.0
503	209.609517	216.844	9.000018446440759
504	221.671296	234.933	9.000012769598142
505	226.332458	225.989	8.999995575005864
506	220.257918	237.433	9.000012635143388
507	229.284462	240.167	8.999987508691868
508	241.626293	245.889	8.999995933124296
509	243.369849	252.812	8.000015822033763
510	269.213171	322.286	6.9999937943317425
511	274.545742	327.829	6.999990848887682
512	97.620662	130.648	20.9999387667626
513	102.510771	127.910	20.0
514	112.384677	132.833	18.000045169498545
515	104.550758	129.330	19.999999999999996
516	115.371253	136.039	17.999985298333566
517	121.673046	139.881	16.000028595734946
518	139.863176	148.473	15.000033676156606
519	141.422951	150.193	13.999986683800175
520	144.566917	153.714	14.000026022353202
521	146.870808	157.692	13.000025365903152
522	156.063688	160.346	13.000012473027079
523	154.345416	161.738	13.000037097033474
524	161.482451	165.492	13.000024170352647
525	161.851338	169.617	11.999976417458157
526	172.108049	174.433	12.000022931440725
527	168.617591	174.533	12.000022918301985
528	192.080268	194.089	8.999994847724498
529	188.278086	189.209	11.000005285160855
530	187.538543	184.992	11.99997837744335
531	195.711538	191.436	11.000020894711549
532	204.711311	206.040	10.0
533	204.586785	204.790	10.0
534	207.376185	207.930	10.0
535	212.511575	210.600	10.0
536	225.209984	229.511	9.000004357089638
537	227.247714	231.989	8.999995689450794
538	234.161984	237.078	8.999991563957852
539	230.212485	235.256	8.999982997245555
540	242.360216	253.312	8.000015790803436
541	235.434204	253.375	8.0
542	255.787070	314.786	6.999993646477289
543	272.797779	325.043	6.9999969234839705
544	99.230572	128.105	20.0
545	103.884534	127.630	20.0
546	115.453493	133.671	16.99994763262039
547	116.318922	135.018	16.999955561480693
548	123.914677	137.676	17.00005810744066
549	123.043886	140.113	15.99994290322811
550	140.675269	150.964	14.000026496383244
551	142.077147	151.564	14.000026391491385
552	152.586306	158.208	12.999974716828477
553	150.450104	150.907	14.999966867010807
554	160.262452	165.508	12.000024168016047
555	159.917562	161.669	13.000018556433204
556	168.893474	170.425	11.999999999999998
557	167.906032	163.331	12.99998163239067
558	174.989220	173.775	12.0
559	175.726970	173.842	11.99997699060066
560	193.106991	193.750	10.0
561	187.933936	191.345	11.00002613081084
562	198.935586	192.109	11.000005205378196
563	200.199248	191.845	11.000026062706874
564	206.458375	203.850	10.0
565	208.686607	211.922	9.000009437434528
566	213.366697	217.533	9.00001379101102
567	211.755634	217.011	9.000004608061342
568	230.472841	231.578	8.999991363601032
569	229.999057	227.144	9.00001760997429
570	241.226426	248.388	7.999983896162455
571	230.495132	245.075	8.0
572	243.124418	258.637	8.000015465691297
573	249.244953	256.688	7.999984416879636
574	277.154605	327.383	6.0000061090527
575	266.114305	321.157	7.000003113741877
576	107.664022	129.768	19.000061648480365
577	106.367179	125.800	20.0
578	117.445729	132.106	17.99993944256885
579	116.973874	135.041	17.000022215475298
580	126.876851	137.224	16.99994170116015
581	128.242322	139.775	16.0
582	145.580201	151.793	13.999986824161851
583	146.404394	153.438	13.00003910374223
584	148.884371	154.971	14.00003871692123
585	152.949911	154.493	13.999987054429651
586	162.863420	164.625	12.0
587	163.505103	162.192	13.000024662128835
588	175.186870	172.909	11.00000578338895
589	167.608021	165.162	12.999963672031095
590	174.597416	173.742	11.999976977357232
591	179.494677	173.058	12.000023113638202
592	195.492950	187.336	11.000021352009222
593	195.705066	186.600	11.0
594	203.354019	197.440	10.0
595	199.041241	200.490	10.0
596	210.580261	203.420	10.0
597	211.124628	204.450	10.0
598	216.913651	209.290	10.0
599	219.178901	208.080	10.0
600	232.123600	231.722	9.000008631032012
601	235.346502	231.367	8.999987033587333
602	243.688417	241.975	8.0
603	223.032671	237.856	8.999983183102382
604	241.821826	256.050	8.0
605	249.594230	242.300	8.999999999999998
606	282.898681	315.614	7.000006336854513
607	279.853025	328.783	6.000006083039573
608	111.827564	129.463	19.000023172643925
609	111.731225	130.106	17.999938511675097
610	120.220415	134.653	16.999992573503746
611	121.501761	134.547	17.00000743234706
612	127.090569	139.200	16.0
613	125.222585	145.020	15.0
614	146.067186	148.860	15.0
615	145.859658	147.400	15.0
616	158.095637	157.838	13.000038013659577
617	153.246502	153.871	14.000038993702516
618	163.164838	164.942	11.999975749051181
619	166.228833	165.617	11.999975847890013
620	174.750039	173.009	11.000005780046125
621	172.969828	168.908	12.000023681530775
622	182.224414	178.473	10.999983190734733
623	183.206212	179.318	11.00001115336999
624	197.073336	186.327	11.000016100726143
625	199.579298	186.700	11.0
626	204.446682	197.580	10.0
627	204.311732	198.430	10.0
628	210.320724	203.600	10.0
629	216.625279	204.620	10.0
630	222.580637	208.200	10.0
631	223.723109	215.300	9.0
632	241.436665	240.438	7.999983363694591
633	239.246771	242.675	8.0
634	248.280540	251.350	8.0
635	251.367394	241.500	8.0
636	252.552221	258.075	8.0
637	257.655505	250.550	8.0
638	268.872380	320.771	7.000009352466401
639	285.718481	311.129	6.999990357697289
640	112.642716	130.856	17.999938864094883
641	110.916786	128.437	18.999976642244835
642	118.219558	132.472	18.000030195060088
643	123.016556	134.606	16.999985141821316
644	132.897804	142.180	14.999999999999998
645	127.892782	136.718	16.99995611404497
646	147.660527	150.493	13.999986710345333
647	150.839078	150.557	14.000013284005396
648	158.210273	157.300	13.0
649	158.306488	156.731	12.99998085892389
650	166.987835	164.867	11.999975738019131
651	169.516287	159.838	13.000037538007234
652	176.957998	168.033	12.000023804847858
653	177.117790	168.350	12.0
654	184.481130	171.933	12.000023264876434
655	185.321243	177.036	11.000022594274611
656	202.173848	185.209	11.00000539930565
657	203.320454	184.536	11.000021675987341
658	212.243194	198.450	10.0
659	206.454592	196.140	10.000000000000002
660	219.350068	210.811	9.000004743585485
661	220.878730	213.089	8.999995307125191
662	230.032634	218.400	9.0
663	229.770894	218.011	9.000004586924513
664	238.317121	240.588	7.99998337406687
665	237.240293	246.038	7.999983742348743
666	254.663292	249.413	7.999983962343582
667	254.736975	250.363	7.999984023198317
668	263.902517	266.500	7.0
669	256.127413	262.586	6.999992383447708
670	283.864312	321.757	7.000003107935492
671	296.022109	319.371	7.000009393464028
672	115.621872	131.812	16.99996965374928
673	114.508785	130.294	18.000061399603972
674	120.999211	133.947	17.000007465639392
675	126.448720	136.350	16.0
676	132.946330	138.606	16.00002885877956
677	131.677615	140.480	15.0
678	150.165561	150.257	14.000013310527962
679	151.466164	153.777	12.999993497076936
680	162.073398	156.308	12.999974409499195
681	162.793897	157.617	11.999974622026814
682	170.718853	164.000	12.0
683	169.627455	159.508	12.999974922887878
684	179.269987	174.091	10.999994255877672
685	180.013611	173.455	10.999971174079732
686	184.815388	178.427	11.00001681359884
687	189.400894	177.518	11.000011266463119
688	207.604857	191.900	10.0
689	208.811419	193.960	10.0
690	216.881794	196.660	10.0
691	212.321948	196.700	10.0
692	225.232493	216.787	8.000018451290899
693	224.133469	211.878	8.999990560605633
694	234.825861	218.322	9.000009160780865
695	234.647992	217.911	9.000004589029466
696	247.450981	234.500	8.0
697	244.313331	242.825	8.0
698	245.968341	249.988	7.999983999231963
699	259.027943	243.238	7.999983555201079
700	267.893895	269.557	7.000003709790508
701	270.504370	268.029	6.999988807181313
702	304.343096	339.733	6.000005886975949
703	300.579042	326.943	6.999996941362868
704	117.505184	132.247	17.0000075616082
705	116.262251	130.156	17.999938535296106
706	125.546594	135.887	16.000058872445486
707	125.480204	133.724	16.999940175286415
708	134.300069	138.669	15.999971154331535
709	135.797854	141.087	14.99996456087379
710	154.301421	153.692	13.00002602607813
711	157.410064	155.742	11.999974316497799
712	162.994517	156.154	12.999987192130845
713	164.749053	156.608	12.999974458520638
714	171.082378	162.208	12.000024659696193
715	174.863866	168.636	11.000023719727698
716	178.665803	174.336	11.000022944199706
717	177.024056	176.555	10.999971680212964
718	194.632039	180.840	10.0
719	190.254597	177.155	10.99997177612825
720	212.382928	198.222	9.00001008969741
721	212.445552	192.400	10.0
722	219.875869	200.767	8.999985057305235
723	220.683561	205.689	8.999995138291304
724	228.029073	209.311	9.000004777579774
725	227.483690	212.044	9.000018864009357
726	234.880758	216.489	8.999995380827663
727	241.736657	222.887	8.000017946313603
728	256.324352	236.712	8.000016898171618
729	241.950334	241.925	8.0
730	265.449043	260.129	6.999988467260475
731	264.740539	248.338	7.999983892920134
732	268.468137	254.162	8.000015737993877
733	276.720954	265.300	6.999999999999999
734	300.588313	337.983	6.000005917457387
735	308.803447	319.314	7.000006263427221
736	111.478890	131.194	17.000015244599602
737	116.177677	129.639	17.999984572543756
738	125.210777	133.594	17.00001497073222
739	128.610122	136.107	14.99996326419655
740	134.732758	140.940	15.0
741	137.842768	142.407	14.000014044253442
742	158.137531	153.933	12.00002598533128
743	154.647388	153.108	12.999973874650573
744	167.400572	160.342	11.999975053323519
745	164.384696	156.092	13.000025625912922
746	176.163026	168.164	10.999976213696154
747	173.113012	158.531	12.999981076256379
748	188.612196	171.136	11.000023373223636
749	185.504217	172.182	10.999988384383967
750	195.845132	178.960	9.999999999999998
751	195.886056	183.270	10.0
752	212.567448	190.740	10.0
753	216.446553	199.367	8.999984952374264
754	225.421152	202.622	9.000009870596479
755	224.170695	205.844	9.000019432191369
756	235.742816	217.663	7.999981622967614
757	228.013497	209.522	9.000009545536985
758	242.633606	226.537	8.000017657159757
759	244.340678	214.367	8.999986005308653
760	260.080791	236.875	8.0
761	261.837465	238.188	7.999983206542732
762	269.668725	260.086	6.999992310235845
763	268.629122	257.743	6.999996120166212
764	273.342799	267.514	7.0000074762442335
765	277.211947	252.425	8.0
766	314.451779	327.250	6.0
767	319.153568	346.700	6.0
768	118.333680	131.482	17.00004563362285
769	120.835833	132.363	15.999939560148986
770	122.971400	133.167	17.999954943792382
771	128.294241	139.319	15.999971288912496
772	134.887448	137.988	15.999942023944113
773	140.684838	143.629	13.999958225706509
774	156.051454	149.179	13.999959779861777
775	158.986284	155.875	12.0
776	167.575239	160.367	11.99997505721252
777	170.684863	160.567	11.999975088280904
778	179.752387	167.773	10.999982118696096
779	180.498434	166.855	10.999970033861738
780	186.025229	169.991	10.999994117335623
781	188.615511	171.109	11.000005844227948
782	198.768172	178.320	10.0
783	198.194181	181.280	10.0
784	218.117415	189.920	10.000000000000002
785	217.000227	191.470	10.0
786	226.329929	202.678	8.999990132130769
787	223.853180	203.600	9.0
788	239.032048	207.789	8.999995187425705
789	233.143973	217.125	8.0
790	244.433208	226.550	8.0
791	244.878919	228.113	7.999982464831027
792	263.545966	237.537	8.000016839481848
793	265.214875	252.000	7.0
794	271.853385	260.100	7.0
795	274.467891	245.162	8.000016315742243
796	282.441292	266.057	7.000003758593083
797	283.595726	271.843	6.999996321406106
798	318.027241	328.900	6.000000000000001
799	314.742827	345.367	5.999994209058769
800	118.510256	129.822	18.000030811418714
801	121.671881	133.069	15.999969940406856
802	130.270472	135.944	15.99997057611958
803	131.820403	137.720	15.000000000000002
804	136.809801	137.375	16.0
805	142.776289	143.407	14.00001394632061
806	161.230421	148.857	14.00001343571347
807	163.866421	152.885	12.99996729567976
808	166.660030	154.931	12.999980636541427
809	170.829856	158.650	12.0
810	181.807787	167.918	11.000011910575399
811	185.765971	167.600	11.0
812	193.994350	173.200	10.0
813	193.909966	177.040	10.000000000000002
814	200.289670	179.400	10.0
815	201.085045	183.656	8.999978220150716
816	221.923678	197.833	9.000015164305248
817	222.127052	199.678	8.999989983874038
818	231.409917	204.589	8.99999511215168
819	230.616232	202.022	9.000009899911891
820	241.779535	220.613	7.999981868702207
821	245.162865	211.325	8.0
822	255.268897	230.057	7.00000434674885
823	251.179733	224.400	8.0
824	260.311256	241.250	8.0
825	262.261539	256.914	7.000007784706167
826	280.671727	247.600	7.0
827	279.436245	263.043	6.999996198340195
828	290.410129	261.200	7.000000000000001
829	290.248996	276.317	5.999992761936472
830	322.772757	349.767	5.99999428190767
831	325.854293	332.133	6.000006021684085
832	124.511542	132.094	17.000015140733115
833	123.731189	131.488	17.000030421027017
834	132.548422	135.787	16.000058915801954
835	131.902108	135.731	16.00002947005474
836	142.202645	140.080	14.999999999999998
837	143.717379	142.893	13.999986003513119
838	166.263702	156.700	12.000000000000002
839	164.169919	152.585	12.99996723137923
840	174.723416	159.667	11.999974947860235
841	172.797467	154.777	12.999993539091726
842	183.323143	161.967	11.999975303611228
843	187.965196	167.427	11.000017918256912
844	195.952468	172.200	10.0
845	196.147393	175.410	10.0
846	202.921384	181.160	10.0
847	205.514788	182.220	10.0
848	226.957078	201.375	8.0
849	227.918712	199.922	9.000010003901522
850	233.620458	203.333	9.000014754122548
851	235.385925	203.233	9.000014761382255
852	250.247386	220.457	7.0000045360319705
853	239.062377	208.133	9.000014413860368
854	256.609667	219.188	7.999981750825776
855	251.920043	230.757	7.0000043335630115
856	273.731015	252.743	6.999996043411687
857	276.488490	237.463	7.999983155270506
858	281.150103	254.714	7.0000078519437485
859	281.595112	263.729	6.999988624686705
860	293.738261	259.900	7.0
861	291.576282	270.529	6.999988910615867
862	327.613797	337.233	6.000005930617704
863	331.667613	328.933	6.000006080265586
864	124.970366	129.506	17.999938226800303
865	125.432395	132.912	16.000060190201033
866	137.226808	139.664	14.000028640164969
867	136.098882	135.081	16.000029611862516
868	144.795590	139.280	14.999999999999998
869	146.820306	142.764	14.00002801826791
870	166.952201	154.758	12.000025846805979
871	165.018977	152.031	12.999980267182352
872	177.388977	162.900	11.0
873	176.717949	159.875	12.0
874	188.247164	166.555	10.999969979886522
875	189.551306	171.460	9.999999999999998
876	199.784052	176.040	10.000000000000002
877	197.827375	179.767	8.999983311731297
878	205.957044	185.500	10.0
879	208.204000	181.200	10.0
880	229.172765	196.478	8.99998982074329
881	229.657248	197.844	9.000020217949496
882	237.568384	213.475	8.0
883	240.180377	211.450	8.0
884	249.799870	219.463	7.999981773693061
885	253.303657	213.912	8.000018699278208
886	258.669442	233.243	6.999995712625888
887	251.583631	226.425	8.0
888	281.388087	254.357	7.000003931482129
889	279.950470	242.086	6.999991738473104
890	291.562908	265.983	6.000007519277548
891	290.356537	265.633	6.0000075291850035
892	300.837813	279.683	6.000007150953043
893	295.160836	277.750	6.0
894	339.125651	344.200	5.0
895	337.814599	348.983	6.000005730938184
896	129.057512	133.219	15.999969974252922
897	128.497218	134.800	14.999999999999998
898	138.276918	137.947	14.99996375419545
899	137.584038	134.762	16.000059363915643
900	150.307871	145.546	13.00001374136012
901	150.599352	145.323	13.000006881223205
902	171.922611	155.675	11.999999999999998
903	171.755494	155.675	11.999999999999998
904	182.876507	160.291	10.999993761346552
905	179.509098	162.955	10.999969316682519
906	189.618825	166.836	11.00002397564075
907	192.851978	171.240	10.0
908	201.929055	175.020	10.0
909	204.776684	170.082	10.999988240966124
910	215.200317	182.311	9.000005485132547
911	210.834464	180.790	10.000000000000002
912	231.928491	197.856	8.999979783276727
913	231.564792	195.922	9.000010208144058
914	243.280334	211.613	7.999981097569621
915	238.479582	203.378	8.999990166094662
916	254.460027	217.600	8.0
917	254.919667	219.425	8.0
918	262.844609	223.200	8.0
919	264.240002	233.486	6.999991434175926
920	287.826706	246.943	6.999995950482499
921	283.410084	248.071	7.000012093311995
922	292.944531	261.929	6.999988546514514
923	297.900848	260.714	7.000007671241284
924	298.001077	264.814	7.00000755247079
925	299.385145	281.717	5.99999290067692
926	338.447532	348.167	5.999994255630201
927	348.222316	348.640	5.0
928	129.087117	131.118	16.999954239692492
929	127.758811	130.341	17.000023016548898
930	140.270025	137.160	15.000000000000002
931	141.503981	135.488	15.999940954180445
932	147.026112	149.069	13.000020124908602
933	153.972648	146.208	12.000027358284088
934	173.010155	155.725	12.0
935	173.634355	155.775	12.0
936	183.328232	158.333	12.00002526321108
937	186.296464	162.664	10.999975409432942
938	192.936196	165.800	10.999999999999998
939	192.245344	166.864	10.999976028382395
940	204.975325	176.450	10.0
941	205.746677	175.850	10.0
942	216.504710	187.378	8.999989326388372
943	218.586933	183.122	9.000010921680627
944	238.812833	196.944	9.000020310342027
945	235.105229	196.511	9.000005088773657
946	248.158334	213.200	8.0
947	249.178350	203.875	8.0
948	256.590153	216.462	8.000018478994004
949	257.144274	218.125	8.0
950	271.729350	222.412	8.000017984641117
951	270.852848	228.986	6.99999126584158
952	289.420980	252.914	7.000007907826377
953	287.725385	250.657	7.000003989515553
954	297.882366	268.383	6.0000074520368285
955	301.426355	269.533	6.000007420241677
956	310.392197	280.533	6.000007129286037
957	310.800829	283.517	5.999992945749285
958	344.255320	339.200	6.0
959	350.776863	341.117	5.999994136909037
960	132.244682	132.675	16.0
961	133.026951	133.667	14.999962593609492
962	142.422559	136.900	15.0
963	141.868585	135.440	15.0
964	154.249121	145.515	13.000034360718828
965	155.791683	142.193	13.99998593461
966	176.690793	149.977	12.999993332310954
967	173.562244	155.000	12.0
968	182.858514	157.517	11.999974605915552
969	189.673327	165.680	10.0
970	199.124210	171.350	10.0
971	199.274162	165.936	11.000024105679298
972	211.562276	180.756	8.99997787072075
973	209.689208	175.770	10.0
974	220.810511	186.444	9.00002145416318
975	214.549220	186.111	9.000005373137537
976	238.200087	196.633	9.000015256849053
977	242.648375	196.267	8.999984714699874
978	247.572155	200.389	8.99999500970612
979	252.741314	211.325	8.0
980	265.456067	225.614	7.0000088646981125
981	265.497791	216.825	8.0
982	276.592668	234.483	6.000008529402985
983	273.959510	236.443	6.9999957706508535
984	294.532546	247.543	6.999995960297807
985	296.306083	250.129	6.999988006188807
986	307.456193	270.083	6.000007405131015
987	304.330299	263.386	6.999992406581974
988	313.031845	272.300	6.999999999999999
989	318.748091	275.833	6.000007250764049
990	362.617649	357.140	5.0
991	357.312412	344.050	6.0
992	134.866598	130.376	17.000061360986685
993	131.012925	132.375	16.0
994	147.947805	136.740	14.999999999999998
995	145.329124	136.933	15.000036514207679
996	157.486366	142.157	14.000014068951932
997	160.268692	141.536	13.999971738638934
998	177.861012	154.425	11.999999999999998
999	182.323364	154.150	12.0
1000	193.666034	162.336	11.000024640252315
1001	193.470739	161.045	11.000031047222826
1002	202.154614	170.380	10.0
1003	195.767489	171.350	10.0
1004	216.126108	175.340	10.0
1005	216.220774	174.970	10.0
1006	227.374538	186.278	8.999989263359065
1007	227.557496	187.144	9.000021373915274
1008	240.269024	207.200	8.0
1009	240.800125	206.300	8.0
1010	251.730262	213.463	7.9999812613895624
1011	254.213878	210.113	7.999980962624874
1012	265.142818	226.529	6.999986756662502
1013	263.285518	218.650	8.0
1014	283.948699	229.900	7.0
1015	283.387378	235.314	7.000008499281811
1016	297.624471	260.117	5.999992311152289
1017	296.179301	252.771	7.0000118684501
1018	309.736554	257.471	7.000011651797678
1019	303.776534	262.850	5.999999999999999
1020	323.395020	282.917	5.999992930788889
1021	325.058467	262.229	6.999988559617739
1022	357.132439	344.980	5.0
1023	365.855021	364.220	4.999999999999999
