-1	0	90	0
0	1.630893	96.101	278.00126949771595
1	1.612913	96.137	280.9989910232273
2	1.767147	98.063	257.0011115303427
3	1.746813	96.832	259.00115664243225
4	1.899904	97.481	238.9993947538495
5	1.882490	97.680	240.0
6	2.170094	99.075	208.00100933636134
7	2.148161	99.284	210.99975826920752
8	2.300322	100.152	197.00055915009185
9	2.281764	100.333	198.00065780949438
10	2.435663	100.980	185.99920776391366
11	2.415203	101.228	187.0006322361402
12	2.575971	101.992	176.00007843752448
13	2.551205	102.163	177.99986296408682
14	2.716478	106.365	166.0000940158887
15	2.688414	103.206	167.9999224851268
16	2.991183	105.492	151.0000758351344
17	2.955719	105.761	153.00063350384357
18	3.124185	106.587	144.9998592698922
19	3.079517	106.568	147.0000375347196
20	3.251514	107.699	139.00036212035397
21	3.218268	107.717	140.00018567171384
22	3.386903	109.185	132.99995420616386
23	3.354342	113.519	132.99976215435302
24	3.670907	111.543	123.00009861667696
25	3.621710	111.663	125.00022388794856
26	3.801748	113.536	118.00045800450958
27	3.751306	113.298	121.00037070380766
28	3.933409	114.720	114.00017433751744
29	3.885627	114.868	116.00010446773689
30	4.926251	138.513	92.00002887815585
31	4.866114	138.660	93.00014423770374
32	3.227925	98.591	139.9995942834539
33	3.193906	99.318	141.9994361545742
34	3.405623	101.117	131.99956486050812
35	3.458973	100.591	130.9997912338082
36	3.761757	100.847	121.000128908148
37	3.724648	101.617	121.00042315754254
38	4.298089	103.424	104.99980662128712
39	4.254593	104.000	106.0
40	4.576065	104.508	99.0000765491637
41	4.527409	104.919	100.0
42	4.847634	105.767	92.99970690290922
43	4.792783	106.129	93.9997550151231
44	5.072128	111.604	89.00039425110211
45	5.056138	107.945	88.00037055908102
46	5.375038	108.218	83.99988911271691
47	5.325946	108.920	85.0
48	5.915185	110.855	76.00018041585855
49	5.859230	112.071	77.00029445619295
50	6.191753	112.336	72.99975074775674
51	6.122883	113.977	72.99981575230089
52	6.463288	114.861	68.99992164442239
53	6.397079	115.213	69.9999132042391
54	6.724743	116.281	66.99976780385445
55	6.666954	116.968	67.99979481567608
56	7.264566	120.103	61.00014154517373
57	7.199473	120.566	62.000066353698394
58	7.536559	122.233	60.00016362193515
59	7.461619	122.600	60.0
60	7.807002	124.139	56.99981472381766
61	7.736862	135.741	58.00016207336029
62	9.669295	153.837	45.99998699922646
63	9.583864	154.611	45.999961192929355
64	4.764628	101.921	95.00004905760343
65	4.718376	101.986	96.00043143176515
66	5.170588	103.216	87.0000775073632
67	5.119702	103.751	88.00011566153579
68	5.564794	104.194	80.99986563525731
69	5.513483	104.729	82.00021006597981
70	6.356568	106.699	70.99972820738714
71	6.299174	107.734	70.9998700503091
72	6.774455	108.327	66.00016616356034
73	6.703270	109.161	67.00011909015124
74	7.162550	110.268	63.00014510102659
75	7.098920	110.675	64.0
76	7.560827	111.893	59.00011618242428
77	7.486933	111.722	59.99982098422871
78	7.965419	121.035	57.00004131036477
79	7.863763	114.119	57.00014896730606
80	8.733286	116.978	51.00018806955154
81	8.652892	117.794	51.00005093638046
82	9.122975	119.253	49.00002515659983
83	9.043421	119.778	48.99981632687138
84	9.525556	120.866	46.999983452749326
85	9.436584	121.526	46.999818968780346
86	9.933572	122.933	45.000122017684426
87	9.830922	123.953	45.00012101360999
88	10.736979	128.461	40.999992215536224
89	10.614957	128.732	40.999906783084235
90	11.135295	131.292	40.00015233220607
91	10.990769	131.315	40.0
92	11.541270	133.282	39.00001500577722
93	11.384827	133.721	38.999857913117616
94	13.553269	160.152	32.99990009490984
95	13.360392	160.545	33.00009343174811
96	6.306568	103.987	71.00022118149384
97	6.241205	104.764	71.99992363789089
98	6.816239	106.076	65.9998491647498
99	6.762868	106.385	65.99990600178596
100	7.345094	109.525	60.999771741611504
101	7.252183	107.639	61.999832774366176
102	8.384394	110.800	53.0
103	8.300343	111.052	53.99992796167561
104	8.913593	112.396	50.0
105	8.817536	112.600	51.00000000000001
106	9.452525	114.534	47.00001746206367
107	9.321736	114.640	47.999825540823444
108	9.976573	116.393	44.00006873265575
109	9.848691	117.151	45.00004267996005
110	10.509476	118.098	42.99988145438534
111	10.397026	118.886	43.00001682283869
112	11.562551	122.323	39.000024525232384
113	11.401043	122.992	39.00009756732145
114	12.100562	125.051	37.0001039575853
115	11.935292	125.070	37.000079955225075
116	12.554963	127.525	35.99999999999999
117	12.438745	128.317	35.00003896599827
118	13.137585	130.545	33.00011490290704
119	12.951364	130.656	33.99996938525594
120	14.145956	136.706	31.000102409550422
121	13.986542	136.713	30.99997805621997
122	14.722564	138.620	30.0
123	14.448858	139.461	31.000064534170843
124	15.231006	142.055	29.00003519763472
125	14.987470	154.163	30.00006486640763
126	17.794316	173.517	23.999953895007405
127	17.411283	173.388	24.999999999999996
128	7.841868	107.144	56.99992533412976
129	7.744956	106.878	57.99977544489979
130	8.483811	107.811	53.00015768335327
131	8.370813	109.200	53.0
132	9.131503	110.514	49.00012668078253
133	9.026554	110.744	50.0
134	10.438739	113.740	42.99982416036575
135	10.320067	114.602	43.00012216191689
136	11.076894	116.205	40.0
137	10.938875	116.507	41.000111581278375
138	11.718658	118.384	38.00006757669956
139	11.592032	118.762	38.99984843636853
140	12.392338	120.769	36.00013248432958
141	12.215333	121.122	36.00006604910751
142	13.028708	123.391	34.00004862591275
143	12.838354	123.712	33.999935333678216
144	14.300719	129.348	31.000092772984505
145	14.116069	128.884	30.99996896434003
146	14.952631	131.100	29.000000000000004
147	14.778476	131.150	30.0
148	15.637022	134.246	28.000089388138193
149	15.411397	134.310	29.00007445461991
150	16.282048	137.081	27.00009483444095
151	15.992759	137.548	27.000029080757265
152	17.573411	144.264	24.999999999999996
153	17.318772	144.416	25.0
154	18.182487	162.217	23.99995068334391
155	17.887788	147.188	25.0
156	18.817518	152.117	23.000059164984847
157	18.450718	151.962	24.0000789671102
158	21.391951	183.540	20.000000000000004
159	21.090007	182.810	20.0
160	9.350832	110.002	47.000054544462834
161	9.233551	109.383	48.00014627501531
162	10.134636	110.695	44.000180676634
163	9.989797	111.336	44.000143709132715
164	10.913987	112.905	40.999955714981624
165	10.749406	113.227	40.99993817728987
166	12.452359	117.743	34.99995753463051
167	12.287040	117.689	35.99996601211669
168	13.244593	120.315	33.99991688484395
169	13.032598	120.535	34.000082963454595
170	14.005672	122.839	30.99992673336644
171	13.815954	122.856	32.00006511688481
172	14.807263	125.733	30.00007953361488
173	14.555637	125.977	29.999920620430714
174	15.570687	127.752	28.999937378671177
175	15.343249	128.929	27.999906925517145
176	17.078038	133.446	26.000029974671403
177	16.877128	134.404	25.999970238980982
178	17.853772	136.968	25.0
179	17.621282	138.329	24.00002891656847
180	18.605964	140.371	23.9999715040856
181	18.324102	141.388	23.999915127167792
182	19.398159	145.073	21.999958641511512
183	19.055502	145.039	23.00002068409187
184	20.929268	170.238	21.00001174825832
185	20.495143	151.277	22.00003966234127
186	21.611616	158.215	20.0
187	21.342715	155.643	20.99998072512095
188	22.468067	161.984	19.000024693796917
189	22.139091	161.505	20.0
190	25.572382	195.887	16.000040839871968
191	25.134827	194.459	16.999984572583426
192	10.848291	112.015	40.99986608936303
193	10.705429	111.462	41.9999641133301
194	11.740892	113.439	38.00015867558776
195	11.599688	113.656	39.00014077567396
196	12.649494	115.260	35.0
197	12.481839	115.831	35.99986186772107
198	14.447524	121.145	31.000041272854844
199	14.256607	120.990	31.000082651458797
200	15.333914	123.779	29.00007271023356
201	15.124159	122.990	28.99991869257663
202	16.237132	126.667	26.9999289475554
203	16.007303	126.657	28.000031581357526
204	17.124935	129.731	25.99995375045286
205	16.903183	130.173	26.000015364169222
206	18.051398	133.108	24.000060101571655
207	17.718254	133.268	25.0
208	19.831998	139.968	22.00002857796068
209	19.523353	140.245	22.000071303789795
210	20.702871	143.138	21.000013972530006
211	20.434741	143.786	20.999958271319876
212	21.624212	147.200	20.0
213	21.269751	147.760	20.0
214	22.439410	150.585	19.999999999999996
215	22.118478	151.760	20.0
216	24.237020	160.761	18.00001244082831
217	23.891977	161.694	18.00004947617104
218	25.147152	163.922	18.00002440184966
219	24.686016	164.633	18.000036444698207
220	26.016563	172.156	16.000023234740585
221	25.643149	181.794	17.000011001463193
222	29.588780	215.543	13.999990721109013
223	29.065864	209.357	14.000009553060083
224	12.279786	114.473	36.999991264315604
225	12.138049	113.643	37.000079195374994
226	13.253397	115.788	34.00006909178845
227	13.051894	116.612	33.99993139642576
228	14.270090	119.223	30.99989096063679
229	14.068914	119.344	31.999932966885645
230	16.296324	124.726	26.99998396485095
231	16.053999	125.261	27.99993613335356
232	17.308661	127.788	25.0
233	17.027978	128.423	26.000015573534334
234	18.293705	131.154	24.00003049849795
235	18.017079	131.448	24.999999999999996
236	19.304818	134.864	21.999940680982323
237	19.001755	134.443	23.000081819060863
238	20.277612	137.391	21.99998544300573
239	19.964471	138.727	22.00004325041268
240	22.267992	146.316	18.99997266190984
241	21.895941	146.320	20.0
242	23.293994	150.933	18.000039752737973
243	22.898095	150.742	19.000013267702432
244	24.282049	154.117	17.999961068538838
245	23.860579	153.905	19.000032487573502
246	25.231145	160.388	17.00002493952166
247	24.804352	158.822	18.000025185427713
248	27.242390	170.600	15.0
249	26.768726	169.931	16.000023538965817
250	28.220864	176.227	14.999971627503164
251	27.690153	177.387	14.999971813041544
252	29.209197	180.873	15.000027643705804
253	28.687472	179.633	15.00002783452929
254	33.468520	218.431	12.999986265685731
255	32.866852	215.769	13.000013903758186
256	11.884417	115.953	37.99987926142489
257	11.757190	115.339	38.00015606169639
258	12.749406	117.677	35.0000424891865
259	12.584551	118.697	35.00004212406379
260	14.206026	124.126	30.999951662020848
261	13.864367	124.075	32.0
262	15.270456	127.421	28.99992936800056
263	15.070883	127.603	30.00007836806345
264	16.008371	131.254	27.99990857421488
265	15.840021	131.532	28.00003041085059
266	16.813905	134.858	25.999940678343147
267	16.573235	135.048	27.000029619098395
268	17.628129	139.076	25.000000000000004
269	17.415095	138.672	25.000000000000004
270	18.405793	142.912	24.00008396775638
271	18.254216	142.200	24.000000000000004
272	19.648089	150.618	22.000026557250795
273	19.547811	150.674	22.999986726309782
274	20.264931	155.857	21.00001924841361
275	20.187571	154.982	21.99997419055116
276	20.912262	160.019	21.0000062492579
277	20.699434	158.759	22.000012597710995
278	21.660673	163.714	21.00003664927862
279	21.437340	166.435	20.0
280	23.045360	175.611	18.999948750363018
281	22.778802	175.663	19.00001707815533
282	23.795711	182.744	18.000043777087072
283	23.410018	182.383	18.000032897802974
284	24.418909	186.778	17.999978584201568
285	24.125148	184.822	18.000021642445166
286	27.788807	232.262	16.000034443860812
287	27.361493	231.781	16.000017257669956
288	12.896058	118.634	35.000084292867136
289	12.745214	118.054	35.000084706998486
290	13.804678	120.748	33.00013250737072
291	13.690441	121.631	32.00006577270597
292	14.873986	124.503	30.000080319349735
293	14.709048	124.390	30.0
294	16.788023	132.238	26.00009074547407
295	16.419987	135.059	27.000051829200572
296	18.088908	139.246	23.99997127386065
297	17.521749	135.908	25.0
298	18.603406	138.775	24.0
299	18.376539	140.192	23.999942935402874
300	19.556886	144.118	22.00002775503407
301	19.292308	143.187	22.999993016125764
302	20.471212	147.676	21.000027086324117
303	20.244919	147.514	21.999945767859323
304	22.205977	157.637	18.999980968934956
305	21.901614	156.935	20.0
306	22.959190	162.753	18.999956990040126
307	22.751986	163.226	19.000036758849696
308	23.841726	168.144	18.000047578266248
309	23.606294	168.339	17.999988119211828
310	24.601764	172.578	17.999976822074657
311	24.406449	171.367	17.99996498742465
312	26.268834	184.750	16.0
313	26.067861	184.671	16.99996209475229
314	27.045753	188.344	15.999978762264792
315	26.914453	190.325	16.0
316	27.966174	198.207	14.999974773847542
317	27.681512	197.813	15.000025276397405
318	32.021696	248.331	12.999987919349579
319	31.605198	250.536	13.999984034230609
320	13.689987	121.309	32.00009892093744
321	13.569416	119.927	33.00007504565277
322	14.806665	123.827	29.99991924216851
323	14.660949	124.063	30.000080604209153
324	15.892757	127.039	28.000062972787884
325	15.688891	127.718	27.99996868100033
326	17.995423	135.208	24.000059168096563
327	17.762536	134.652	25.000000000000004
328	18.978672	139.052	23.000028766216953
329	18.801314	138.096	22.999942069285133
330	20.021813	142.223	21.99995781273071
331	19.803909	143.200	22.000000000000004
332	20.985460	146.686	20.99995909630094
333	20.734400	147.795	21.000033830643797
334	22.032741	151.685	20.0
335	21.840508	152.375	20.0
336	22.931117	165.579	18.99999396058679
337	23.769080	162.978	17.99997545681012
338	24.923133	168.688	17.00002371241582
339	24.669688	168.206	17.999952439270896
340	25.862741	174.547	17.00000572911594
341	25.691215	172.094	17.00001162155566
342	26.854455	179.119	15.999977668477381
343	26.650028	179.950	16.0
344	28.689068	192.987	14.99997409151912
345	28.478057	190.344	15.99997898541588
346	29.793913	196.587	14.99997456596825
347	29.401001	196.113	15.000025495505142
348	30.685423	207.357	14.00000964520127
349	30.178946	203.173	15.000024609569184
350	34.852816	252.469	13.000011882646978
351	34.709274	254.325	12.000000000000002
352	14.766101	123.229	31.000008114972935
353	14.596926	123.053	30.000081265796037
354	15.878131	126.396	28.000094939713282
355	15.692862	126.561	27.999936789374292
356	16.860053	129.400	26.0
357	16.773729	129.044	27.000092991537766
358	19.141267	137.370	22.99992720390187
359	19.031517	137.204	23.000058307337977
360	20.234405	141.623	21.99995763400013
361	20.113194	142.409	22.000014044056204
362	21.304993	146.405	20.0
363	21.286431	147.205	19.999999999999996
364	22.549205	149.970	20.0
365	22.304637	150.105	20.0
366	23.752092	155.700	19.000000000000004
367	23.538196	155.068	19.000051590270076
368	25.949418	166.206	16.999987966740072
369	25.519250	165.512	16.99997583256803
370	26.925826	171.600	16.0
371	26.643512	172.856	16.000023140648864
372	27.942420	178.373	15.000028031148211
373	27.575536	177.688	15.999954977263519
374	29.039297	185.660	15.0
375	27.181328	188.369	15.999978765083426
376	31.103189	197.521	14.000030376516928
377	30.783745	195.400	14.0
378	32.065638	204.171	14.000029387131375
379	31.724379	203.636	13.99998035710778
380	33.185686	209.908	12.999980944032625
381	32.668291	214.831	12.99998603553491
382	37.892092	266.809	11.000003747999505
383	37.460428	261.827	11.000011457947423
384	15.731925	125.682	28.000031826355404
385	15.563745	123.907	28.999975788292836
386	16.902889	126.785	25.999921126316206
387	16.805186	128.211	27.000023398928324
388	18.154421	132.554	24.000030176380946
389	17.995359	132.440	25.0
390	20.709886	141.367	20.99995048349332
391	20.469484	141.076	21.00002835351158
392	21.825039	144.740	20.0
393	21.703286	144.880	20.0
394	23.022895	149.374	18.99995983236708
395	22.861613	150.242	19.000013311856872
396	24.142077	154.878	17.999974173220213
397	24.136050	154.561	18.00001293987487
398	25.706940	161.418	16.999962829424227
399	25.475468	160.194	18.00004993944842
400	27.958274	171.081	16.00002338073778
401	27.609877	173.327	14.999971152792122
402	28.984957	179.933	15.000027788121134
403	28.648282	177.107	14.999971768478941
404	30.068555	184.421	14.000032534255862
405	29.826179	185.193	13.999989200455738
406	31.251509	190.650	13.999999999999998
407	31.078477	192.931	12.999984450399364
408	33.354942	204.800	13.0
409	33.544788	209.225	12.0
410	34.566686	214.842	11.999981381666526
411	34.184970	215.425	11.999999999999998
412	35.560553	222.917	11.999982056101599
413	35.393883	218.050	11.999999999999998
414	40.546133	275.770	10.0
415	40.320330	279.140	10.0
416	16.698970	127.104	26.999937059415913
417	16.545223	125.604	26.9999363077609
418	18.069125	130.172	25.000000000000004
419	16.089895	129.704	26.99993832110035
420	16.779059	132.044	27.000090878797973
421	19.375062	134.157	22.999918006514754
422	22.138983	144.545	20.000000000000004
423	21.976741	145.600	20.0
424	23.370817	149.211	18.999939682731164
425	23.299569	150.567	17.999960150630613
426	24.705217	153.667	17.999960954531552
427	24.542054	155.589	17.999987145620835
428	26.052214	160.863	15.999950268240678
429	25.724607	159.971	16.999956242068876
430	27.299337	166.719	15.999976007533634
431	27.059060	167.306	16.000023908287808
432	29.748949	175.787	14.999971556485974
433	29.558090	179.743	13.999988873002009
434	30.984958	183.843	13.99998912115229
435	30.828312	186.400	13.999999999999998
436	32.060667	192.492	13.000020780084368
437	32.074853	193.485	12.999974158203479
438	33.401089	199.400	12.999999999999998
439	33.035693	197.062	12.999969552729597
440	35.843327	215.533	12.000018558642994
441	35.405630	210.625	12.0
442	36.964800	221.808	12.000018033614657
443	36.534886	220.658	12.000018127600178
444	37.968950	226.208	12.000017682840571
445	37.847447	229.864	10.999982598406014
446	42.991177	285.470	9.999999999999998
447	42.759105	280.510	10.0
448	17.654769	129.840	25.0
449	17.552426	128.873	26.000015519154516
450	19.040987	132.870	22.99992473846617
451	18.942956	133.235	22.999962472323336
452	20.519578	138.805	20.999963978242857
453	20.355739	138.064	21.999942055858156
454	23.079635	148.253	18.99995278341754
455	23.088283	148.474	18.999959588884252
456	24.543948	153.465	16.99996741928127
457	24.356288	152.467	17.99996064722202
458	25.871998	157.947	17.000006331237692
459	25.757707	156.953	16.999993628665905
460	27.189856	164.412	16.00004865824879
461	26.934078	161.656	16.000024743900628
462	28.435434	167.300	16.0
463	26.798112	166.559	16.999981988364485
464	25.363517	172.200	18.0
465	30.919259	179.393	13.99998885129297
466	32.373259	187.785	12.99997337380515
467	32.145301	189.808	12.999978926072663
468	33.600882	195.862	12.999969366186395
469	33.468475	193.246	13.000010349502706
470	34.852503	202.633	12.000019740121303
471	34.598921	204.483	12.000019561528342
472	37.333253	220.182	10.999990916605354
473	36.862158	221.382	10.999990965841848
474	38.177725	227.164	10.99998239157613
475	38.224099	230.836	11.000017328319672
476	39.495630	239.745	11.000020855492293
477	39.360054	235.764	10.999983033881339
478	44.811143	296.122	9.000006753973024
479	44.431935	288.770	10.0
480	18.098167	131.217	23.99993903229002
481	17.977533	130.204	24.999999999999996
482	19.585394	133.761	22.99997757193801
483	19.389788	134.700	22.000000000000004
484	20.981523	137.738	21.00001452032119
485	20.831920	138.852	21.000057615302623
486	23.726954	147.521	19.000006778695916
487	23.544186	150.078	17.999973347192793
488	25.062999	152.911	18.000013079503763
489	25.034215	155.194	17.000012887096155
490	26.451615	159.375	16.0
491	26.426678	159.400	17.0
492	27.846371	163.406	16.000024478905303
493	27.739327	165.812	16.00004824741273
494	29.326684	173.260	15.000000000000002
495	29.249260	170.800	14.999999999999998
496	31.914167	185.646	13.00001077319199
497	31.788125	185.093	13.999989194621085
498	33.128779	188.331	12.999984070599107
499	33.081188	192.323	13.000005199586111
500	34.564622	201.117	11.999980111079621
501	34.166612	201.408	12.000019860184304
502	35.728821	207.742	11.999980745347596
503	35.595422	203.125	12.0
504	38.028223	223.145	11.000022406955118
505	37.965212	227.018	11.000008809874107
506	39.231556	235.364	10.9999830050475
507	39.215931	232.127	11.000012923959728
508	40.386333	245.460	10.0
509	40.469434	246.250	10.0
510	45.633403	304.556	8.999986866126427
511	45.552196	298.200	9.000000000000002
512	14.473106	125.813	30.99997615508731
513	17.648123	129.552	25.000000000000004
514	19.287208	134.126	23.00001491135201
515	19.231666	134.578	23.000044583810134
516	20.792957	138.786	20.999956767973714
517	20.569386	138.786	20.999956767973714
518	23.498374	147.321	19.000006787898535
519	23.431110	148.989	19.00006040714415
520	24.885429	154.329	17.00004535764503
521	24.741158	154.178	17.999974055961292
522	26.214195	159.762	16.000050074485795
523	25.986890	159.371	16.999956077329
524	27.610138	165.820	15.000000000000002
525	27.429737	163.988	15.99995121594263
526	29.104211	171.493	15.00002915570898
527	28.885475	172.747	14.999971055937293
528	31.625683	181.986	13.999978020287276
529	31.541065	186.164	14.00002148643132
530	33.046280	188.854	12.999989409808634
531	32.581126	192.377	12.999994801873404
532	34.145665	198.500	12.0
533	33.910989	200.131	12.999985009818568
534	35.340739	203.100	13.000000000000002
535	35.132174	204.700	12.000000000000002
536	37.772834	222.555	10.999977533643369
537	37.610051	226.464	10.99998233714851
538	38.996464	233.282	10.999991426685298
539	38.870046	227.982	10.9999912273776
540	40.041074	243.720	10.0
541	39.986692	243.727	11.000012308853758
542	45.179726	303.311	9.00000329694604
543	45.011660	294.920	9.999999999999998
544	17.527963	130.456	25.000000000000004
545	17.368271	129.469	26.000046343140056
546	18.960902	133.613	23.000007484301676
547	18.696130	134.083	24.000059664536145
548	20.320361	138.509	22.000014439494908
549	20.210288	139.262	20.99998563858052
550	23.162971	146.889	19.000061270755467
551	22.882702	147.789	19.000060897631084
552	24.599823	152.261	18.000013135339973
553	24.294289	154.150	17.999999999999996
554	25.683021	157.041	17.000019103291496
555	25.570224	158.688	17.000025206694897
556	22.732142	157.868	19.000050675247675
557	26.101057	162.553	16.999993848160294
558	28.668062	171.413	15.00002916931621
559	28.368814	172.240	14.999999999999998
560	31.041849	185.257	14.000010795813383
561	30.748781	182.093	13.99998901660141
562	32.360411	189.938	13.00003158925544
563	32.177368	189.750	14.0
564	33.528394	194.585	12.999974304288614
565	33.134178	199.577	12.999994989402587
566	35.003142	207.800	11.999999999999998
567	34.507979	207.975	12.0
568	37.198521	224.882	10.999991106446936
569	36.780075	224.918	11.000008892129575
570	38.328621	233.682	10.999991441360482
571	38.020880	234.164	10.99998291795494
572	39.521826	243.580	10.0
573	39.094016	244.345	11.000020462870124
574	44.473968	293.970	9.999999999999998
575	44.429591	295.340	10.000000000000002
576	17.172538	130.150	26.0
577	16.984540	128.804	25.999968945063817
578	18.618699	133.278	23.000045018682755
579	18.438382	132.520	24.999999999999996
580	20.023191	138.309	22.00001446037496
581	19.852561	138.768	22.00002882508936
582	22.762380	147.042	19.00001360155602
583	22.427352	147.245	20.0
584	23.973096	152.900	17.999999999999996
585	23.754433	153.306	17.99994781678473
586	25.184323	156.300	18.0
587	24.987121	158.824	16.99994962977887
588	26.618337	163.213	15.999950984296595
589	26.204356	163.400	17.0
590	27.687943	170.494	15.999976538763828
591	27.584113	168.481	16.00002374154949
592	30.528556	183.664	14.000021778900603
593	30.223341	184.329	13.999967449506045
594	31.804392	190.854	12.99998952078552
595	31.251255	189.800	13.999999999999998
596	32.976020	198.392	13.00002016210331
597	32.560910	194.593	13.999989722138002
598	34.063427	206.158	12.000019402594129
599	33.718637	206.746	13.000009673705899
600	36.582425	217.775	12.0
601	35.575762	222.825	12.000000000000002
602	33.135399	215.162	12.999972114035005
603	37.212611	232.464	10.99998279303462
604	38.811637	241.573	10.999987581393617
605	38.244732	235.342	11.999983003458794
606	43.781090	292.020	10.0
607	43.421342	290.710	10.0
608	16.766311	128.944	27.000093063655545
609	16.541623	128.604	26.99993779353675
610	18.197559	132.254	24.000030244831915
611	17.965203	132.088	25.0
612	19.630785	136.387	22.999992667922896
613	19.218758	138.204	23.0000578854447
614	22.193378	147.050	20.0
615	21.959060	147.675	20.0
616	23.560331	152.583	18.000039322860346
617	23.147088	151.168	19.00005292125317
618	24.781136	156.622	18.00002553919628
619	24.374190	157.567	17.999961920960605
620	26.144153	163.750	16.0
621	25.657717	163.053	16.999993867024834
622	27.533299	168.825	16.0
623	27.019705	170.025	16.0
624	29.924605	182.964	14.000021862224262
625	29.575615	183.236	13.999978170228559
626	30.949032	190.050	13.999999999999998
627	30.648618	186.713	15.000026779067339
628	32.248621	193.693	13.999989674381622
629	31.925543	194.136	13.99997939588742
630	33.619974	205.250	12.0
631	32.955829	204.269	13.000014686516309
632	35.925286	222.225	12.0
633	35.309644	218.142	11.999981663320222
634	37.067363	227.625	12.0
635	36.463600	225.808	12.000017714164246
636	38.328904	241.318	11.00000828781939
637	37.450427	233.558	12.000017126366897
638	43.055565	287.080	10.000000000000002
639	42.463809	301.030	10.000000000000002
640	16.524927	128.896	27.00006206554121
641	16.280789	128.626	26.999984451044114
642	17.818628	131.460	25.0
643	17.553023	131.650	26.0
644	19.217371	136.765	23.000036559061165
645	18.958237	136.483	22.99993405772147
646	20.645803	146.467	20.999952207664524
647	19.851348	143.032	21.9999720342301
648	22.969827	148.900	20.0
649	22.835210	150.410	20.0
650	24.338485	157.628	17.999974623797804
651	23.942989	157.233	18.00003815992826
652	25.714008	163.294	17.00001224784744
653	25.063804	162.976	17.00004908698213
654	27.027811	167.344	15.999976097141218
655	26.533040	169.625	16.0
656	29.539290	180.813	15.000027652878941
657	28.840033	182.627	14.999972621791958
658	30.685878	189.250	14.0
659	30.084964	184.993	15.000027028049711
660	31.810466	196.154	12.999989803929566
661	31.093151	195.093	13.999989748478932
662	33.034503	198.254	12.999989911931161
663	32.335449	201.608	12.999980159517479
664	35.024819	216.575	12.000000000000002
665	34.497751	219.883	12.000018191492748
666	36.533459	225.225	12.0
667	35.439126	229.008	12.000017466638718
668	37.448096	232.575	12.000000000000002
669	36.451565	232.358	12.00001721481507
670	42.464840	292.670	9.999999999999998
671	41.313006	297.010	10.0
672	16.020500	128.507	28.000031126709047
673	15.919805	127.889	28.000062554246263
674	17.622014	131.832	25.000000000000004
675	17.214662	131.438	26.000091297798203
676	18.894612	135.796	23.999970544051372
677	18.621013	137.304	23.00005826487211
678	21.469272	146.325	20.0
679	21.320307	145.724	20.999972550849552
680	22.847878	151.368	19.00005285132921
681	22.244499	151.055	20.0
682	24.085279	156.572	18.000025547352017
683	23.082543	153.430	20.0
684	24.958406	161.947	17.000006174859674
685	24.749716	163.253	16.999993874538294
686	26.611952	166.418	16.99996394620774
687	26.051148	166.088	17.000024083618325
688	28.923847	179.933	15.000027788121134
689	27.992174	181.193	15.000027594885012
690	28.736241	181.427	14.99997244070618
691	29.450881	186.853	15.000026759003067
692	31.164846	190.786	13.999979034101035
693	30.554475	194.507	14.000010282406288
694	32.445319	202.000	13.0
695	31.782636	201.438	13.000029785839812
696	34.313588	216.285	12.9999768823543
697	33.405492	214.223	13.000004668032844
698	35.386054	228.208	12.000017527869312
699	34.847512	221.215	13.000022602445584
700	36.911880	238.255	10.999979014081552
701	35.534736	236.608	12.000016905599136
702	41.649346	286.340	10.000000000000002
703	40.651955	295.360	10.0
704	16.099892	128.125	28.0
705	15.785616	127.404	27.999905811434495
706	17.237228	130.662	25.999908159985303
707	17.099288	131.092	26.000061025844442
708	18.732600	135.738	23.999911594395083
709	18.386950	136.575	24.000000000000004
710	21.191317	145.329	20.999938071548005
711	20.833072	145.886	20.999958871995943
712	22.523663	150.963	19.00001987241907
713	22.055228	149.925	20.0
714	23.468305	154.753	18.999954766628115
715	23.018823	155.479	18.999993568263235
716	24.923940	161.788	17.000024723712514
717	24.352397	159.850	18.000000000000004
718	26.278684	166.559	16.999981988364485
719	25.412035	164.906	17.9999514875141
720	28.271632	180.113	15.000027760350445
721	27.870535	180.020	15.0
722	29.245675	186.033	15.00002687695194
723	28.981236	183.500	15.0
724	30.804139	191.693	13.999989566650841
725	30.035156	193.964	14.000020622383536
726	31.896849	201.800	13.0
727	31.069402	199.750	14.0
728	34.370054	218.908	12.000018272516309
729	32.999775	218.077	12.999995414463699
730	35.277556	227.175	11.999999999999998
731	34.179237	221.208	12.999981917471338
732	36.443387	237.150	12.0
733	34.992646	229.967	11.99998260620002
734	41.250341	290.070	10.0
735	39.336209	293.755	10.999982979013124
736	15.709544	125.655	29.00003979149258
737	15.610091	125.859	28.99991260060862
738	17.045758	130.085	25.99992312718607
739	16.811647	130.404	26.999938652188586
740	18.383393	135.367	23.999940901401377
741	18.065339	136.692	23.999941474263306
742	21.126897	145.425	20.0
743	20.569701	146.452	21.00005462540628
744	22.183743	148.900	20.0
745	21.642975	149.920	20.000000000000004
746	23.418965	153.542	19.00001302575191
747	22.939878	154.979	18.999993547512886
748	24.637541	160.006	17.99995000187493
749	23.949942	161.528	17.999975236491508
750	25.853342	166.094	17.000012041374163
751	25.552176	167.494	17.000011940726235
752	27.979777	179.240	14.999999999999998
753	27.460865	178.669	15.999977612232675
754	29.244420	186.029	13.999967746964185
755	28.547482	185.053	15.000027019286367
756	30.635120	192.757	14.000010375758078
757	29.621350	193.107	14.000010356952362
758	31.551668	198.100	14.0
759	30.736145	196.421	14.00003054663198
760	33.286052	213.177	12.999995309062424
761	32.819610	216.838	13.000027670426771
762	34.882641	226.150	12.0
763	33.571256	218.969	13.000013700569488
764	36.010180	235.525	12.0
765	34.607711	229.100	13.000000000000002
766	40.557657	285.682	10.99999299920891
767	39.513941	286.282	10.999993013881419
768	15.644194	127.324	29.000031415915302
769	15.426026	127.076	28.999968522773774
770	16.854844	130.392	26.000061353457266
771	16.695024	130.704	26.999938792997916
772	18.208944	134.268	25.0
773	18.022646	136.333	24.000058679850074
774	20.775465	144.843	20.99997928791864
775	19.884880	143.174	22.99998603098328
776	20.773139	147.814	21.00004059155425
777	21.602392	149.665	20.000000000000004
778	23.072929	153.753	18.99995447243306
779	22.641219	154.316	18.99997407916224
780	23.980510	157.558	18.999987306261822
781	23.894886	160.711	18.000012444698868
782	25.629090	166.900	17.0
783	25.102242	166.412	16.99997596327188
784	27.575810	177.775	16.0
785	27.186063	176.000	16.0
786	28.622807	182.920	15.000000000000002
787	28.050356	184.067	14.999972835978204
788	29.945726	189.887	14.999973668550243
789	29.107207	189.140	15.0
790	30.386014	197.779	13.999969663108825
791	30.051551	200.014	14.000019998600097
792	33.118982	215.654	12.999990725884983
793	32.089546	209.936	13.999980946574194
794	34.006208	223.817	11.999982128256567
795	32.989760	223.615	13.00002235985958
796	35.282952	226.477	12.999995584540592
797	34.020424	227.715	13.000021957271152
798	40.495360	295.160	9.999999999999998
799	39.068452	281.773	10.999989353131776
800	15.448657	127.110	29.00007867201636
801	15.226253	126.013	30.00007935689175
802	16.681376	128.656	26.9999067280189
803	16.474902	130.811	27.000022933851128
804	17.935791	134.016	25.000000000000004
805	17.811160	135.696	25.0
806	20.444273	143.509	22.00001393640817
807	20.104261	142.857	22.999922999922997
808	21.660356	149.575	20.0
809	20.976899	148.795	21.000033603279682
810	22.653173	153.837	18.999980498839683
811	22.177628	152.810	20.0
812	23.908302	159.883	18.00003752744194
813	23.284911	158.863	19.000018884195818
814	25.237504	164.265	16.99996956137948
815	24.656944	165.011	18.000012120404094
816	27.394173	178.040	15.0
817	26.583522	176.088	15.99995456817046
818	28.455012	182.987	14.999972675654556
819	27.187856	181.956	16.000021983336634
820	29.390014	190.667	14.999973776269622
821	28.883547	187.144	15.999978626084726
822	30.633558	194.520	15.0
823	29.939958	195.807	14.999974464651418
824	32.782798	215.500	13.0
825	31.285429	209.193	13.999990439450649
826	33.744097	221.554	12.999990972855375
827	32.891704	216.931	12.999986170717877
828	34.480774	228.192	13.000017529098303
829	33.413257	226.862	12.999973552203542
830	39.320588	291.636	11.000013715727825
831	38.738522	286.036	11.00001398425373
832	15.239362	127.197	28.999897796331673
833	14.964006	126.020	30.0
834	16.513996	130.274	27.00001535225755
835	16.143020	130.700	27.000000000000004
836	17.739881	133.777	25.999985049746968
837	17.456268	133.988	26.000089560259127
838	20.233995	144.014	21.999944449845152
839	19.656805	144.477	22.000041529101516
840	21.316343	146.986	20.99995917978583
841	20.763609	148.467	20.99995285147541
842	22.518897	152.510	20.0
843	22.078982	151.500	21.0
844	23.491222	157.763	19.00001901586557
845	22.984846	156.380	20.0
846	24.804526	164.876	17.000048521312987
847	24.359836	165.472	18.000024173274028
848	27.035311	177.681	16.000022512255107
849	26.385342	176.931	16.00002260768322
850	27.991729	182.113	15.999956071230502
851	27.263348	180.694	15.99997786312772
852	29.029786	188.847	14.999973523540218
853	28.330274	190.453	15.000026253196328
854	29.782348	196.879	13.999969524428712
855	29.720116	195.647	14.999974443768624
856	32.014026	213.192	13.00001876243011
857	31.212107	212.400	14.0
858	32.650972	215.157	14.000009295537676
859	32.024602	216.450	14.000000000000002
860	34.131201	224.769	13.00001334703629
861	33.621000	229.000	12.0
862	38.923397	288.300	11.0
863	37.837557	282.700	12.0
864	15.087237	127.510	29.000078425221552
865	14.742263	126.260	30.0
866	16.373715	129.644	27.000092561167506
867	16.006166	130.393	26.99991563964323
868	17.513388	134.752	25.0
869	17.409321	134.019	26.00004476977145
870	20.020273	142.591	21.999985973869318
871	19.563729	142.665	23.000035047138404
872	20.574819	148.152	21.000053998596037
873	20.831126	147.838	21.000013528321542
874	22.222454	151.350	20.0
875	21.921604	153.195	20.0
876	23.347601	159.022	18.00002515375231
877	22.888517	157.816	18.999974654027476
878	24.571002	162.656	17.99995081644698
879	24.055378	164.783	18.000036411523034
880	26.472664	174.625	16.0
881	26.285181	174.271	16.9999598326744
882	27.545166	182.275	16.0
883	27.066068	180.319	15.999977817090823
884	28.763178	189.393	15.000026400130945
885	28.046073	190.153	15.00002629461539
886	29.313968	194.700	15.0
887	28.920717	195.327	14.999974401900403
888	31.622983	207.836	13.99998075405608
889	30.861955	210.950	14.000000000000002
890	32.444800	215.093	13.999990701696477
891	31.998366	216.486	13.99998152305461
892	33.331191	223.308	12.999982087520376
893	32.522424	229.731	12.999986941248679
894	38.400904	291.291	10.999996567006876
895	37.525567	286.100	10.999999999999998
896	14.940277	126.603	30.000078987069816
897	14.820025	125.306	31.000111726493543
898	16.223517	128.950	28.0
899	16.048702	130.154	27.999907801527424
900	17.350206	134.500	25.0
901	17.354781	133.654	25.999970071976897
902	19.506656	141.278	23.000042469457384
903	19.632036	143.527	22.000041803981134
904	20.984497	146.752	21.00005451373746
905	20.513852	147.050	21.999999999999996
906	22.077119	152.845	20.0
907	21.741826	151.157	21.000019846914135
908	23.091410	158.047	19.000044290622412
909	22.759497	156.155	20.0
910	24.479091	164.361	18.000012168336774
911	23.940690	161.747	19.000043277464187
912	26.431319	176.119	15.999977288083626
913	25.850333	174.282	17.000034426963197
914	27.421552	181.356	16.00002205606652
915	26.918834	179.135	17.000027911910014
916	28.662772	186.013	15.00002687984173
917	27.723070	186.331	16.000021467174008
918	29.239742	195.993	13.999989795553924
919	28.914118	194.613	15.000025692014407
920	31.120938	210.800	13.999999999999998
921	30.538824	207.336	13.99998070764363
922	32.086158	215.893	13.999990736151705
923	31.570834	215.379	13.99997214213085
924	33.064341	227.423	13.000004397092642
925	32.214411	222.514	14.00001797639699
926	37.842606	289.682	10.999993095877548
927	37.108189	288.782	10.99999307436059
928	14.986711	126.620	29.999999999999996
929	14.786995	126.097	29.99992069597215
930	16.276446	129.978	26.999953838341874
931	15.782721	129.618	27.99996914008857
932	17.399315	133.054	25.999969937018054
933	17.103344	133.958	25.99994027978919
934	19.829968	142.518	22.00002806663018
935	19.490868	142.457	22.999922783717192
936	20.779905	147.300	21.0
937	20.645062	147.448	20.999945743584178
938	21.809476	150.367	20.99995344723244
939	21.523139	151.190	21.000066141940604
940	23.003191	157.847	19.00004434674083
941	22.385973	158.805	19.00003148515475
942	24.274052	162.061	18.00001234103208
943	23.805856	163.044	18.000049066509654
944	26.387739	173.341	17.00001730692681
945	26.031284	174.519	15.9999770798595
946	27.382383	179.950	16.0
947	26.873437	182.838	15.999956245419444
948	28.477425	187.880	15.0
949	27.969462	189.627	14.999973632446856
950	29.127722	193.673	15.000025816711673
951	28.550683	195.013	15.000025639316352
952	31.032851	205.143	13.999990250703169
953	30.568282	208.564	14.000019178765273
954	32.145355	219.277	12.999995439558186
955	31.638615	218.762	12.999972572933142
956	32.644884	223.808	12.99998212753789
957	32.439852	228.415	13.000021889980957
958	37.645664	287.382	10.99999304062189
959	37.002119	287.236	11.000013925831023
960	14.954125	126.463	30.000079074511916
961	14.455442	125.348	31.000095733478
962	16.017319	128.721	28.00009322488172
963	15.957556	129.496	28.000092666954963
964	17.301926	133.158	25.999939920996113
965	17.105452	133.950	26.0
966	19.656228	141.678	23.000042349553212
967	19.526332	144.195	22.000069350532268
968	20.731798	145.905	21.999931462252835
969	20.390162	146.782	21.999972748702152
970	21.764620	152.460	19.999999999999996
971	21.520997	152.915	20.000000000000004
972	22.965858	156.242	19.000012800655394
973	22.602270	156.285	20.0
974	24.048463	164.044	18.000048767403868
975	23.779273	164.578	17.99997569541494
976	26.186230	173.565	16.99997119234869
977	25.544748	171.594	18.00004662167675
978	27.077140	180.781	16.000022126219015
979	26.709766	181.281	16.000022065191608
980	27.918562	186.619	15.999978565955235
981	27.524261	185.525	16.0
982	29.068588	191.740	14.999999999999998
983	28.486605	194.207	14.999974254275077
984	30.734173	208.629	13.999971240815038
985	30.369998	211.564	14.000018906808343
986	31.850284	218.292	13.000018324079674
987	31.973459	217.746	13.000009185013731
988	33.120343	226.577	12.999995586489362
989	32.108569	228.946	13.000008735684398
990	37.322917	289.700	11.0
991	36.861641	288.000	11.0
992	14.641748	125.877	31.000103275419654
993	14.768851	125.977	29.999920620430714
994	16.009211	129.129	27.999907069674514
995	15.775673	129.825	28.0
996	17.306086	133.285	25.999924972802642
997	17.096567	133.973	26.00001492838109
998	19.656224	141.787	22.99999294716723
999	19.378319	143.818	22.00002781293023
1000	20.872635	145.964	21.999945191965143
1001	20.595065	146.191	21.999986319267258
1002	21.829096	153.020	20.0
1003	21.565710	152.670	20.000000000000004
1004	22.812415	155.445	20.0
1005	22.409685	156.210	19.999999999999996
1006	24.097136	162.928	17.999975449278207
1007	23.687163	163.994	18.000048782272522
1008	26.033972	173.012	16.9999768802164
1009	25.839128	175.847	17.00000568676179
1010	27.028775	177.606	16.999988739119175
1011	26.743346	179.018	16.99996648381727
1012	27.527601	183.994	15.999978260160658
1013	27.654516	188.056	16.00002127025992
1014	29.111999	191.533	15.000026105162036
1015	28.588390	194.347	14.999974272821293
1016	30.819550	209.243	13.999990441735209
1017	30.447957	205.000	15.0
1018	31.634429	218.900	12.999999999999998
1019	31.037199	213.329	13.999971874428699
1020	32.572228	222.643	13.999991017009293
1021	31.956276	223.729	13.999973181840529
1022	37.273579	280.817	11.999985755848115
1023	36.764749	282.367	11.99998583403868
