-1	0	90	0
0	1.425115	98.007	293.0004999642882
1	1.368667	98.351	293.0005795568932
2	1.491642	99.212	271.9993549167439
3	1.464141	100.000	271.999
4	1.593957	99.920	252.9993995196157
5	1.577811	100.006	252.99882007079577
6	1.793725	101.738	223.00025555839508
7	1.797853	102.835	222.99897894685662
8	1.903151	102.573	208.99944429820715
9	1.906255	103.958	208.99978837607497
10	2.016622	103.741	197.9998264909727
11	2.016034	103.853	198.000057773969
12	2.113637	104.518	187.99919631068332
13	2.120715	105.330	190.0
14	2.221770	105.426	179.99924117390395
15	2.235657	106.643	179.0000281312416
16	2.450245	108.229	165.00013859501613
17	2.454517	109.307	162.9996249096581
18	2.735195	109.447	155.99970762104033
19	2.548806	109.738	156.00065610818496
20	2.662806	110.534	149.99999999999997
21	2.695251	111.793	148.00032202374032
22	2.740132	111.323	145.9994789935593
23	2.945375	112.157	145.9998038463939
24	2.996836	114.274	135.9994399425941
25	2.972206	115.265	136.00052053962608
26	3.070261	115.250	130.9995661605206
27	3.092769	117.236	129.0004776689754
28	3.185515	117.341	126.0002897537945
29	3.188178	118.748	127.00003368477785
30	4.110342	144.549	99.00033898539594
31	4.036479	144.272	100.00000000000001
32	2.951797	101.359	147.9996842904922
33	2.867798	101.989	152.99983331535753
34	3.036169	102.463	139.0004196636835
35	3.004299	102.825	137.99951373693168
36	3.298780	103.189	130.00029072866295
37	3.428133	104.330	130.0
38	4.239055	105.918	113.99950905417398
39	3.631615	107.148	114.00026132078993
40	4.085679	106.631	109.00019694085209
41	3.924749	107.836	111.00003709336399
42	4.121887	108.620	100.9998158718468
43	4.085334	110.231	100.00000000000001
44	4.403704	109.503	99.00002739650968
45	4.375636	111.357	96.0002514435554
46	4.544983	111.158	91.00019791647924
47	4.696045	112.784	91.99975173783515
48	5.478711	113.746	84.99991208482056
49	5.279878	115.469	82.99976617100694
50	5.315004	115.649	79.99982706292315
51	5.306171	114.560	85.0
52	5.771815	116.853	77.99970903613942
53	5.426269	116.060	81.00034464931932
54	5.917248	119.315	73.0000419058794
55	5.820308	119.530	73.99983267798879
56	6.610321	123.973	65.99985480709509
57	6.219295	121.136	74.0002971866332
58	6.736810	124.476	65.9998714611652
59	6.345933	123.776	71.00003231644261
60	6.800044	124.897	70.00008006597436
61	7.227016	127.451	62.99989800001569
62	8.094044	150.605	56.00013279771588
63	7.992605	155.963	50.99991664689703
64	4.389544	103.860	103.00019256691701
65	4.432358	104.863	101.0003528413263
66	4.653042	104.966	98.00030486062154
67	4.604640	105.678	97.00032173205398
68	5.098693	106.805	87.99962548569822
69	5.367011	107.601	90.00009293593926
70	6.032674	108.506	82.00007372864174
71	5.555677	109.403	77.9996892224162
72	6.121034	109.942	76.00007276564007
73	6.071187	111.861	73.9998748446733
74	6.666161	112.255	70.9999554585542
75	6.393520	113.372	70.9998941537593
76	7.139688	113.455	69.00004407033626
77	6.703655	116.476	63.00010302551598
78	7.193860	114.682	64.99973840707348
79	7.079487	117.576	61.99989793835477
80	8.120115	117.137	62.99973535262129
81	7.778374	116.772	69.00027403829685
82	8.464436	122.024	54.000032780436634
83	8.572275	120.147	57.99978359842526
84	8.663247	125.448	50.0
85	8.548558	124.379	51.999935680460524
86	8.832763	120.283	59.00002494118038
87	9.178615	119.080	63.999832045683576
88	10.097729	128.816	50.0
89	9.394038	129.204	49.00003095879384
90	9.768039	128.977	51.999968986718564
91	9.884011	130.431	48.99985432910888
92	10.395887	131.898	48.99998483676781
93	10.381603	126.360	58.00015827793605
94	12.747123	168.497	36.00004747859012
95	12.309649	167.376	36.99992830513335
96	6.355936	107.744	77.999702999703
97	5.738755	106.088	82.99996229545283
98	6.041452	108.324	75.99977844245043
99	6.845664	108.137	75.00023118821495
100	6.344883	109.336	72.0000731689471
101	6.926980	109.957	68.0002182671408
102	7.234902	110.804	67.00028879823833
103	7.977324	114.371	57.99984261744673
104	8.103183	115.352	55.99989597059435
105	8.203664	114.189	61.99984236660274
106	7.858204	116.625	56.0
107	9.410242	115.000	60.0
108	9.347184	117.175	56.0
109	8.357379	115.475	58.99978350292271
110	10.211885	116.510	60.0
111	9.509253	115.643	60.999801112043095
112	10.766888	114.932	62.99986078724811
113	10.758796	117.645	55.99982999702495
114	10.332795	125.907	45.99982526785644
115	10.026999	124.034	49.99999999999999
116	11.189753	127.991	43.99996874780258
117	11.160977	123.576	51.00019421246844
118	13.148276	122.057	56.00006554314787
119	12.397523	123.332	53.000032432783065
120	13.016964	122.251	58.9999263809703
121	13.290664	124.071	57.99985492177866
122	13.222483	126.583	53.000007899954966
123	13.902014	126.819	52.999944803223485
124	14.185144	127.515	53.00003921107321
125	14.045826	128.100	52.0
126	16.223175	144.273	47.99997227478461
127	15.999139	148.378	44.99993260456402
128	7.433184	110.258	63.99989116435996
129	7.675435	107.192	76.00007463243526
130	7.889590	109.806	64.00014571152761
131	8.376474	107.551	78.99973036048014
132	8.534543	111.305	63.999820313552846
133	8.555112	111.424	62.00010769672602
134	11.289226	112.643	58.0000532656268
135	9.432526	115.185	52.99995659157008
136	10.543098	119.345	46.999874313963716
137	10.968166	116.978	51.00018806955154
138	10.924126	117.419	52.000102198111044
139	11.724952	114.531	61.00007858134478
140	12.942275	115.037	59.000147778540814
141	12.166841	112.318	61.999857547321
142	12.344031	116.226	53.99996558429267
143	12.700417	121.363	46.00001647948716
144	15.037223	115.889	61.999844678960045
145	13.761598	116.339	61.99984527974282
146	16.067041	117.010	60.0
147	14.335887	120.094	52.00009992172798
148	15.637309	117.777	62.000220756174805
149	15.860410	118.261	57.00019448507961
150	15.738498	118.523	60.999974688457094
151	15.591861	120.416	56.999900345469044
152	18.046170	126.066	50.0
153	17.581063	124.004	54.99983871488016
154	18.706945	125.792	50.0
155	17.178915	126.837	51.00010249375182
156	18.649999	126.406	50.99995253389871
157	19.078383	126.165	52.00015852256965
158	20.908889	148.039	43.999891920372335
159	23.253197	148.749	42.999952940860105
160	8.286737	111.833	57.99987481333775
161	9.730321	106.205	80.99995292123724
162	10.348085	108.734	67.00020232861847
163	10.497704	107.536	75.0
164	11.212580	113.704	52.99989446281574
165	10.145775	113.883	53.00000878094185
166	12.292171	110.329	68.00025378640248
167	12.692909	113.059	61.00000884493937
168	13.653781	112.902	60.99980514074153
169	12.804999	113.387	60.999938264527685
170	14.422145	113.556	60.99985910035577
171	14.761889	113.725	60.0
172	14.565942	121.270	45.999835078749896
173	15.247768	115.153	58.00022578656222
174	16.549244	115.087	59.99982621842606
175	15.394491	115.833	57.99987913634284
176	17.281239	117.560	56.99982987410684
177	17.248140	117.921	56.0002035260895
178	19.582950	121.788	47.99980293624988
179	20.048906	116.756	57.00006851896263
180	18.212747	118.686	56.99998314881283
181	19.846495	119.069	55.00004199245816
182	19.751254	118.367	56.99983948228813
183	19.423859	120.013	53.00009165673718
184	20.613654	125.286	48.999888255671024
185	21.125735	125.475	50.999800757122934
186	23.185731	125.088	50.0
187	20.788651	128.828	46.00009314745242
188	23.043628	126.466	50.00000000000001
189	22.344606	129.067	47.99987603337801
190	25.842781	146.348	45.999945335774996
191	25.201962	145.457	43.999945000928115
192	10.377719	109.222	68.00003662265844
193	10.613291	108.618	67.99977904214771
194	11.142949	111.723	56.99990154220706
195	10.893723	112.205	57.000133683882176
196	12.831725	109.225	68.0
197	12.171829	109.987	63.00017274768837
198	14.670602	111.160	61.99982007916517
199	15.440455	111.115	65.00022499212528
200	15.412121	111.690	63.00026860059092
201	15.486514	111.578	62.99987452723655
202	17.603448	113.531	61.00007927350239
203	16.194019	116.955	50.999957248514384
204	17.014809	112.977	59.999822972817476
205	17.195898	113.852	61.00024593331693
206	18.342913	114.990	57.99982607183233
207	17.807009	115.705	56.00017285337712
208	20.342701	116.963	55.99976060805554
209	20.152175	117.288	55.99976127140032
210	21.436159	119.931	51.99989994246692
211	22.270764	121.122	50.99981836495434
212	22.392606	119.198	52.00003355761003
213	22.713410	120.786	51.000115907472725
214	22.326086	123.506	49.00004858063576
215	22.913993	120.033	54.00014995876134
216	24.779542	122.866	50.0
217	24.215964	124.153	50.99997583626654
218	25.657687	125.067	52.00012793142876
219	25.466419	126.437	48.99989718199578
220	28.202899	150.217	29.00004659925308
221	27.509802	152.671	28.000078600389074
222	28.896456	169.904	27.999929371880594
223	31.491638	173.256	26.999930738329407
224	12.354066	114.444	50.0
225	12.365567	116.280	45.0
226	14.423473	114.873	47.99996517893673
227	13.429234	116.638	47.00012002949296
228	14.445987	115.671	47.99993083832594
229	15.154063	117.491	46.00011915806317
230	16.525309	119.148	43.999899284922954
231	17.421622	120.456	42.999933585707645
232	17.140889	121.048	41.999867821029675
233	17.234190	120.107	42.99999167409061
234	18.811455	121.638	42.000032884460445
235	19.890182	121.190	42.000165030118
236	19.457022	123.695	38.99995957799427
237	21.530077	125.184	38.000063905930475
238	21.255425	124.162	40.00016107987951
239	21.845977	124.608	38.99990369799691
240	24.833829	129.647	36.000061706017114
241	23.223910	128.919	36.00012410893662
242	23.580942	140.069	28.999992860661532
243	24.398855	130.831	35.00011465172628
244	25.493981	134.365	33.9999255758568
245	25.441456	133.424	33.999880081544546
246	27.357594	137.036	33.00008756823024
247	25.957084	136.215	33.99992658664611
248	28.662487	143.290	31.000069788540724
249	28.634444	140.741	31.999914736999163
250	30.837866	144.271	30.999993068600066
251	31.123346	142.856	32.000056000448005
252	33.090922	146.416	31.000027319418642
253	30.659393	150.048	29.000053316272123
254	35.933538	172.133	27.000052285151597
255	34.629333	171.856	26.999930174099248
256	13.747467	113.084	51.000141487743626
257	14.622597	112.492	52.00014223233652
258	15.797620	114.118	49.000157731470935
259	15.078323	119.941	36.999858263646296
260	16.572248	117.802	42.00013582112358
261	16.931101	117.721	42.0001529038999
262	18.901617	117.511	45.00004254920816
263	17.951703	118.334	44.00003380262646
264	19.709177	119.637	43.00007522756338
265	20.770368	122.368	38.00013075313808
266	21.583220	137.144	27.00008749927084
267	21.131701	124.495	37.999919675488975
268	19.820762	140.323	26.00001425283097
269	22.818088	127.406	35.9998744172174
270	22.591665	127.150	38.0
271	25.197492	125.249	38.999912174947504
272	25.837779	132.400	35.0
273	26.123546	131.400	35.99999999999999
274	29.411233	133.297	36.00006001635445
275	26.002300	129.500	39.0
276	27.664239	136.135	34.00007345649539
277	30.229017	136.979	32.99994889727622
278	31.273549	137.338	34.0000582504478
279	29.208092	139.391	31.99991391122813
280	33.193257	143.269	31.999944160983883
281	30.605968	143.325	32.0
282	34.903981	145.341	31.99991743554812
283	33.862055	147.977	31.000087851490434
284	35.717149	148.219	31.000074214506913
285	35.479400	151.472	29.000079222562583
286	40.630044	180.352	26.999977821149752
287	37.370283	186.084	25.0
288	15.356871	113.892	47.999859516032735
289	15.336329	111.810	49.00008943743851
290	16.176235	113.163	49.00011487853804
291	16.500480	112.996	48.99996460051683
292	17.659911	116.129	44.99995694443248
293	18.180012	116.476	46.000034341838656
294	20.824736	120.915	40.0
295	20.602865	120.362	41.99996676691979
296	22.976391	122.056	39.00013108736973
297	21.469351	121.045	40.0
298	25.287396	122.518	38.99998367586804
299	23.251707	124.559	38.999991971676074
300	24.874458	123.679	39.00015362349308
301	25.484895	126.619	36.99997630687337
302	25.422234	126.379	39.000150341433304
303	26.050741	128.094	36.000124908270486
304	28.077865	130.574	35.000076584925026
305	29.200271	133.109	33.999954924159894
306	30.729864	133.306	33.00001500307563
307	29.581811	133.179	34.000105121678345
308	30.595374	135.239	33.00009612611746
309	31.681590	135.185	34.00007397270407
310	33.241314	138.400	32.0
311	33.730290	137.582	32.99995638964399
312	36.505578	142.420	30.000000000000004
313	37.087356	144.780	29.999999999999996
314	38.374906	147.447	29.999932179020256
315	36.757681	149.048	29.000053673984215
316	37.444331	153.471	28.000078190667942
317	37.379502	149.403	29.00008701297832
318	45.644530	181.908	25.0
319	45.787679	179.046	26.00002234062755
320	17.032419	114.193	46.00019265629241
321	18.714869	113.431	48.00010579118583
322	17.779487	114.316	44.99982504636271
323	19.065813	115.986	43.00001724346041
324	19.897822	115.298	46.999947960936005
325	19.652157	114.868	47.00003482257896
326	21.589859	117.949	40.99992369583464
327	23.085913	116.412	40.00017180359413
328	24.767192	118.693	41.99994944941994
329	23.485750	119.379	43.000025130048
330	25.969878	119.061	44.000134384895134
331	25.994910	120.331	41.99998337917909
332	27.427649	121.878	39.99983590147525
333	26.934556	123.202	41.00014610152433
334	27.186241	125.134	38.00006393146547
335	28.343774	122.256	41.0000327182306
336	31.683997	128.700	35.0
337	31.801889	125.903	38.99986497541758
338	33.727166	128.446	36.99998442925432
339	31.772572	127.418	38.99998430363057
340	33.104671	129.700	37.0
341	33.787512	130.081	37.00002306255333
342	37.705849	136.542	33.00010253255408
343	35.400610	134.147	36.00005963607088
344	39.609687	139.067	32.99992090143599
345	41.385873	138.185	34.000072366754715
346	38.103802	138.324	33.999884329545125
347	41.131887	136.154	35.00007344624469
348	40.926448	142.297	32.99999297244496
349	43.390375	141.053	33.99998582093256
350	47.412441	167.728	28.999928455594773
351	47.203971	170.176	28.999976494922908
352	18.913084	111.478	50.0
353	17.709789	109.995	55.99981817355334
354	21.588748	110.922	54.00010818412939
355	18.784024	108.625	56.999769850402764
356	21.907509	112.394	51.000053383632576
357	21.126094	111.339	53.99994611052731
358	23.235132	116.460	41.999828267216216
359	25.290054	113.462	48.000211524563284
360	25.065026	113.943	46.000193078995636
361	25.709107	115.010	49.000086948960956
362	28.603743	115.002	49.0000173910019
363	27.501146	115.090	47.999826222955946
364	28.515903	117.730	46.00016988023444
365	28.509651	115.845	46.99987051663861
366	30.474978	120.270	42.999916853745745
367	30.635140	118.860	46.999831734814066
368	32.870525	122.961	40.99999186734005
369	33.271567	119.878	44.99991658185822
370	38.440319	121.969	44.99995900597693
371	34.612677	122.636	44.00013046739946
372	36.981150	122.833	42.999845318440485
373	38.205294	124.981	41.99998399756763
374	39.861029	123.845	44.000161492187814
375	36.743594	124.470	42.99991965935567
376	40.548751	129.195	41.00003870118813
377	44.509721	125.028	46.000095978500816
378	41.656726	130.270	40.0
379	44.546572	128.472	43.00003113518899
380	44.591374	128.465	46.00007784221383
381	44.602704	131.831	41.999984829061454
382	55.016215	151.878	37.00009217924914
383	52.138173	147.242	38.00002716616183
384	19.152827	108.560	61.99981577008106
385	20.657950	107.535	60.00000000000001
386	21.381720	106.628	67.00022508159208
387	21.035470	105.907	58.999877250795514
388	22.797085	108.602	61.99977900959467
389	22.371372	109.200	61.99999999999999
390	26.525860	107.706	53.999777171188235
391	25.279514	109.731	58.00001822638999
392	27.951643	109.979	51.99992725884032
393	26.798234	113.119	53.999770153555104
394	28.243385	113.086	55.99985851475868
395	29.841388	117.304	45.00017049716975
396	32.109678	113.119	52.00010608297457
397	33.046856	113.938	52.00021064087486
398	32.706660	113.300	48.0
399	31.498784	116.933	48.99985461760153
400	36.147102	116.964	53.000068397113644
401	35.616471	117.166	53.00001706979841
402	38.464067	119.046	47.99993279908606
403	38.309301	120.550	44.0
404	38.979918	122.653	43.00017121472773
405	40.736196	120.719	47.000057985901144
406	42.760427	123.572	40.00016184896254
407	41.439462	125.778	39.99984098968023
408	44.931401	130.797	37.000084099788225
409	44.903030	131.411	37.999863025165325
410	48.178051	130.918	38.99998472326189
411	48.040985	130.767	38.99990058653942
412	47.618959	131.656	39.000121528832715
413	46.926230	131.830	36.99992414473185
414	56.713057	154.597	35.000032342154114
415	54.565510	160.878	32.000024863561215
416	20.804928	109.893	55.99992720191459
417	20.023641	109.369	55.00004571679361
418	22.471354	107.448	54.00007445461991
419	22.713602	108.136	52.99992601908708
420	23.727052	112.358	55.00008900122821
421	23.118532	115.366	59.00005200839069
422	27.211966	119.111	53.00014272401373
423	27.490809	113.134	50.0
424	29.645984	114.394	49.99999999999999
425	29.050555	113.574	50.0
426	31.033767	110.786	50.0
427	30.939935	114.940	47.99982599617192
428	34.412689	115.142	42.99994789043095
429	33.049944	117.363	42.99992331484369
430	34.821988	117.120	44.99999999999999
431	35.384208	117.002	43.00011965607426
432	38.451916	119.178	44.999916091896154
433	37.381440	121.886	43.000016408775416
434	38.547546	121.439	41.000008234586915
435	39.506272	119.948	43.99989995664788
436	43.616530	121.124	41.99993395198309
437	43.413907	121.226	46.00003299622193
438	43.702470	125.938	39.00014292747225
439	43.239304	127.118	39.99984266586951
440	48.721141	125.610	40.9999203885041
441	47.570536	127.141	39.00000786528342
442	51.177706	130.227	40.99994624770593
443	48.659285	127.962	40.00015629640049
444	53.958859	131.255	38.000076187573804
445	52.220699	136.122	36.000058770808536
446	63.126876	155.642	33.00008995001349
447	59.581559	152.529	34.99990165804535
448	22.629565	108.265	55.000230914884774
449	22.439854	108.664	57.99988956784215
450	23.266763	107.373	52.00003725331321
451	23.664146	108.216	50.00000000000001
452	26.926458	110.193	54.99986387520079
453	25.844682	110.875	53.000225479143175
454	31.013727	113.358	49.99999999999999
455	29.567547	111.574	50.0
456	31.612537	113.900	45.0
457	32.453174	113.939	48.99990345711302
458	36.931463	113.742	45.00008791827117
459	34.498591	112.584	48.99985788389114
460	37.057441	115.385	45.99991333362222
461	34.244343	114.604	50.99996509720429
462	37.698879	113.202	50.00000000000001
463	37.998904	114.862	51.999791053612164
464	41.186441	116.022	49.000189619210154
465	40.502566	139.956	25.000000000000004
466	43.303089	146.613	23.000006820677566
467	41.545859	168.131	16.000023790972516
468	43.437854	146.108	24.000054754017576
469	44.259858	144.052	25.000000000000004
470	47.815321	147.396	23.9999728622215
471	46.136920	175.056	16.00002284983091
472	51.857000	157.564	21.999949226980785
473	51.805368	171.844	18.000046553851167
474	54.354523	161.681	20.99999381498135
475	51.260583	176.306	17.999954624346305
476	56.724288	166.795	21.000029976917773
477	48.590028	182.976	17.000043721580973
478	65.359378	193.895	18.99997421284716
479	62.145779	207.700	17.0
480	23.418424	118.606	34.99991568723336
481	23.407968	118.591	34.00005059405857
482	25.672438	118.368	33.99989862124899
483	26.361552	118.842	33.000117803470154
484	27.393626	119.165	33.999916082742416
485	27.911565	120.712	33.00003313672212
486	31.648032	123.877	31.00010494280617
487	32.167542	124.242	30.999983902384056
488	33.076804	125.974	31.000047628875798
489	34.702519	125.652	30.999904498137713
490	36.198881	130.241	29.00008445881097
491	37.699506	128.903	29.00010085102752
492	38.031788	132.068	27.99996971257231
493	36.180145	133.659	27.000052372081196
494	39.214246	132.214	28.00006050796436
495	40.255713	132.889	28.00006020061856
496	45.024627	135.585	27.000036877235683
497	45.923922	134.289	28.00005957301045
498	47.311221	136.622	27.000043916792315
499	46.477947	140.273	26.00001425791136
500	50.201935	139.459	27.00005019396382
501	48.952502	143.108	24.999999999999996
502	40.819614	144.023	26.000013886670878
503	51.950661	142.092	26.000056301551105
504	56.416716	147.708	25.0
505	46.290185	149.948	24.999999999999996
506	56.876988	148.933	27.000060429857722
507	62.018572	150.552	25.000000000000004
508	60.372364	163.218	22.000024507100935
509	61.719818	162.691	21.99998770675698
510	68.238141	186.124	20.99997850895102
511	53.588219	198.333	18.000030252151685
512	23.870804	116.546	36.99998283939389
513	23.998071	114.858	37.999965174389246
514	25.505992	117.406	34.9999148254774
515	25.466377	117.221	38.000017061789265
516	28.103048	116.147	34.000017219557975
517	27.319854	116.811	35.00012841256388
518	31.309677	122.385	32.99995914532009
519	31.829608	121.594	31.999934207279967
520	33.877042	124.225	32.0
521	33.573223	122.774	33.99986967924805
522	37.257546	124.436	33.00009643511523
523	37.037593	126.466	31.999905112836654
524	37.527896	128.680	30.0
525	38.059437	128.133	30.0000780439075
526	40.082702	127.207	28.99997641639218
527	41.209261	129.355	30.999961346681616
528	44.731785	132.364	28.000060439394396
529	46.931816	136.904	26.99994156489219
530	47.077050	148.164	21.99994600577738
531	44.827536	139.888	26.00008578291204
532	49.552092	140.242	26.00005704425208
533	47.097002	143.452	25.0
534	52.183334	143.692	26.000055674637416
535	50.316380	145.820	25.0
536	54.900924	150.216	25.0
537	57.163760	179.688	15.999955478384758
538	56.328209	155.465	23.000032161579774
539	57.090051	152.360	24.999999999999996
540	50.234944	159.686	22.000050098317946
541	53.757593	156.696	23.999974472864654
542	68.157463	184.695	21.000027071658682
543	65.891136	195.805	19.000025535609407
544	24.324764	117.500	36.0
545	24.069900	118.364	32.999898617822986
546	26.014825	118.929	34.00011771729351
547	25.990961	114.556	35.999860330318796
548	27.983731	119.069	34.999874022625534
549	28.193457	121.527	33.00007405761683
550	33.615267	124.627	29.99991976056553
551	32.525689	123.681	30.99991106152117
552	34.732424	124.755	30.999959921446035
553	35.546787	127.333	30.000078534237
554	37.644848	126.665	30.999881577389175
555	36.481734	125.884	32.000095325855554
556	39.490480	128.497	29.99992217717145
557	38.449691	126.738	28.999984219413278
558	40.668860	130.904	26.999938886512254
559	40.444430	129.477	31.000100403932745
560	45.762733	137.162	25.999912512211836
561	45.356341	138.096	26.000028965357433
562	46.713966	135.411	27.999940920604676
563	48.428207	136.859	27.000051147531398
564	49.937767	142.096	23.99997185001689
565	39.690710	152.095	22.000065748380944
566	51.224272	142.354	25.999971901035444
567	53.639406	140.693	26.999921815584283
568	54.584806	146.312	25.0
569	54.124829	142.428	28.999915746903696
570	59.968608	152.012	25.0
571	56.978060	153.280	25.0
572	59.531368	149.904	25.0
573	61.473913	170.632	18.99995311547658
574	70.594437	172.071	23.99997675378187
575	67.342443	178.452	23.000022414991143
576	24.141925	114.063	38.000052602509136
577	24.626660	114.824	41.00013934369122
578	26.573693	115.611	37.99984430547266
579	26.902682	114.470	40.0
580	27.730508	115.950	38.0
581	29.380054	116.558	37.999965682321246
582	33.154732	117.200	38.0
583	33.236546	120.657	35.00004143978385
584	35.273435	120.838	34.000066204339696
585	35.935918	120.578	35.99993365290518
586	37.889288	122.526	34.99991838466937
587	36.568138	120.876	32.99993381647308
588	39.452588	123.525	32.0
589	40.791402	123.658	32.99988678451859
590	41.760510	124.174	33.99987114854961
591	40.860031	125.244	34.000031937657695
592	45.841397	129.623	30.99989970915656
593	44.422306	124.884	32.00009608917075
594	46.999595	132.654	27.999909539101726
595	49.409930	129.206	31.000108354101204
596	52.947928	132.748	29.000060264561426
597	49.888677	138.096	27.000057930714863
598	54.996628	140.254	25.999971480314287
599	51.916023	143.104	26.999944096601073
600	59.871161	148.096	25.0
601	59.045249	141.415	26.99996464307181
602	59.899125	147.515	26.000067789716304
603	50.206432	161.448	20.999950448441602
604	60.502420	150.296	26.00002661414808
605	59.114862	144.607	28.999979254116333
606	70.821218	175.326	23.00001140732122
607	70.953423	184.471	21.000048788156406
608	25.005328	114.031	41.99998246090975
609	24.230198	114.650	38.0
610	27.110164	113.702	41.00015830856098
611	26.596607	114.028	39.00007015820676
612	28.910801	114.977	40.00017394783305
613	29.237482	116.946	36.99998289808972
614	33.791155	119.137	35.00004196849006
615	32.945872	117.308	37.99996590172878
616	36.079810	117.162	38.999846366569365
617	36.247448	120.262	33.99993347857178
618	37.141494	122.020	35.0
619	37.909286	122.046	34.99991806368091
620	40.021375	120.831	35.99986758364989
621	41.179409	123.916	31.999903160205303
622	42.382829	122.173	36.99999181488545
623	42.080706	120.219	36.99997504554189
624	48.387349	126.921	33.000055152417644
625	45.275417	125.503	35.99993625650383
626	50.553987	125.456	33.99996811631169
627	49.261236	129.271	30.999992264312958
628	52.101317	130.703	32.00003060373518
629	50.775064	132.506	32.000060374624546
630	53.434863	132.217	29.999924366760702
631	53.559474	138.725	28.000000000000004
632	60.469252	133.271	33.99989495088954
633	58.475332	138.250	28.0
634	59.297397	137.575	32.0
635	59.273854	153.057	22.999928131349762
636	63.335700	143.254	27.999916232705544
637	63.105969	145.544	27.000082449293682
638	70.538865	170.852	25.0
639	69.768033	176.374	22.999988660460158
640	24.998226	128.184	25.0
641	25.246897	114.305	40.99995625738156
642	26.988598	114.803	39.999825788524696
643	27.075437	115.056	39.00013906271729
644	28.473905	116.953	37.99988029379323
645	28.688724	114.644	40.99996510938208
646	35.487850	117.136	36.00003414834039
647	33.078285	118.250	34.0
648	37.722957	120.882	34.00009927036283
649	36.373504	121.653	33.99998355979712
650	38.436021	122.794	34.00003257488151
651	39.940447	122.618	33.9999021350862
652	41.313214	123.434	35.00008101495536
653	39.671988	125.988	31.999873003778138
654	43.043300	127.355	30.999960739664715
655	41.678068	128.814	28.99995342121198
656	45.388074	130.390	30.0
657	47.020742	131.328	28.999908625730992
658	49.051017	134.546	28.000089188827616
659	49.559742	133.603	30.000074848618667
660	52.427854	133.572	29.00008983918785
661	51.385268	135.503	29.000095938835305
662	56.979028	138.521	28.000086629464125
663	53.337162	138.866	28.99989918338542
664	62.045861	144.519	26.99991004642988
665	53.656777	144.100	27.0
666	60.908691	143.348	27.00002790412144
667	62.156218	148.459	27.000047151065278
668	64.877790	148.077	25.99998649351351
669	60.975944	161.450	22.000000000000004
670	72.176787	169.944	25.000000000000004
671	76.802908	168.185	25.999940541665428
672	23.595185	115.810	39.00008634832916
673	25.663662	114.546	36.99998253976568
674	28.021949	116.811	36.99994007413685
675	27.683817	114.614	36.99984295112289
676	29.348062	116.108	36.00010335205153
677	30.318969	118.171	35.000126934696326
678	36.394929	120.345	33.00012464165524
679	33.053499	119.577	35.000041814061234
680	38.892242	120.440	35.0
681	35.472934	122.536	33.000097930404124
682	39.055989	122.932	34.000097614941595
683	39.199635	123.606	33.999967639111375
684	40.387605	125.442	33.000111605363436
685	41.567111	123.606	33.999967639111375
686	43.351971	125.055	32.99988005277678
687	44.377603	124.679	32.99994385582175
688	49.547043	131.607	29.999924016199746
689	49.050492	131.828	28.999908972297234
690	50.165411	129.281	32.00006188070946
691	50.218910	128.562	32.00012445357104
692	51.792590	131.420	30.000000000000004
693	52.298302	131.697	30.999946847688253
694	59.632143	136.260	30.000000000000004
695	56.035212	135.026	30.999955564113577
696	60.686153	144.352	26.99997228995788
697	61.457136	140.179	29.000064203625364
698	64.911199	141.893	29.000021142692027
699	60.161561	147.254	25.99997283605199
700	65.449783	145.089	28.00005513857012
701	63.131843	143.482	28.00002787806136
702	73.441556	164.385	27.000030416400524
703	74.989211	162.419	26.99991996010319
704	25.442487	113.921	42.000158004231
705	25.714704	114.090	40.0
706	28.882992	120.984	30.999966937776897
707	28.964220	127.068	25.0
708	31.926264	128.733	24.000062144127767
709	31.515686	135.148	20.999940805635305
710	36.486648	136.632	21.99997072428128
711	33.493517	135.914	21.99994113924982
712	37.134818	136.327	22.00004401182451
713	38.369344	152.875	16.0
714	39.287591	139.971	21.000064299033372
715	40.200574	169.562	12.999964614713203
716	42.637379	142.952	21.000055962840673
717	43.699610	161.767	14.999969091347433
718	45.670767	145.845	20.0
719	45.487621	168.721	14.000035561666893
720	49.500227	157.050	18.0
721	51.479932	163.950	16.0
722	54.245847	157.422	18.000025409409105
723	49.911331	167.700	16.0
724	53.212737	160.128	17.999975019984017
725	53.923190	160.317	17.999962574149965
726	56.426023	168.806	16.9999881520799
727	56.993741	163.906	17.999951191536613
728	60.322507	172.847	17.000005785463443
729	61.867773	178.900	16.0
730	62.973851	176.053	16.999994319892306
731	62.780647	178.853	16.99999440881618
732	66.808724	183.406	16.00002180953731
733	65.645494	179.829	17.000038925868463
734	75.135772	208.863	15.99996169738058
735	75.364412	210.412	16.00003802064521
736	26.509150	137.195	18.99996355552316
737	26.688349	124.422	27.000048222983075
738	28.069139	124.011	27.000024191402378
739	28.289400	126.188	26.000095096205662
740	30.403722	129.929	24.000030786044686
741	29.929317	128.008	24.999999999999996
742	36.993164	133.426	23.000014989582244
743	31.058347	138.348	20.99994217480556
744	37.503625	138.495	22.000072204772735
745	36.983564	137.805	21.999927433692534
746	41.838281	138.641	21.99998557425293
747	37.525222	170.892	11.999976593404021
748	42.489145	140.395	22.00007122760782
749	37.218877	173.631	12.99998272197937
750	44.111525	146.495	20.0
751	45.941395	146.960	19.999999999999996
752	50.063079	164.094	15.999975623727863
753	51.626455	152.874	18.999960751991836
754	52.471018	170.553	15.000029316400182
755	55.512985	154.842	19.00001291639219
756	55.141400	168.581	16.000023727466324
757	55.073267	158.895	18.99996853267881
758	59.059683	158.111	18.999943077964215
759	58.810759	172.506	16.000023187599272
760	61.146806	166.628	17.99997599443071
761	64.990993	170.039	17.99998823799246
762	65.482199	171.622	18.000023307035224
763	66.530019	176.624	16.999954706042214
764	58.044443	196.500	14.0
765	57.855477	204.915	13.000024400361127
766	76.675815	211.853	15.000023601270692
767	83.952142	212.953	15.000023479359296
768	26.732427	123.696	28.000097012029492
769	27.984528	124.848	27.000032038959375
770	29.327466	125.577	25.999984073516647
771	29.736336	128.040	25.0
772	31.150383	147.331	16.000027149751244
773	31.228590	130.925	23.999999999999996
774	36.703106	133.100	23.000000000000004
775	33.862779	134.991	23.00005185530887
776	39.167228	156.220	15.000000000000002
777	37.986561	137.632	21.999970936991396
778	44.937105	140.100	21.0
779	38.609454	169.508	12.999976402293695
780	45.439009	143.310	20.9999302211988
781	42.694462	160.247	14.999968798167826
782	45.518375	143.133	21.000048905563357
783	41.252433	168.686	13.999976287303035
784	52.313061	152.237	18.99998029388388
785	50.082381	153.505	19.000032572228918
786	53.389406	182.308	12.999978059108761
787	54.129686	155.863	19.000019247672636
788	54.973590	156.416	18.999974427168578
789	57.754101	174.800	14.999999999999998
790	56.331606	164.150	20.0
791	56.535269	164.440	20.0
792	62.154516	170.875	20.0
793	61.619245	177.933	18.000033720557738
794	63.338561	182.871	16.99996172165078
795	68.809359	181.738	15.99995598058744
796	70.423896	177.565	16.99997184129755
797	69.270274	174.400	18.0
798	78.597789	207.313	15.999961411006547
799	75.871398	207.850	16.0
800	27.138278	124.252	26.99996780735924
801	28.092336	124.463	26.99999196548372
802	28.129968	126.527	25.999984193097124
803	30.190209	138.763	19.000021619596
804	33.332316	128.780	25.0
805	31.833245	128.632	25.0
806	37.759407	132.625	24.0
807	32.620934	138.410	20.999927750885053
808	41.091036	139.881	20.999992851066263
809	39.088757	136.022	22.999955889488465
810	42.277677	163.329	13.999963264331502
811	40.933688	138.891	21.999985600218878
812	46.330553	166.629	13.999963991862163
813	47.668471	139.827	22.00004291016756
814	45.936534	142.033	21.00004928432125
815	48.061318	167.864	14.0000238288138
816	51.814070	149.195	20.0
817	52.594912	153.395	18.99996740441344
818	56.198008	170.427	14.999970661925635
819	55.169173	151.265	20.000000000000004
820	53.676333	168.881	16.00002368531688
821	57.288861	153.175	20.0
822	59.100787	170.513	15.999953082756152
823	57.090610	155.975	20.0
824	63.661142	161.747	19.000043277464187
825	63.502401	180.353	15.000027723409092
826	71.387909	168.794	18.000047395049588
827	67.222168	171.500	18.0
828	72.594482	175.565	16.999971520519466
829	67.518803	176.853	16.999994345586448
830	79.399084	201.871	16.999965324390327
831	81.254839	205.412	16.000038946118046
832	26.998057	134.365	20.0
833	27.731540	122.961	27.999934938720408
834	31.025856	125.531	25.99995220304148
835	30.647993	125.237	27.000007984860705
836	33.491573	127.352	25.0
837	32.813584	127.231	25.999952841681665
838	38.940792	132.217	23.999939493408558
839	35.485072	159.150	13.999999999999998
840	38.911432	134.192	23.999940383927505
841	37.973846	136.823	21.9999561477237
842	43.227460	150.024	16.999946675198636
843	43.597964	136.957	22.999919682820156
844	46.439795	137.932	21.999971000203
845	43.306236	139.705	21.99992842060055
846	46.489049	158.731	16.00002519986644
847	47.509878	142.000	22.0
848	53.577449	173.800	13.999999999999998
849	54.050490	144.359	22.000013854349227
850	58.725519	174.750	14.0
851	54.585187	151.455	19.999999999999996
852	56.192314	165.769	15.999975870036014
853	59.194632	153.500	20.0
854	58.858679	169.844	15.999976448976708
855	60.429781	155.295	20.000000000000004
856	65.245857	162.121	19.00000616823237
857	68.334660	166.372	18.00002404250715
858	69.908303	173.918	16.999965500983222
859	65.046586	169.928	17.999976460618615
860	67.819644	174.283	18.000034426765662
861	68.284024	171.794	18.000046567400492
862	82.883659	195.900	18.0
863	81.743281	189.674	18.99996836677668
864	28.335223	121.793	29.0000246319575
865	28.913772	121.279	29.000074209055153
866	30.466714	123.354	27.999902719003842
867	31.801662	123.011	27.999934965165718
868	34.034612	124.723	26.000016035534745
869	33.146987	126.300	27.0
870	39.248760	131.048	25.0
871	32.396209	131.256	25.0
872	41.599206	156.413	15.000031966652386
873	40.543604	130.546	26.000030640540498
874	41.783133	133.450	24.000000000000004
875	43.828292	132.296	25.000000000000004
876	39.338350	160.953	15.000031064969278
877	45.582057	138.452	23.00002889087915
878	45.423766	140.277	22.000042772514384
879	49.652004	138.309	22.99994938868765
880	51.697627	162.675	16.0
881	54.095875	146.681	20.999993182484438
882	57.944625	161.494	17.00001238436103
883	53.742357	146.027	22.000041088291894
884	50.064590	174.053	15.000028726882043
885	59.387287	151.424	20.9999735841082
886	56.543672	171.300	16.0
887	61.655028	153.505	20.999967427771082
888	68.049811	170.676	17.000046872436666
889	67.635172	163.058	18.999987734425787
890	70.126659	162.570	20.0
891	55.292723	179.581	16.000022274071313
892	71.123187	165.020	20.0
893	75.467820	163.545	20.000000000000004
894	84.556995	192.355	20.0
895	79.885093	188.142	19.000010630268626
896	27.910986	120.347	29.99991690694409
897	28.087996	120.743	30.000082820536182
898	32.049989	122.779	27.999902263416384
899	31.691969	121.163	30.00008253344668
900	35.599050	125.015	26.999960004799426
901	34.062575	124.486	27.99993573574538
902	40.134656	127.465	26.00007845290864
903	38.601964	128.735	25.99992232104711
904	39.317717	129.527	25.999984559203874
905	41.729649	130.764	24.999999999999996
906	40.776279	131.960	25.0
907	38.221983	151.894	17.00001316707704
908	47.427858	133.884	25.000000000000004
909	46.641611	133.752	25.0
910	40.938897	155.165	16.9999677762382
911	49.247802	136.204	24.000029367713136
912	57.014766	141.430	23.0000707063565
913	56.110902	143.305	21.99993021876417
914	53.533842	168.487	14.999970324119964
915	55.816003	146.273	21.999958980809858
916	58.263515	147.686	22.00005416898013
917	50.626649	164.024	16.99995122664976
918	63.070998	147.077	22.00004079495774
919	62.541390	147.374	22.999986429085183
920	53.808085	175.581	16.000022781508253
921	69.391236	156.467	20.99995526213195
922	72.337063	157.424	20.99997459091371
923	70.641168	165.205	19.0000302654278
924	74.947745	158.573	21.999962162537127
925	71.665797	177.135	17.00002822705846
926	83.174638	184.165	20.000000000000004
927	83.225410	188.458	18.999989387555846
928	28.450724	118.581	30.999907236403807
929	28.281191	120.387	31.00002491963418
930	30.958096	121.813	30.000082093044256
931	34.376288	120.284	30.999966745369292
932	34.280250	121.370	29.999999999999996
933	34.555846	122.817	29.000056995367093
934	40.028834	125.504	27.999904385517592
935	38.142066	125.393	29.00002392478049
936	43.236036	127.641	26.999945158687257
937	41.380631	126.732	28.000031562667676
938	42.596808	128.093	29.000023420483554
939	44.491358	130.141	26.999946212185247
940	48.634815	130.170	27.00007682261658
941	49.327489	131.935	25.999924205101
942	48.286997	162.680	14.999999999999998
943	50.642336	133.704	25.99997008316879
944	55.177982	136.516	25.000000000000004
945	48.438506	155.361	18.00001287324361
946	59.068469	139.472	25.0
947	56.110118	138.820	25.0
948	61.051061	154.942	19.00001290805592
949	61.534580	143.204	24.000027932180664
950	63.322480	173.153	15.000028876196199
951	68.087474	174.480	15.0
952	69.127467	179.167	14.999972093075176
953	68.141229	180.127	14.99997224180717
954	71.393530	183.067	14.999972687595251
955	71.418915	184.040	15.0
956	77.645793	186.813	15.000026764732647
957	71.626103	186.427	14.99997317985056
958	89.833664	218.436	13.999981688000146
959	77.799217	221.743	13.999990980549557
960	28.014178	138.117	17.99995655856991
961	29.539736	128.371	23.9999688403144
962	32.503661	129.770	22.99992294058719
963	31.005151	129.743	23.000084782994072
964	35.134817	131.759	22.000015179228743
965	36.475918	150.007	14.00001333271114
966	40.641642	138.310	20.0
967	39.858474	136.790	21.00007310475912
968	43.190914	168.733	12.000023706091872
969	42.220978	142.289	19.00006325155142
970	46.940794	155.947	14.999967937825028
971	45.896330	144.600	19.0
972	47.559359	162.471	14.000036929667447
973	47.204528	146.079	18.999993154389063
974	52.819926	165.464	14.00002417444278
975	51.581689	151.139	17.99998676714812
976	58.635786	156.953	16.999993628665905
977	54.535326	166.587	14.999969985653145
978	62.302289	159.724	16.999949913600965
979	57.381241	161.129	17.000043443452142
980	62.460815	162.000	17.0
981	62.889476	163.847	17.000006103254865
982	63.640915	164.941	17.000018188321885
983	64.347034	166.429	17.000042059977527
984	67.662564	178.627	14.99997200871089
985	68.763838	180.200	15.000000000000002
986	69.956895	181.967	14.99997252249034
987	69.566412	183.680	14.999999999999998
988	71.868424	186.073	15.000026871174216
989	75.775852	187.673	15.000026642084903
990	87.642739	216.557	14.000009235443788
991	85.407632	266.610	10.0
992	29.406168	125.992	25.0
993	30.322030	127.517	23.99993726326686
994	33.739101	127.875	24.0
995	32.152350	135.195	20.0
996	34.794955	132.786	22.00006024731523
997	38.697706	133.014	21.999939855955013
998	36.847413	138.430	20.0
999	39.536112	142.289	19.00006325155142
1000	44.570725	139.395	20.0
1001	42.672529	164.400	12.999999999999998
1002	44.510798	144.205	19.00003467286155
1003	44.875428	157.167	14.99996818670586
1004	50.003025	145.437	18.99997937251181
1005	45.167819	160.400	15.0
1006	52.256018	147.416	18.999972865903295
1007	52.022187	161.447	14.999969030084175
1008	54.845433	157.494	17.000012698896466
1009	59.722131	162.994	15.999975459219359
1010	58.577100	160.059	16.999981256911514
1011	61.752884	161.053	16.99999379086388
1012	64.918704	162.147	17.000006167243306
1013	59.274129	162.435	17.000030781543387
1014	65.158105	168.600	16.0
1015	68.134859	165.212	16.99997578868363
1016	75.113085	180.220	15.000000000000002
1017	69.649902	176.269	15.999977307410832
1018	73.796361	182.600	15.0
1019	77.373676	182.900	15.0
1020	80.989659	185.627	14.99997306426328
1021	77.249661	186.960	15.0
1022	89.302989	219.200	14.000000000000002
1023	88.155784	219.243	13.999990877701912
