-1	0	90	0
0	1.254109	96.126	192.0000832241017
1	1.232252	98.275	189.00025438819637
2	1.359840	97.362	171.99934265935377
3	1.324338	98.793	176.0003239095887
4	1.454025	97.880	161.0002043318349
5	1.404019	100.741	164.0007544098232
6	1.631806	99.627	141.99965872705192
7	1.586975	101.223	144.999654228782
8	1.728427	100.507	132.99969156377168
9	1.684268	101.473	141.00006898386764
10	1.828670	101.638	124.9995080580098
11	1.776035	103.213	129.0002228401461
12	1.942150	101.745	124.000196569856
13	1.861544	103.025	128.99975734045134
14	2.029614	102.820	119.00019451468587
15	1.948199	105.101	117.99982873616807
16	2.206984	108.968	102.99996329197563
17	2.135863	107.551	107.00039981032255
18	2.305464	107.346	99.00042852085778
19	2.225083	108.559	101.99983419154562
20	2.402173	108.497	95.99988939786354
21	2.299032	109.868	100.0
22	2.485650	109.575	92.0
23	2.385739	110.841	95.99967521043658
24	2.666796	112.238	84.9997327108466
25	2.555849	113.163	88.99993814232568
26	2.756702	113.510	83.99964760814024
27	2.645328	114.947	85.9996346142135
28	2.844193	115.011	80.0001738964099
29	2.705613	116.320	84.00017193947731
30	3.691644	150.555	61.999933579090694
31	3.513521	141.820	65.0
32	2.603431	99.528	92.99995981030463
33	2.622199	100.293	93.99958122700487
34	2.804253	100.512	85.99968163005413
35	2.727764	101.708	87.9999606717269
36	3.097113	101.480	78.9998029168309
37	2.900802	102.672	81.99996104098489
38	3.463219	103.733	69.99990359866194
39	3.273954	105.432	71.99996206085439
40	3.628100	105.141	65.99994293377465
41	3.483731	106.739	66.99987820759047
42	3.918888	106.285	62.00028225996142
43	3.734333	107.927	63.999740565382155
44	3.933634	107.779	58.00016700841537
45	4.000445	109.047	61.9998716149917
46	4.199157	109.252	55.999890162193836
47	4.099756	110.376	57.99992752047547
48	4.555007	112.200	51.0
49	4.398426	114.332	53.000034985830744
50	4.855183	116.078	48.99981047226865
51	4.637898	115.000	51.0
52	5.127444	114.977	46.9998347495586
53	4.875660	116.523	47.99996567201325
54	5.130613	116.860	45.0
55	5.063808	117.615	46.99995748841559
56	5.699675	120.476	42.00006640326704
57	5.286121	121.439	43.99986824660941
58	5.631647	122.680	39.99999999999999
59	5.655991	123.272	43.000032448569016
60	5.889690	124.350	40.0
61	5.579164	125.715	40.99988068249612
62	7.357842	151.166	31.99992061706998
63	6.827773	151.512	33.99994719890174
64	3.845071	102.443	60.9997754849038
65	3.841570	103.310	62.999709611847834
66	4.228659	104.026	57.000173033664666
67	4.071870	105.207	57.99994296957427
68	4.456587	104.830	53.0000953925403
69	4.530906	106.457	54.00020665620861
70	5.264469	107.296	45.999850879809124
71	4.888036	109.287	47.00010065241062
72	5.526499	109.257	43.999926778146936
73	5.366436	115.234	44.00003471197737
74	5.736351	110.771	42.00016249740455
75	5.509133	112.042	42.99994644865318
76	6.038109	112.344	38.99985758028911
77	5.814800	113.527	40.99993834065905
78	6.413743	114.070	37.00008766546858
79	6.087823	115.563	38.00005191973209
80	7.197321	117.782	34.00010188314004
81	6.862095	119.083	36.00010077005114
82	7.258620	119.815	33.000041731001964
83	7.026837	121.321	33.00005769817262
84	7.417032	122.287	31.000024532452343
85	7.455006	123.148	33.000129924968334
86	7.857459	124.593	30.000080261330893
87	7.644192	124.303	31.000056314006905
88	8.526614	128.071	28.000093698026877
89	8.067476	129.390	28.99992271427468
90	8.958495	131.226	26.999984759117858
91	8.371194	132.003	29.000098482610245
92	9.084679	134.496	26.000029740661432
93	8.506274	135.096	27.000059217149285
94	10.995839	166.400	22.0
95	10.525100	165.178	23.000036324449987
96	5.204067	104.620	45.99980883196329
97	5.162707	106.302	47.00005644296438
98	5.671902	106.024	41.99992454538595
99	5.482516	107.972	43.00003704664173
100	6.151801	108.146	39.00005548055407
101	5.979496	109.280	41.00018301610542
102	6.930096	111.715	33.99991048650584
103	6.754643	112.744	36.000141914425605
104	7.235803	116.964	32.99989740432954
105	7.047051	114.936	33.00010440593026
106	7.615164	116.163	30.000086085930977
107	7.535117	116.284	32.000103195624504
108	8.205996	117.087	29.999914593421984
109	7.883279	118.493	30.00008439317091
110	8.403891	118.993	27.999966384577245
111	8.267351	120.341	29.000091406918674
112	9.444267	123.873	26.00001614556844
113	8.975972	125.196	26.000031949902553
114	9.756838	126.148	25.0
115	9.562555	127.848	25.0
116	10.150192	129.292	23.99993812455527
117	9.754537	130.112	24.000092228234138
118	10.567452	131.357	22.99991625874525
119	10.194516	132.675	23.999999999999996
120	11.264718	136.881	20.999992694384172
121	10.818049	138.136	22.000057913939887
122	11.830195	140.550	20.0
123	11.155902	140.567	20.999950201683184
124	11.921684	143.485	19.999999999999996
125	11.651371	143.838	21.000013904531485
126	14.053698	172.831	16.00002314399616
127	13.481859	171.728	17.99997670735116
128	6.597758	108.072	36.000074024724256
129	6.489976	108.814	36.99983458010918
130	7.157438	109.459	33.999945184955095
131	6.934886	110.394	35.00009058463322
132	7.698450	111.016	31.999891907472794
133	7.429428	112.103	33.000008920367875
134	8.635794	115.852	26.99996547318993
135	8.424670	115.760	30.0
136	9.024591	117.459	27.00005959526303
137	8.811312	119.093	26.999907635209457
138	9.822424	120.196	25.0
139	9.557972	124.072	25.0
140	10.099636	125.433	24.000063779069304
141	9.959531	123.517	23.999935231587557
142	10.607424	123.709	22.00001616697249
143	10.458610	125.548	22.999968139675662
144	11.845016	129.943	20.99997691295414
145	11.284824	130.400	21.0
146	12.118213	133.090	20.0
147	11.729400	133.170	20.000000000000004
148	12.740071	135.547	19.000051642603673
149	12.373202	137.237	18.999978140005975
150	13.526601	138.933	18.00004318628404
151	12.800158	139.532	18.99994266548175
152	14.424976	146.806	16.000027246842773
153	13.718898	147.076	17.000054393646824
154	14.412513	149.525	16.0
155	14.386017	149.800	16.999999999999996
156	14.884214	154.333	15.000032397478181
157	14.904536	154.275	16.0
158	17.620890	185.646	13.00001077319199
159	16.941298	185.979	13.999967738293032
160	7.987530	110.655	30.99995481451358
161	7.702979	111.284	32.000107832213075
162	8.648247	111.210	29.000089919971227
163	8.409248	113.410	29.00008817564589
164	9.089326	114.842	26.000069660925448
165	8.782836	115.541	26.9999394154456
166	10.210150	119.033	24.000067208253174
167	10.299418	119.675	24.0
168	10.937946	121.545	22.000082274054876
169	10.853298	122.400	22.999999999999996
170	11.495063	124.590	20.0
171	11.206325	125.164	21.99993608385798
172	12.573235	127.363	19.000023554721544
173	11.881593	127.860	20.0
174	13.131666	129.900	19.0
175	12.762817	131.647	19.000053172499186
176	14.306633	135.594	17.000014749915188
177	13.216890	137.912	16.999970995997447
178	14.478574	144.156	16.00002774771775
179	14.245185	146.129	17.000047902880333
180	15.263718	144.133	15.000034690181984
181	14.895988	144.569	15.999972331551024
182	15.799350	147.840	14.999999999999998
183	15.491306	146.231	16.00002735398103
184	17.216721	154.664	14.000025862514873
185	16.766884	153.753	15.000032519690675
186	17.366673	159.243	13.999987440578236
187	16.912952	158.393	13.999987373179371
188	17.936218	161.729	13.999962900902124
189	17.164085	162.414	14.000024628418734
190	21.195612	195.255	10.999974392461143
191	19.751990	194.350	12.0
192	9.283897	112.704	26.999929017603638
193	8.968628	113.967	26.999921029771777
194	10.038319	115.454	24.000034645832976
195	9.870246	116.256	25.0
196	10.603955	117.500	23.0
197	10.579563	117.712	25.0
198	12.216199	122.135	19.999999999999996
199	11.810705	124.160	20.0
200	12.620314	125.626	19.000047760813843
201	12.404668	126.837	18.999976347595734
202	13.656323	127.811	18.999929583525674
203	13.310377	129.053	18.999945758719285
204	14.267780	131.853	16.999992415796378
205	13.810048	132.183	18.000045391616172
206	14.965123	135.906	16.000029432107485
207	14.717888	137.200	16.0
208	16.440714	142.487	14.999964909079427
209	16.007582	142.269	15.999971884247447
210	17.618149	144.857	14.00001380671973
211	16.728489	146.347	14.999965834625922
212	18.114505	148.764	14.000026888225644
213	17.449639	148.636	13.999973088619178
214	18.528790	151.971	14.00003948121681
215	17.905342	151.007	14.999966888952168
216	20.321086	164.925	11.999999999999998
217	19.033186	163.115	13.00003065322012
218	21.023861	165.733	12.00002413520542
219	19.631351	170.742	11.999976572840895
220	21.574194	171.892	11.999976729574383
221	20.458137	175.327	11.000017110884233
222	23.774113	207.570	10.0
223	23.236493	204.020	10.0
224	10.460035	119.696	22.999933164015506
225	10.188150	116.604	24.00003430414051
226	11.287483	118.182	21.999966153898225
227	11.122307	119.600	22.0
228	12.166717	120.810	19.999999999999996
229	12.041776	121.690	20.000000000000004
230	13.951790	125.867	17.999952330634716
231	13.436477	127.450	18.0
232	14.899028	129.987	16.000061544616003
233	14.239536	131.188	17.00003049059365
234	15.527182	133.394	15.999970013643793
235	15.037476	133.600	16.0
236	16.009971	136.547	14.999963382571568
237	15.726726	138.020	15.0
238	17.199762	141.107	14.00001417364128
239	16.452504	141.764	14.000028215908129
240	18.892144	147.554	12.999986445640241
241	18.626840	148.729	13.999959658170226
242	19.397139	151.385	12.99996697162863
243	18.801753	153.046	13.000013067966494
244	20.645476	158.955	10.999968544556635
245	19.551177	157.575	12.000000000000002
246	21.310625	162.700	11.000000000000002
247	20.378922	163.792	11.999975578782847
248	23.141545	169.364	10.99997638222999
249	21.867437	174.960	9.999999999999998
250	23.741993	177.910	10.0
251	21.937545	180.210	9.999999999999998
252	24.093209	185.460	9.999999999999998
253	23.121657	183.200	11.000000000000002
254	27.206564	219.211	9.000004561814873
255	26.671605	220.356	8.999981847555773
256	11.611566	118.915	20.0
257	11.863981	118.391	21.999983106823997
258	12.640616	120.479	18.999991699798304
259	12.420323	121.625	20.0
260	13.720210	123.956	17.99993546097002
261	13.499282	124.268	19.000064376991663
262	15.231950	131.706	16.00003037067408
263	15.451498	131.863	15.999939330972298
264	16.415195	135.747	14.999963166773481
265	16.329498	136.467	14.999963361105614
266	17.433579	139.886	13.999971405287164
267	17.082083	139.633	15.000035808154232
268	18.522723	144.231	12.99997920003328
269	17.468650	146.971	14.000040824380319
270	19.403591	150.100	13.0
271	19.146513	150.100	13.0
272	21.180191	157.142	11.999974545315702
273	20.850063	160.667	11.999975103786092
274	21.919429	164.082	10.999987810972563
275	21.351036	163.627	11.000018334382467
276	23.195403	169.636	11.000023579900493
277	22.200033	170.109	11.000005878583732
278	23.815765	171.810	10.0
279	23.196169	177.630	10.0
280	25.418788	187.120	10.0
281	24.912609	191.511	9.000005221632177
282	26.578561	188.778	8.999989405545138
283	26.228492	195.722	9.000010218575326
284	27.800281	205.350	8.0
285	26.605886	205.478	8.999990266597884
286	31.697919	248.950	8.0
287	30.580652	246.763	7.999983790114401
288	13.029465	120.433	18.000049820231997
289	13.009434	121.284	19.000032980442597
290	14.111311	124.000	17.0
291	13.822773	124.106	17.99993553897475
292	15.264364	127.562	16.000062714601526
293	15.109822	127.665	16.999960834997847
294	17.380557	134.433	15.000037193248682
295	17.291260	137.364	14.000029119711131
296	18.141764	140.038	13.00004284551336
297	17.599280	140.162	12.99995719239166
298	19.071690	144.369	13.000020780084366
299	18.802545	145.933	12.000027409838763
300	20.318091	147.975	12.0
301	20.003915	150.517	11.999973424928747
302	21.210192	153.900	11.0
303	21.066140	153.700	12.000000000000002
304	23.536409	161.864	10.999975287896012
305	22.916425	163.445	11.000030591330418
306	24.461644	168.020	10.0
307	23.886834	171.630	10.0
308	25.335155	178.311	9.000005608178968
309	24.681567	179.711	9.000005564489653
310	26.243361	177.856	8.999977509895647
311	25.517321	185.750	8.0
312	27.732491	195.233	9.00001536625468
313	28.028086	195.613	7.999979551461304
314	29.662558	204.675	8.0
315	28.670137	201.567	8.999985116611349
316	29.814080	212.562	8.000018818038972
317	30.120256	214.613	7.999981361800078
318	34.848956	261.900	6.000000000000001
319	34.583719	270.786	6.999992614093786
320	14.376425	122.906	16.99998372740143
321	14.130156	125.747	17.000007952476
322	15.243522	128.853	16.999992239218333
323	15.117046	126.312	16.999968332383308
324	16.525181	130.007	14.999961540532432
325	16.560971	131.007	14.999961834100466
326	18.715403	139.400	13.0
327	18.803380	140.038	13.00004284551336
328	19.846922	144.100	12.0
329	19.678735	143.500	13.0
330	21.012726	147.058	12.000027200152322
331	20.702397	150.573	10.999980076109262
332	22.378148	154.436	11.000025900696729
333	21.581683	151.192	11.999973543573732
334	22.965065	157.690	10.0
335	23.040359	161.930	10.0
336	25.354645	171.067	8.999982463011568
337	25.004458	171.956	8.999976738235363
338	26.750883	175.922	9.000011368674754
339	26.598574	175.456	8.999977202261535
340	27.583178	184.363	7.999978303672647
341	27.620258	183.812	8.000021761364872
342	28.923519	189.575	8.0
343	28.213313	185.500	8.0
344	30.753714	205.588	7.999980543611495
345	30.155644	196.888	7.9999796838811905
346	31.928067	204.800	8.0
347	31.404475	206.025	8.0
348	33.377645	215.386	6.999990714345408
349	33.211176	223.671	7.000013412556836
350	37.756424	285.650	6.000000000000001
351	37.486850	280.550	6.0
352	15.424802	126.533	15.000039515383339
353	15.425983	124.629	17.000056166702773
354	16.990353	129.957	14.000015389705828
355	16.790054	129.860	15.0
356	18.225483	132.408	12.999969790344995
357	17.934567	133.857	14.000014941317973
358	20.685423	143.258	12.000027921651844
359	20.350930	144.217	11.999972264018803
360	21.972899	145.583	12.000027475735491
361	21.537782	146.708	12.000027265043489
362	22.727619	150.182	10.99998668282484
363	22.423882	153.355	10.99996739591145
364	24.458659	155.470	10.0
365	23.687438	158.950	10.0
366	25.266818	165.011	9.000006060202047
367	25.820935	161.630	10.0
368	27.878253	177.050	8.0
369	27.097801	176.567	8.999983009282595
370	28.962722	179.300	8.0
371	28.548280	179.022	9.000011171811286
372	29.817299	183.650	8.0
373	29.976923	184.589	8.99999458255909
374	30.915606	196.375	8.0
375	30.392034	199.525	8.0
376	33.383741	206.586	6.999990318801854
377	33.276358	215.843	6.999995367002868
378	34.873626	211.100	7.0
379	34.208670	223.186	6.999991038864445
380	36.001529	222.000	7.0
381	35.442716	223.786	6.99999106289044
382	40.737621	272.083	6.000007350698132
383	41.012967	272.533	6.000007338560835
384	16.867189	126.667	14.999960526419667
385	17.114830	127.653	15.000039168683854
386	17.788253	131.564	14.000030403453835
387	18.035411	132.600	14.000000000000002
388	19.492599	134.892	13.00002965335231
389	19.238754	137.169	13.000021870830873
390	22.316758	147.255	10.999966045295576
391	21.980840	144.308	12.000027718491006
392	23.063234	149.700	11.000000000000002
393	23.352402	149.527	11.000020063266167
394	24.422073	158.133	9.0000189713722
395	24.648806	158.644	9.000025213685989
396	25.938549	161.511	9.00000619152875
397	26.246670	164.189	8.999993909458004
398	26.842748	170.000	9.0
399	27.287989	168.022	9.000011903203152
400	29.935657	176.389	8.999994330712232
401	30.307140	177.178	8.99998871191683
402	31.560847	190.757	7.00000524227158
403	31.275057	189.229	6.999984146193236
404	32.849040	197.529	6.999984812356667
405	32.419366	199.071	7.000015070000151
406	33.570559	205.471	7.000014600600571
407	33.316658	196.243	6.999994904276841
408	36.917948	223.267	5.999991042115494
409	35.450975	224.833	6.00000889549132
410	38.398108	228.167	5.999991234490527
411	37.109268	233.567	5.999991437146515
412	39.419486	225.229	6.9999866802232384
413	38.134863	234.650	6.0
414	44.588279	303.100	5.0
415	43.964647	290.783	6.000006877981175
416	18.137369	128.513	15.000038906569763
417	18.101576	127.860	15.0
418	19.406984	133.100	13.0
419	19.568218	135.454	12.999985234839873
420	21.447617	139.008	12.000028775322281
421	21.119848	139.067	11.999971236885816
422	23.762573	148.391	10.999993261046829
423	23.678493	148.264	10.999973021097501
424	25.406656	152.990	10.0
425	25.364012	157.200	9.0
426	26.915604	160.933	9.000018641297933
427	26.932448	158.280	10.0
428	26.605417	164.850	10.0
429	27.933351	166.511	9.000006005609238
430	28.944562	175.150	8.0
431	29.784801	171.225	8.0
432	32.351628	188.786	6.999989405994088
433	32.493474	183.350	8.0
434	33.733327	193.786	6.999989679337
435	33.616099	197.600	7.0
436	35.279772	198.557	7.000005036337174
437	35.311566	204.343	6.999995106267404
438	35.944915	203.243	6.999995079781346
439	36.334393	214.000	6.0
440	39.212648	230.750	6.0
441	39.535221	219.200	7.000000000000001
442	39.531190	223.143	6.99999551856881
443	39.518539	229.950	6.000000000000001
444	42.111968	250.300	5.0
445	40.950060	251.083	6.000007965493483
446	47.895593	300.320	5.0
447	45.448013	285.980	5.0
448	19.340884	133.023	13.000007517496973
449	18.853680	131.479	13.999954365335908
450	21.026304	134.631	12.999977716870557
451	20.753728	136.583	12.000029286221565
452	22.781321	139.433	12.000028687613407
453	22.507848	140.967	11.999971624564612
454	25.697706	153.580	9.999999999999998
455	25.166799	153.100	10.0
456	27.342459	160.922	9.000012428381451
457	26.809272	157.022	9.000012737068692
458	27.824608	165.800	8.0
459	28.422634	165.956	8.99997589722577
460	29.986539	167.200	9.0
461	29.960339	165.900	8.0
462	31.268703	176.214	7.000011349835995
463	31.608661	179.575	8.0
464	34.745949	186.543	6.999994639305682
465	34.240017	191.043	6.999994765576336
466	35.999998	194.900	7.0
467	36.527446	199.357	7.000005016126848
468	37.225278	200.471	7.000014964757995
469	37.464528	201.200	6.000000000000001
470	39.093244	216.450	6.000000000000001
471	38.750257	221.350	6.0
472	41.188044	224.617	5.999991095954448
473	41.281885	231.000	6.0
474	43.357885	241.350	6.0
475	43.626033	243.100	6.0
476	44.760889	248.280	5.0
477	44.955899	262.580	5.000000000000001
478	49.690565	313.500	5.0
479	50.232309	312.000	5.0
480	20.332652	135.458	12.000029529448243
481	20.510402	135.108	12.000029605944873
482	22.033219	137.767	11.999970965470686
483	21.872709	140.055	10.999964299739387
484	23.554386	144.027	11.000020829427816
485	21.657139	143.733	12.000027829378082
486	27.102868	152.280	10.0
487	26.535474	153.520	10.0
488	28.114233	158.622	9.000012608591494
489	28.727547	160.033	9.00001874613361
490	30.059492	164.344	9.000024339190965
491	30.020058	165.789	8.999993968236735
492	31.159606	172.363	7.999976793163267
493	31.094659	178.400	6.999999999999999
494	33.089889	182.200	7.000000000000001
495	33.338278	185.300	6.999999999999999
496	36.752898	191.457	7.000005223104927
497	36.286593	202.800	5.999999999999999
498	37.590454	206.717	5.999990324936991
499	37.694125	210.317	5.999990490545224
500	39.329627	217.967	5.999990824299091
501	40.086695	207.867	5.999990378463153
502	40.849151	228.220	5.0
503	41.178033	227.467	5.999991207515815
504	44.158704	235.133	6.000008505824363
505	43.987986	249.720	5.0
506	45.746705	259.000	4.0
507	45.220653	259.560	5.0
508	46.841496	270.160	4.999999999999999
509	46.894064	254.000	5.0
510	52.796022	311.280	5.000000000000001
511	52.240418	321.680	5.0
512	19.425126	134.242	11.999970203066106
513	19.812252	133.192	13.000030031833743
514	21.679309	136.675	11.999999999999998
515	21.238397	137.708	12.00002904696895
516	22.546495	143.050	10.0
517	22.646136	145.120	10.0
518	25.703623	152.970	10.0
519	25.586094	152.950	10.0
520	27.012733	161.662	8.000024742982271
521	26.905747	162.133	9.000018503327516
522	28.550931	169.363	7.99997638209054
523	28.055746	165.267	8.999981847555775
524	30.288952	170.225	8.0
525	30.301422	174.562	8.000022914494563
526	31.919261	180.243	6.999994451934334
527	31.145611	176.362	8.000022680622811
528	35.347874	187.357	7.000005337403993
529	34.279011	198.186	6.9999899084698205
530	35.899141	197.971	7.000015153734638
531	35.997481	200.500	7.0
532	37.843524	201.657	7.000004958915385
533	37.280172	205.383	6.000009737904305
534	38.850175	223.340	5.0
535	38.493505	223.483	6.000008949226563
536	42.099951	227.600	6.0
537	42.798748	219.714	7.0000091027426565
538	43.001256	233.117	5.999991420617116
539	43.403073	238.450	6.000000000000001
540	45.223570	251.700	5.0
541	45.263816	265.360	5.0
542	50.158791	298.240	5.0
543	50.032272	319.180	5.0
544	19.528126	130.893	13.999984720344099
545	19.621061	133.169	13.00002252776547
546	21.152911	137.733	12.000029041696616
547	20.639844	137.325	12.000000000000002
548	22.796140	143.027	11.000020975060654
549	22.864284	144.527	11.000020757367135
550	25.950932	147.582	10.999986448211843
551	25.541114	151.250	10.0
552	27.714891	160.167	8.999981269549908
553	26.839298	161.967	8.999981477708422
554	28.225634	163.125	8.0
555	28.450821	167.750	8.0
556	29.772697	173.371	7.0000173039320295
557	30.028275	168.267	8.999982171192213
558	31.718752	173.838	7.999976990071216
559	32.122764	183.514	7.0000108983510785
560	35.197187	185.543	6.999994610413758
561	34.595684	195.357	7.000005118833725
562	35.969702	195.714	7.000010218993021
563	35.780877	200.671	7.000014949843276
564	36.822168	203.986	6.999990195405568
565	37.281458	208.817	5.999990422235737
566	38.478588	222.217	5.999990999788494
567	38.973034	210.950	6.000000000000001
568	42.291809	238.233	6.0000083951425704
569	41.429209	228.067	5.999991230647135
570	43.434330	254.480	5.000000000000001
571	42.079341	252.600	5.0
572	44.142343	256.600	5.0
573	44.331944	250.183	6.000007994148283
574	51.026031	322.060	5.0
575	48.880371	321.800	5.0
576	19.710158	132.669	13.000022612667616
577	19.184262	130.143	13.999984632289097
578	21.297349	136.250	12.0
579	21.190260	138.433	12.000028894844439
580	23.183585	140.300	11.999999999999998
581	22.534938	142.436	11.000028082788058
582	25.696734	149.860	9.999999999999998
583	25.404833	156.067	8.999980777486591
584	27.323936	161.211	9.00000620305066
585	27.502513	156.190	10.0
586	28.630249	164.500	9.0
587	28.500279	164.022	9.00001219348624
588	29.810868	173.614	7.00001151980831
589	29.671625	168.267	8.999982171192213
590	32.119397	175.838	7.999977251788579
591	31.266741	169.578	8.99998820601729
592	35.825092	194.643	6.999994862389092
593	33.936446	191.014	7.000010470436721
594	35.496012	192.014	7.000010415907172
595	36.489968	200.329	6.9999850246344755
596	37.012698	203.550	5.999999999999999
597	38.046494	213.750	6.0
598	36.848925	210.400	7.0
599	37.038581	214.733	6.000009313892136
600	41.604542	239.100	5.0
601	42.122659	239.317	5.999991642883707
602	42.949835	242.180	5.0
603	43.216682	233.950	6.000000000000001
604	44.482220	263.120	5.0
605	43.472461	247.767	5.999991927900003
606	50.706393	312.680	5.0
607	49.411668	316.080	5.000000000000001
608	19.517104	131.754	12.999984820195213
609	19.095042	133.546	13.0000149761131
610	21.360157	137.892	11.999970991790677
611	20.745075	138.709	11.000007209337534
612	22.473566	142.045	11.000035200112642
613	21.946410	142.627	11.00002103388559
614	25.194810	152.630	10.0
615	24.638244	151.880	10.0
616	27.180859	155.822	9.000012835158065
617	27.243612	162.133	9.000018503327516
618	28.612404	161.267	8.999981397310052
619	28.784229	168.062	8.000023800740202
620	30.211092	165.950	8.0
621	29.687132	173.950	8.0
622	31.971347	176.450	8.0
623	31.549697	179.937	8.000022230002722
624	34.557536	195.783	6.000010215391531
625	34.358326	193.686	6.999989674008446
626	35.860349	197.371	7.000015199801388
627	34.860116	200.814	7.000009959464978
628	38.162748	205.100	6.0
629	37.109607	210.850	6.0
630	38.333474	219.517	5.999990889088316
631	38.220617	211.900	6.0
632	41.490857	239.040	5.0
633	40.652207	238.583	6.000008382826941
634	42.829886	240.820	5.0
635	42.623971	249.820	5.0
636	43.938110	260.500	5.0
637	43.735156	238.540	5.0
638	49.453585	319.900	5.0
639	49.981817	313.680	5.0
640	19.343230	130.171	14.000046093215849
641	18.655041	130.757	14.000015295548229
642	21.264104	134.131	12.999977633805758
643	20.840097	135.231	12.999977815737516
644	22.614623	139.667	11.999971360450214
645	21.757397	138.933	12.000028790856025
646	25.298527	150.680	10.0
647	25.473670	155.956	8.999974351740235
648	26.615719	160.650	8.0
649	27.068665	160.722	9.000012443847138
650	27.544875	165.287	8.000024200330333
651	28.240876	166.650	8.0
652	29.552746	170.737	8.000023427845166
653	29.604676	166.412	8.00002403672812
654	30.974980	176.712	8.00002263570103
655	31.212525	172.963	7.999976873666623
656	32.447550	188.612	8.000021207558374
657	31.870991	190.813	7.999979037067706
658	35.707425	194.343	6.999994854458356
659	35.503549	201.617	5.999990080201571
660	36.245131	208.250	6.0
661	36.359851	206.086	6.999990295313606
662	38.090345	210.600	6.0
663	37.702422	209.650	6.0
664	41.059763	223.550	5.999999999999999
665	40.596531	222.250	6.0
666	42.506680	233.433	6.00000856776891
667	42.082142	236.067	5.999991527828964
668	43.829176	243.340	5.0
669	44.294738	247.433	6.000008082996205
670	49.141050	307.300	5.0
671	49.495680	306.780	5.000000000000001
672	19.128888	132.969	13.000022561649708
673	19.191902	131.057	14.000015260535493
674	20.631501	135.983	12.000029415441636
675	20.615882	136.850	12.0
676	22.053028	142.891	10.999993001658607
677	21.983123	142.673	10.999978972896063
678	24.888901	152.690	10.0
679	24.040831	150.040	10.000000000000002
680	26.955399	159.822	9.000012513921739
681	26.174367	156.389	8.99999360568838
682	28.136323	165.387	8.000024185697788
683	27.938773	165.863	7.999975883711256
684	29.338031	169.338	7.99997637860374
685	29.549986	171.762	8.000023288038099
686	31.406209	177.875	8.0
687	30.683902	179.257	7.000005578582705
688	34.003917	192.343	6.999994800954545
689	33.631612	187.886	6.999989355247331
690	36.263895	199.333	6.000010033461595
691	34.870448	199.200	7.000000000000001
692	36.688620	204.443	6.999995108661093
693	36.541389	205.157	7.000004874315767
694	37.839143	208.367	5.99999040155111
695	37.225452	204.971	7.0000146362168305
696	40.689638	235.820	5.0
697	40.199005	234.900	6.0
698	42.027020	238.167	5.999991602530997
699	42.365151	235.467	5.999991506240789
700	42.834252	239.183	6.0000083617982884
701	42.647966	243.700	5.0
702	49.347886	318.900	4.0
703	47.623840	318.650	4.0
704	19.076695	131.331	12.999977156954566
705	18.880632	132.715	13.000037674716497
706	20.329293	136.258	12.000029356074505
707	20.126380	136.700	12.000000000000002
708	22.106545	141.245	11.000035399483167
709	21.365608	138.692	11.99997115911516
710	24.291826	152.260	10.0
711	24.993667	150.070	10.0
712	26.014098	156.167	8.99998078979554
713	26.308025	159.889	8.999993745661051
714	27.185280	160.500	9.0
715	27.122576	164.633	9.000018222349103
716	29.269895	165.411	9.000006045547153
717	28.482474	165.700	9.0
718	30.821545	170.413	7.999976527612329
719	30.187125	178.225	8.0
720	33.386306	192.214	7.00001040506935
721	33.665629	193.200	7.000000000000001
722	34.570698	191.657	7.000005217654455
723	34.463894	193.800	6.999999999999999
724	36.525000	207.383	6.000009643992033
725	36.047818	199.329	6.999984949505591
726	38.123392	218.000	6.0
727	37.207337	208.850	6.0
728	40.852641	232.883	6.000008588003418
729	39.981918	230.333	6.000008683080583
730	42.299153	228.750	6.0
731	41.685688	235.817	5.999991518847242
732	43.756868	242.550	5.999999999999999
733	42.660600	246.720	5.0
734	48.830642	320.800	4.0
735	48.366292	316.940	5.0
736	18.679894	130.454	12.999984668925444
737	18.479570	131.531	12.999977191688652
738	20.259527	137.092	11.999970822513347
739	20.092950	137.542	11.999970917974146
740	21.488371	138.925	11.999999999999998
741	21.670172	139.850	12.0
742	25.196832	151.130	10.0
743	24.982169	151.100	10.0
744	26.039407	154.550	10.0
745	25.275855	154.127	11.000019464467615
746	27.727153	163.444	9.000024473214069
747	27.342996	161.656	8.999975256099372
748	29.377798	170.550	8.0
749	28.836878	166.800	9.0
750	30.875743	171.325	8.0
751	30.284938	176.713	7.999977364427066
752	33.313140	186.100	7.000000000000001
753	33.404571	193.371	7.000015514218781
754	35.279343	188.214	7.000010626202089
755	34.556385	198.100	6.0
756	36.848700	205.983	6.000009709539137
757	35.820495	196.871	7.000015238404843
758	37.464234	215.483	6.000009281474641
759	37.613145	203.617	5.999990177637428
760	40.173205	234.233	6.00000853850653
761	40.220404	225.817	5.999991143270879
762	41.905286	244.100	5.0
763	41.765726	237.000	6.0
764	42.798529	246.600	6.0
765	43.281906	254.980	5.000000000000001
766	48.709078	302.500	5.0
767	48.231333	311.600	5.0
768	18.680777	130.164	14.00003073046311
769	18.715469	130.693	13.999984696961581
770	20.124848	136.192	11.999970629699247
771	20.069699	135.277	12.999992607760374
772	20.849778	140.783	12.0000284125214
773	20.858645	141.117	11.999971654726222
774	24.643012	151.960	9.999999999999998
775	24.396191	149.570	10.0
776	25.753994	153.522	9.000013027448835
777	25.845545	156.033	9.000019226702044
778	27.715113	163.244	9.000024503197668
779	26.939384	162.467	8.999981534711663
780	29.114361	169.638	7.999976420377509
781	28.714432	170.912	8.000023403856956
782	30.222363	167.611	9.000005966195536
783	30.381382	168.500	9.0
784	33.147829	181.600	8.0
785	32.741756	181.987	8.00002197959195
786	34.847178	191.086	6.999989533508471
787	34.066215	192.257	7.000005201371081
788	35.995059	206.550	5.999999999999999
789	36.018912	205.283	6.000009742647955
790	37.432037	216.000	6.0
791	37.674832	203.957	7.000004902994259
792	40.221168	220.050	5.999999999999999
793	39.494687	222.617	5.9999910159601475
794	41.193006	241.560	5.0
795	40.504097	241.760	5.0
796	42.357127	250.720	5.0
797	42.182572	253.440	5.0
798	48.631822	315.100	5.0
799	48.860446	308.580	5.000000000000001
800	18.832781	131.623	13.000007597456372
801	18.596238	130.592	13.00003062974761
802	20.332954	134.767	11.999970319143412
803	19.667301	134.767	11.999970319143412
804	21.571283	141.964	10.999971823842664
805	21.328854	139.209	11.000007183443598
806	24.858255	149.580	9.999999999999998
807	24.318735	147.582	10.999986448211843
808	26.168360	153.340	10.0
809	25.818324	156.333	9.000019189806375
810	27.645925	160.767	8.999981339453994
811	27.007722	156.867	8.999980875518752
812	29.039918	169.787	8.000023558929717
813	28.271473	169.675	8.0
814	30.722332	175.537	8.000022787218649
815	30.409865	169.356	8.99997638111434
816	33.583035	192.633	6.000010382437069
817	32.927222	191.114	7.000010464958088
818	35.262001	193.429	6.9999844904331825
819	33.890872	187.200	7.000000000000001
820	36.348055	202.550	5.999999999999999
821	35.541373	200.717	5.999990035721936
822	37.111880	212.750	6.0
823	36.492799	214.167	5.9999906614931335
824	40.174509	233.933	6.000008549456468
825	39.919304	219.033	6.000009131044181
826	41.785676	226.867	5.999991184262146
827	41.274044	243.620	4.999999999999999
828	43.649129	254.780	5.0
829	42.435837	240.917	5.999991698385751
830	48.755289	301.500	5.0
831	48.202499	314.725	4.0
832	18.738014	131.546	13.000015203807033
833	18.801878	130.686	13.999969392283793
834	20.902932	136.542	11.999970704984547
835	20.114341	134.792	11.999970324648347
836	22.149026	141.327	11.00002122736632
837	21.506868	141.145	11.000035424563391
838	24.602518	146.627	11.000020460078975
839	24.872082	148.720	10.0
840	26.548176	154.120	10.0
841	26.369088	156.600	9.000000000000002
842	27.664722	160.733	9.00001866449329
843	27.074452	159.378	8.999987451216606
844	28.816410	165.178	8.999987891850004
845	28.791084	166.067	8.999981935002136
846	31.064341	172.025	8.0
847	29.944943	168.956	8.999976325197093
848	33.226451	189.643	6.999994726934292
849	33.300770	192.314	7.000010399658891
850	33.955548	187.643	6.999994670731122
851	34.498688	197.500	7.0
852	36.232062	204.143	6.999995101472987
853	35.984700	199.050	5.999999999999999
854	37.715101	211.033	6.000009477190772
855	37.183914	215.633	6.0000092750182015
856	39.844419	230.760	5.0
857	40.785242	227.250	6.0
858	40.871381	226.750	6.0
859	41.682585	225.767	5.999991141309403
860	43.607986	244.000	6.0
861	42.314175	245.617	5.999991857241152
862	49.148304	298.975	4.0
863	48.128056	314.180	5.0
864	18.922368	131.362	12.99995432469055
865	18.568387	130.264	14.000030706872197
866	20.164010	133.777	12.999992524873484
867	20.541936	133.085	12.999962430025922
868	21.527021	135.577	12.99999262411766
869	21.558858	139.600	12.0
870	24.545181	151.030	10.0
871	24.676898	150.450	10.0
872	26.062007	156.000	9.0
873	25.946668	157.944	9.0000253254318
874	27.500523	158.656	8.999974788221056
875	26.683789	161.678	8.999987629733173
876	29.437748	170.450	8.0
877	29.033822	169.275	8.0
878	29.736841	167.844	9.000023831653202
879	30.677376	176.962	8.000022603722833
880	33.277997	188.986	6.999989417205508
881	32.631197	181.562	8.000022031041738
882	34.619871	186.825	8.0
883	34.407462	191.814	7.000010426767599
884	36.482167	203.329	6.999985245587201
885	34.900704	203.629	6.9999852673244
886	35.871910	211.886	6.999990560962027
887	37.685647	206.829	6.9999854952642035
888	40.554339	224.133	6.000008923273235
889	39.884878	216.583	6.000009234335105
890	41.476980	225.950	6.000000000000001
891	41.742970	245.400	5.0
892	42.141136	251.640	5.000000000000001
893	42.072631	236.850	6.0
894	49.037230	293.000	5.0
895	47.725464	282.060	5.0
896	18.963588	131.846	13.000015169212565
897	18.852500	132.815	13.000037646350187
898	20.227893	132.292	13.000030236144287
899	20.070697	133.946	13.000014931390261
900	21.738895	139.042	11.999971231714158
901	22.231914	140.100	11.0
902	24.723607	150.020	10.0
903	24.378208	149.080	9.999999999999998
904	26.125509	157.400	8.999999999999998
905	25.733201	156.922	9.000012745185506
906	27.501366	162.911	9.000006138320924
907	27.730877	160.522	9.000012459351368
908	29.421352	172.838	7.999976856941182
909	27.885458	163.978	8.999987803241897
910	30.628161	170.387	8.00002347596941
911	30.247727	176.514	7.000011330546018
912	33.447073	181.838	7.999978002397739
913	33.122775	181.025	8.0
914	35.419466	188.429	6.9999840788838235
915	34.597911	189.714	7.000010542184551
916	36.416164	201.771	7.000014868340843
917	36.240389	202.117	5.999990104741314
918	37.306658	207.400	7.0
919	37.573075	205.057	7.000004876692823
920	40.681606	222.617	5.9999910159601475
921	39.551767	224.550	5.999999999999999
922	42.070611	241.940	5.0
923	41.392656	244.440	5.0
924	42.712454	234.967	5.9999914881664225
925	42.845146	252.680	5.0
926	48.475565	311.975	4.0
927	48.361409	315.040	5.0
928	18.831390	130.554	12.999984680668536
929	19.215624	133.654	12.999985035988448
930	20.525848	136.150	12.0
931	20.837536	137.150	12.0
932	22.489651	138.900	11.0
933	21.569301	138.575	12.000000000000002
934	24.395440	150.770	10.0
935	24.682758	148.770	10.0
936	26.276229	155.000	10.0
937	26.459044	155.456	8.999974269246604
938	27.794233	163.750	8.0
939	27.836335	163.078	8.999987735930047
940	28.543422	164.478	8.999987840319069
941	29.774702	164.833	9.00001820023903
942	30.938722	167.300	9.0
943	31.063301	170.875	8.0
944	33.497017	190.771	7.00001572566061
945	33.375094	192.586	6.999989615029129
946	35.080957	186.514	7.000010723055641
947	35.326798	190.443	6.999994749085027
948	36.358413	199.871	7.000015009681244
949	35.739676	199.400	7.0
950	36.979869	205.657	7.000004862465172
951	37.875617	208.029	6.999985578933707
952	40.896066	225.583	6.000008865916315
953	40.846407	216.286	6.999990752984474
954	43.117873	226.233	6.00000884044326
955	42.207896	230.550	5.999999999999999
956	43.167437	253.600	5.0
957	43.231775	243.867	5.9999917988083675
958	47.615732	298.400	5.0
959	48.683927	289.080	5.000000000000001
960	18.698847	130.071	14.000046128652812
961	18.961797	131.136	13.999969497315766
962	20.680899	134.975	12.0
963	20.078074	135.517	11.999970483407987
964	21.506875	138.442	11.999971107033991
965	21.851904	139.158	12.000028744305036
966	24.708666	149.510	10.0
967	24.426115	153.030	10.0
968	26.033686	152.190	10.0
969	26.369621	156.310	10.0
970	28.090271	159.522	9.00001253745565
971	28.061731	162.522	9.000012306026262
972	28.508630	163.733	9.00001832251287
973	29.255834	161.800	9.0
974	30.377079	167.978	8.999988093678933
975	29.985960	171.788	7.999976715486529
976	33.127651	187.814	7.00001064883342
977	33.008554	180.938	7.999977892979916
978	34.724537	187.414	7.000010671561357
979	34.126081	186.714	7.0000107115695664
980	36.207435	206.367	5.9999903085280115
981	36.321407	200.600	7.0
982	36.896687	200.383	6.000009980886602
983	37.101424	210.717	5.999990508596838
984	41.121546	227.833	6.000008778359588
985	40.132128	218.183	6.000009166617014
986	41.466731	238.340	5.0
987	41.987686	238.783	6.000008375805648
988	42.907408	241.233	6.000008290739658
989	43.090060	243.333	6.000008219189342
990	47.468155	288.460	5.0
991	49.094239	309.980	5.0
992	18.173715	130.200	14.0
993	18.533109	132.169	13.000022698212137
994	20.064200	133.992	13.000029852528511
995	20.169460	135.608	12.99997050321515
996	21.628340	138.725	12.0
997	21.717229	139.683	12.000028636269267
998	24.399401	150.560	10.0
999	24.646854	150.160	10.0
1000	24.184077	155.910	10.0
1001	25.795529	156.544	9.000025551921505
1002	27.415222	162.589	8.999993849522415
1003	27.605082	158.856	8.999974819962734
1004	28.377036	164.544	9.000024309607157
1005	28.823576	166.556	8.99997598405341
1006	30.837556	171.863	7.9999767256477545
1007	29.925434	170.089	8.999994120725033
1008	33.204069	180.662	8.000022140793304
1009	32.655183	182.625	8.0
1010	34.571070	187.186	6.999989315440256
1011	34.278751	184.914	7.000010815838715
1012	35.894038	203.157	7.00000492230147
1013	36.602597	197.557	7.000005061830257
1014	36.783694	201.071	7.000014920102849
1015	37.610317	205.717	5.999990277906055
1016	39.454862	227.150	6.0
1017	40.618076	216.333	6.000009245006541
1018	41.476695	233.900	5.0
1019	41.165747	240.383	6.00000832005591
1020	42.164622	240.017	5.999991667256903
1021	42.396975	239.067	5.999991634144403
1022	48.382031	306.980	5.0
1023	47.823183	284.300	6.0
