-1	0	90	0
0	0.279159	95.459	416.99996857289517
1	0.279085	96.730	416.0002067610875
2	0.303049	96.332	384.0001245691982
3	0.304502	96.283	380.9987225159166
4	0.328666	98.449	354.000548507349
5	0.328715	97.184	353.9996295686533
6	0.375986	98.677	309.00007093851656
7	0.375498	98.646	309.99939176449124
8	0.399266	99.435	290.9991451702117
9	0.392968	99.378	296.0011270100022
10	0.421746	102.025	276.00098015192356
11	0.418879	100.414	278.0000796701655
12	0.445913	101.364	260.9989739947121
13	0.445622	101.113	260.99908023696264
14	0.468074	101.990	248.99892146288855
15	0.469116	102.074	248.00047024707567
16	0.516240	104.477	224.99976071288415
17	0.515673	104.619	224.99928311301008
18	0.537549	105.693	216.00011353637422
19	0.539758	105.483	215.99973455438317
20	0.563448	106.555	206.0006569377317
21	0.559739	110.096	207.0002543234995
22	0.582477	108.130	200.00092481272543
23	0.586259	107.911	198.00020387170912
24	0.634342	110.187	183.0007169629811
25	0.633867	110.537	183.99992762604376
26	0.653134	112.001	176.99931250613832
27	0.657682	116.640	176.0005144032922
28	0.681627	113.193	169.99991165531438
29	0.677204	113.094	171.99939873025977
30	0.871699	138.295	132.99974691782063
31	0.873001	138.406	133.0000144502406
32	0.559244	97.573	209.00044069568426
33	0.559913	97.680	211.00020475020474
34	0.610299	98.705	191.00045590395624
35	0.610760	100.878	192.00023791114018
36	0.657614	99.438	178.99997988696475
37	0.657687	99.603	178.0006626306437
38	0.751958	102.215	154.9997554175023
39	0.751556	101.864	156.00015707217466
40	0.798971	102.897	145.99939745570813
41	0.793871	102.860	146.99980556095664
42	0.845375	104.012	138.00042302811215
43	0.845413	103.909	138.0005581807158
44	0.880562	104.927	131.99939005213147
45	0.875650	109.598	133.0006022007701
46	0.928631	105.800	126.0
47	0.925569	106.302	125.999510827642
48	1.030241	108.945	113.00013768415255
49	1.033997	109.029	113.99994496876977
50	1.081215	110.309	108.0002538324162
51	1.078204	110.153	107.99978212123138
52	1.128924	111.537	103.99956964953333
53	1.128343	111.784	103.00042939955628
54	1.175205	113.153	98.99958463319577
55	1.172334	113.564	98.99968299813321
56	1.270486	116.821	90.00008560104776
57	1.269123	116.595	90.99961404862988
58	1.313095	118.219	89.00007612989452
59	1.296747	127.949	89.99992184385967
60	1.364409	120.809	85.00028971351472
61	1.364639	120.472	84.99983398632048
62	1.680710	145.536	69.00010993843448
63	1.675654	146.555	69.00003411688444
64	0.844882	99.649	140.0004014089454
65	0.838827	99.605	140.0
66	0.916324	101.143	126.99939689350721
67	0.901735	101.038	131.999841643738
68	0.986789	102.218	117.99976520769336
69	0.985477	101.922	120.00058868546536
70	1.128249	104.328	103.99988497814584
71	1.126711	104.399	103.00002873590743
72	1.189181	106.261	98.00020703738907
73	1.198394	110.358	96.99976440312437
74	1.264851	106.987	93.00008412237001
75	1.261410	107.032	94.99962627999103
76	1.336210	108.782	87.99985291684285
77	1.339202	108.577	87.0000092100537
78	1.399282	109.962	85.9997089903785
79	1.410437	110.130	82.00036320711887
80	1.552365	113.458	74.00007051067355
81	1.540369	113.371	76.00003528239145
82	1.620955	115.242	71.00015619305461
83	1.617088	114.951	72.99979991474629
84	1.691999	117.080	68.99982917663137
85	1.692672	116.887	70.0000855527133
86	1.754702	119.003	66.000016806299
87	1.764569	119.288	65.99993293541681
88	1.905731	122.937	62.00004880548574
89	1.905894	123.208	62.00003246542432
90	1.974302	125.919	58.99983322612155
91	1.971813	125.627	59.00005572050595
92	2.032157	140.468	58.99991457129027
93	2.044937	127.992	58.999781236327266
94	2.472537	159.121	47.00008169883296
95	2.489757	159.068	47.00002514647823
96	1.122559	102.062	106.00027434304639
97	1.126848	101.334	105.99996052657548
98	1.221531	103.143	95.99972853223196
99	1.222721	102.710	99.00009736150326
100	1.315195	104.343	88.99974123803226
101	1.316462	103.912	90.00019247055201
102	1.504062	106.962	79.00001869822927
103	1.504735	107.234	79.99981349198949
104	1.597395	108.381	74.00005536025687
105	1.589724	108.740	72.99981607504138
106	1.692837	110.599	68.99971970813479
107	1.694037	110.101	71.00026339451958
108	1.786719	112.308	64.9998219182961
109	1.787186	112.354	64.99991099560319
110	1.855539	115.624	62.00010378468138
111	1.883322	121.034	61.99993390287027
112	2.071362	117.816	56.00003395124601
113	2.070076	118.135	57.0000423244593
114	2.164661	119.825	55.000208637596494
115	2.162583	120.515	53.00004148861138
116	2.253432	122.469	50.999844858698935
117	2.259374	122.385	51.999836581280384
118	2.353395	124.488	48.99990360516676
119	2.353777	125.588	48.999904449469696
120	2.517105	130.757	45.99983174896946
121	2.541879	130.860	44.99999999999999
122	2.592751	133.604	45.00014969611688
123	2.593884	134.145	44.00014909240001
124	2.729952	136.395	42.00007331647055
125	2.730042	136.517	41.999897448669394
126	3.192736	163.489	37.00004281633627
127	3.175760	164.686	37.00010929890822
128	1.410389	104.283	83.00010548219748
129	1.409548	103.280	82.99961270333075
130	1.525872	104.982	75.99969518584139
131	1.516231	105.110	77.00028541527924
132	1.646019	106.154	70.99967971060912
133	1.644892	106.335	71.0001410636197
134	1.880902	109.885	62.00027301269508
135	1.881728	110.081	61.99980014716436
136	1.993647	112.769	57.999982264629466
137	1.999357	118.690	57.9998314938074
138	2.116037	114.354	53.999860083600055
139	2.116054	113.964	54.99982450598435
140	2.228999	115.889	52.99985330790671
141	2.235000	115.990	52.00017242865764
142	2.349993	118.367	49.00014362111061
143	2.350333	117.996	50.00000000000001
144	2.585590	123.173	45.00012177993554
145	2.545527	123.382	45.00008104909954
146	2.702739	125.505	41.99992032189952
147	2.703952	125.516	43.00009560534115
148	2.822702	128.051	41.000070284496026
149	2.805296	128.302	41.00014029399386
150	2.885617	131.257	40.00015237282583
151	2.922857	131.785	38.99988617824487
152	3.176152	137.383	36.000087347051675
153	3.159825	137.614	35.999970933189935
154	3.268100	141.089	34.99989368412846
155	3.292070	140.837	35.00003550203427
156	3.410185	144.229	34.00009706785736
157	3.384693	145.044	34.000027577838445
158	3.949343	175.710	29.000056911957202
159	3.987414	176.700	28.000000000000004
160	1.690696	105.561	68.99991474123965
161	1.691575	105.257	68.99968648165917
162	1.832201	107.309	64.00022365318846
163	1.833634	106.930	63.99981296175067
164	1.973613	108.895	58.99995408420956
165	1.973380	108.984	58.00025691844675
166	2.253871	118.669	52.00010112160716
167	2.257703	114.452	51.99996505085101
168	2.397900	115.167	49.000147611729055
169	2.393169	114.818	50.0
170	2.538661	117.271	45.00004263628689
171	2.511573	117.713	46.000016990476844
172	2.680809	119.833	42.99984144601237
173	2.680205	119.409	44.00003349831252
174	2.804843	122.612	41.00006524646854
175	2.821124	122.715	40.99987776555433
176	3.104751	127.446	36.999984307079075
177	3.096075	128.368	36.99987535834477
178	3.245547	130.919	36.00012221297138
179	3.245394	130.581	35.999877470688695
180	3.385333	134.200	34.00000000000001
181	3.384590	134.127	33.00006710058377
182	3.526574	138.191	31.999913163664786
183	3.505837	137.361	32.99990535887188
184	3.810685	145.160	30.000000000000004
185	3.810318	145.760	30.000000000000004
186	3.926601	149.728	28.999919854669802
187	3.935153	148.521	28.99993940250874
188	4.094169	152.846	28.000078510396083
189	4.071067	154.236	27.999948131434948
190	4.659355	182.638	23.99993429625817
191	4.656912	182.452	25.0
192	1.970918	107.893	59.00012048974447
193	1.972558	107.170	60.0
194	2.137824	109.828	53.999890738245256
195	2.130052	109.683	54.00016410929678
196	2.300845	111.690	50.0
197	2.300072	110.710	50.999909673922865
198	2.614833	116.039	43.999862115323296
199	2.611294	117.200	44.0
200	2.791367	127.310	40.99992145157489
201	2.752322	119.968	41.00010002667378
202	2.961410	121.333	39.000107143151496
203	2.954005	120.842	40.000165505370646
204	3.127447	123.832	37.00012920731314
205	3.125375	124.451	37.00010445878298
206	3.264933	126.736	36.000031561671506
207	3.291087	126.763	34.999960556313745
208	3.612327	132.518	33.00004527686805
209	3.620842	133.153	32.00003004062995
210	3.754692	135.874	31.00004415855867
211	3.771930	137.374	31.000043676387094
212	3.947393	140.679	29.00006397543343
213	3.950623	140.303	29.00009265660749
214	4.113335	144.482	28.000027685109565
215	4.116831	144.389	28.00005540588272
216	4.410943	153.077	25.99998693467993
217	4.446238	155.244	25.0
218	4.597259	157.352	25.0
219	4.606312	157.984	24.999999999999996
220	4.634803	163.113	23.999926431369662
221	4.775100	161.975	24.0
222	5.350749	196.348	20.99995925601483
223	5.437478	200.314	21.000029952973833
224	2.245544	110.400	52.0
225	2.247520	109.019	53.99976150946165
226	2.444674	110.885	48.00018036704694
227	2.443234	111.823	47.0001699113778
228	2.629323	113.850	44.0
229	2.627577	114.016	43.9999649172046
230	3.005253	118.231	38.99992387783238
231	3.005010	119.151	39.000092319829456
232	3.193371	121.746	36.99998357235557
233	3.198307	121.842	35.999901511793965
234	3.386850	125.153	33.99998401956005
235	3.386690	123.953	33.999983864852
236	3.571597	128.150	32.0
237	3.556497	127.767	32.99991390578162
238	3.727875	131.570	30.0
239	3.759613	131.213	30.99997713641179
240	4.139570	147.904	26.9999459108611
241	4.140558	147.750	28.0
242	4.324695	142.412	25.999915737437853
243	4.324302	142.241	26.99995078774755
244	4.513886	146.872	25.0
245	4.508786	146.980	25.0
246	4.684897	150.188	25.0
247	4.698520	151.004	24.000026489364522
248	4.998831	160.626	23.00001245128435
249	4.997499	161.564	21.99995048401872
250	5.268458	165.295	22.0000604978977
251	5.269067	166.776	21.00002398426632
252	5.396298	170.559	22.00001172614755
253	5.457298	170.095	21.0000293953379
254	6.171052	209.200	18.0
255	6.210442	211.150	18.0
256	2.526709	111.733	48.00014319851789
257	2.525567	111.717	47.99985678097335
258	2.718855	114.516	43.000104788850464
259	2.735514	114.345	44.000174909265816
260	2.944225	116.733	42.0001199318102
261	2.945289	117.428	39.99982968286951
262	3.329211	124.506	34.99991968258558
263	3.366176	124.103	34.99995971088532
264	3.583544	127.200	33.0
265	3.585749	127.303	33.000007855274426
266	3.779288	129.066	31.999907024313146
267	3.796125	131.071	30.99999237054726
268	4.013498	133.703	30.000074792637413
269	3.997989	134.367	29.999925576964586
270	4.222884	138.183	28.99994934253852
271	4.223063	138.138	28.99998552172465
272	4.646465	148.872	25.0
273	4.629410	147.265	26.000067904797476
274	4.753841	149.444	27.000080297636575
275	4.832357	151.792	25.0
276	5.068363	155.775	24.0
277	5.070935	158.622	22.999962174225516
278	5.232314	158.568	24.999999999999996
279	5.223034	161.483	22.999944266579142
280	5.522689	171.773	21.99996507017983
281	5.706693	174.610	19.999999999999996
282	5.919914	174.777	22.000034329459826
283	5.859186	181.375	20.0
284	6.123871	188.689	19.000047697534036
285	5.950122	187.684	19.000021312418745
286	7.076677	239.965	16.99997916362803
287	7.059935	245.306	16.999991846917727
288	2.817675	114.210	40.99991244199283
289	2.809694	113.316	43.9999647004836
290	3.027359	116.110	40.0
291	3.047912	116.546	39.00005148181834
292	3.283475	118.771	38.0000168391274
293	3.282399	119.708	36.00010024392689
294	3.724341	127.113	31.999874127744604
295	3.682747	126.512	33.000031617554065
296	3.963517	130.590	29.999999999999996
297	3.987806	129.845	31.00003850745119
298	4.222126	135.361	27.999940898781777
299	4.220545	135.032	28.000029622607972
300	4.454606	137.250	28.0
301	4.450680	140.004	25.99997142938773
302	4.687548	144.012	25.0
303	4.686731	143.196	26.000027933741165
304	5.154645	154.450	22.000000000000004
305	5.125314	152.557	22.999927895802884
306	5.389315	157.386	22.00005083044235
307	5.390881	156.541	21.999987223794406
308	5.598724	160.564	21.999950175630904
309	5.594326	162.952	21.000049094211793
310	5.824660	169.130	20.0
311	5.859452	168.865	20.0
312	6.326932	180.089	17.99998889438
313	6.330255	178.921	19.00000558905886
314	6.565665	185.639	17.99998922640178
315	6.561474	186.028	17.99997849786054
316	6.757824	196.618	16.999969483974002
317	6.800764	196.800	17.0
318	7.843862	248.953	15.000020084112263
319	7.797566	248.373	15.000020131012631
320	3.084585	115.698	40.999844422548364
321	3.076953	115.717	40.000172835452005
322	3.343143	119.714	35.000083532418934
323	3.347292	119.086	36.000033589170854
324	3.604544	120.391	35.000124594031114
325	3.599202	122.582	32.99995105317257
326	4.119808	128.527	29.999922195336392
327	4.116538	128.647	29.99992226791142
328	4.340486	131.559	28.99991638732432
329	4.351654	133.970	27.00007464357692
330	4.583817	139.667	26.99993556101298
331	4.609622	142.040	25.0
332	4.897121	140.176	25.000000000000004
333	4.814141	139.973	26.000014288469917
334	5.135118	147.709	22.99995260952278
335	5.133631	148.650	22.0
336	5.672659	154.973	21.99996128357843
337	5.668295	155.236	22.000051534437887
338	5.928487	162.065	20.0
339	5.928020	164.968	19.000048494253434
340	6.179766	165.440	20.0
341	6.185671	170.322	18.000023484928548
342	6.406568	174.094	18.00004595218675
343	6.428007	176.339	17.99998865820947
344	6.910172	184.211	18.000010857114937
345	6.908821	188.859	16.99998411513351
346	7.170488	188.483	18.000031833109617
347	7.215675	190.729	17.000036701288213
348	7.479548	201.144	15.999980113749354
349	7.448887	201.081	16.00001989248114
350	8.672471	257.657	14.000007762257574
351	8.531128	258.814	14.000015455114482
352	3.367212	118.922	36.00006727098434
353	3.346072	118.764	35.9999663197602
354	3.650689	121.242	33.00011547153626
355	3.636195	120.715	33.000041419873256
356	3.913306	125.440	30.0
357	3.911134	125.377	29.99992024055449
358	4.497256	132.270	27.000075602933393
359	4.497846	133.736	25.000000000000004
360	4.760239	135.581	25.99995574601161
361	4.753764	135.654	25.999970513217452
362	5.046964	139.296	25.000000000000004
363	5.015471	139.736	25.000000000000004
364	5.341590	144.378	23.000041557578026
365	5.324392	145.130	23.000068903741475
366	5.589653	150.155	21.99993340215111
367	5.620559	149.818	22.000026699061525
368	6.182414	159.770	20.0
369	6.173589	162.579	18.999993849144108
370	6.452819	166.042	19.000012045145205
371	6.344298	167.695	18.999970183964937
372	6.724883	174.818	16.999965678591447
373	6.754957	171.900	18.0
374	7.034499	180.882	17.00003317079643
375	6.977522	179.494	17.00001114243373
376	7.605991	192.656	16.00002076239515
377	7.594092	196.253	15.000025477317546
378	7.841777	196.513	15.999959290225073
379	7.851354	197.581	16.000020244861602
380	8.096824	210.143	13.999990482671324
381	8.119043	207.607	14.999975916033659
382	9.333998	263.038	13.000022810392414
383	9.320495	266.183	12.000015027255685
384	3.650777	120.988	32.99996693886997
385	3.655573	120.470	32.999916991782186
386	3.940184	123.521	33.00005667052566
387	3.910443	125.413	30.00007973655044
388	4.245996	128.852	28.99993791326483
389	4.267752	127.232	28.00003143863179
390	4.871766	133.235	25.999924944646672
391	4.792583	136.558	24.00005858316613
392	5.172359	138.667	23.99994230783099
393	5.162298	138.600	24.0
394	5.478677	144.350	22.0
395	5.476229	142.883	22.999937011400934
396	5.781921	150.700	20.0
397	5.755680	150.335	19.999999999999996
398	6.094360	155.142	19.000012891415604
399	6.081777	156.547	19.000044715005718
400	6.709620	168.441	17.00001781039058
401	6.684302	168.518	16.999964395494846
402	6.982710	172.718	16.999965261292974
403	7.013675	174.612	16.000045815866034
404	7.325157	179.325	16.0
405	7.313618	176.518	16.999966009132216
406	7.525822	184.250	16.0
407	7.622578	188.113	15.000026579768543
408	8.227261	197.567	14.999974692129758
409	8.229610	198.160	15.0
410	8.510165	213.485	12.99997657915076
411	8.545422	212.462	12.999971759655844
412	8.801255	220.769	13.000013588864379
413	8.847678	213.914	14.00001869910338
414	10.147894	280.418	11.000007132209772
415	10.013304	279.809	11.000003573866458
416	3.929256	122.197	30.99994271545128
417	3.929877	122.273	30.0000817842042
418	4.214965	126.264	28.00006335931065
419	4.232222	124.410	30.000000000000004
420	4.581370	129.854	25.99996919617416
421	4.585450	128.656	26.9999067280189
422	5.239260	138.670	22.99992788634889
423	5.193044	137.000	24.0
424	5.565206	142.209	22.000014063807495
425	5.569624	142.564	21.999943884851717
426	5.904741	148.795	20.000000000000004
427	5.873791	149.185	20.0
428	6.234710	153.805	19.000032508696076
429	6.179269	149.910	20.99993329330932
430	6.560288	160.753	16.999993779276284
431	6.561290	160.006	17.99995000187493
432	7.200320	170.735	17.0000292851495
433	7.214808	170.500	16.0
434	7.541003	178.407	14.999971974193837
435	7.519829	177.050	16.0
436	7.851086	187.480	15.0
437	7.813504	185.580	14.999999999999998
438	8.210301	194.821	14.000030797501296
439	8.189257	189.427	14.99997360460758
440	8.867419	203.657	14.000009820433375
441	8.862721	203.243	13.999990159562692
442	9.192496	211.246	13.00000946763489
443	9.182299	218.038	13.000027518139039
444	9.494708	224.662	12.999973293213804
445	9.514000	228.725	12.0
446	10.571381	281.900	12.000000000000002
447	10.557363	293.709	11.000003404730533
448	4.144638	125.160	30.000000000000004
449	4.203641	123.766	28.999886883312055
450	4.564498	125.103	29.000103914374556
451	4.563795	126.893	26.99991331279109
452	4.919014	132.408	24.000060419310014
453	4.922028	129.165	26.000077420353815
454	5.623400	140.648	20.999943120414084
455	5.539955	139.374	22.999985650121257
456	5.974271	147.115	20.0
457	5.974856	148.021	19.000006755798164
458	6.330822	150.553	18.999953504745836
459	6.330058	151.226	19.00003967571714
460	6.683385	157.094	18.00005092492393
461	6.684294	154.168	19.0000518914431
462	7.039731	160.178	17.99997502778159
463	7.037633	159.439	17.999987456017664
464	7.685500	174.481	16.00002292513225
465	7.720727	173.631	16.00002303736084
466	8.017536	180.800	14.999999999999998
467	8.093798	180.413	15.000027714189109
468	8.432337	185.500	15.0
469	8.413402	192.615	13.000025958518288
470	8.663140	196.371	14.000030554409763
471	8.775790	194.343	13.999989708916711
472	9.510552	211.108	12.99998105235235
473	9.502966	210.015	13.00002380782325
474	9.778265	223.383	12.000017906465576
475	9.833951	226.750	12.0
476	10.132261	228.308	12.00001752019202
477	10.213885	230.750	12.0
478	11.623454	303.189	8.999996701727305
479	11.572765	294.560	10.0
480	4.480856	126.570	27.000079007663746
481	4.487796	124.528	28.99990363613003
482	4.873209	128.362	25.999906514388996
483	4.789976	129.219	26.00004643280013
484	5.249440	133.817	23.000067256028757
485	5.214769	133.017	23.999939857311475
486	5.997992	142.029	20.999936632659526
487	5.989905	142.929	20.999937031673067
488	6.373198	150.483	18.000039871613403
489	6.365521	148.974	18.999959724515687
490	6.744296	154.650	17.999999999999996
491	6.739454	154.656	17.999948272294642
492	7.129152	157.833	18.00003801486381
493	7.015427	156.053	18.999955143444854
494	7.485704	167.675	16.0
495	7.452048	161.639	17.999987626748496
496	8.255552	178.047	14.999971917527393
497	8.214789	177.980	15.0
498	8.629855	182.287	14.999972570726383
499	8.633580	182.187	14.999972555670821
500	9.008595	192.714	14.000020756146414
501	8.979923	191.921	14.000031262863367
502	9.381708	199.477	12.999994986890718
503	9.373801	201.700	13.0
504	10.136715	219.967	11.999981815454134
505	10.135307	220.000	12.0
506	10.431236	225.242	11.999982241322668
507	10.513665	226.650	12.0
508	10.870704	239.555	10.999979127966437
509	10.886432	239.736	11.000016685020189
510	12.388488	298.500	10.0
511	12.382752	299.340	10.000000000000002
512	4.616712	125.148	27.000031962156807
513	4.626988	126.126	26.999984142841285
514	4.978010	128.974	27.000015507001415
515	4.921233	131.415	26.00007609481414
516	5.352515	134.213	23.999910589883246
517	5.389676	133.796	22.999940207480048
518	6.168361	141.548	20.999943482069686
519	6.168857	141.300	21.0
520	6.520251	148.763	19.000020166304793
521	6.553102	146.070	20.0
522	6.940536	154.033	18.000038952691956
523	6.905633	150.626	19.00003983376044
524	7.328404	156.789	17.999987244003087
525	7.272917	157.272	18.000025433643625
526	7.726940	166.987	16.000047907920976
527	7.672333	165.844	15.999975880948362
528	8.417077	178.900	15.0
529	8.499340	173.781	16.000023017476018
530	8.839699	190.769	13.000015725825474
531	8.821647	186.271	14.000032211133243
532	9.183921	191.529	13.999968673151326
533	9.272200	191.629	13.999968689498981
534	9.663694	200.846	13.000009957878175
535	9.662679	201.500	13.0
536	10.432634	219.975	12.0
537	10.432368	218.500	12.0
538	10.799992	226.142	11.999982311998656
539	10.732945	225.592	11.999982268874781
540	11.169238	243.409	11.000004108311526
541	11.094307	240.800	11.0
542	12.682245	313.211	9.000003192735887
543	12.749816	318.111	9.000003143556809
544	4.753428	126.808	25.99993691249763
545	4.750783	124.386	27.999935684080203
546	5.147172	128.844	25.0
547	5.144886	127.656	25.0
548	5.512086	132.025	24.0
549	5.508051	133.543	23.00008237047243
550	6.323296	141.071	21.000063797662172
551	6.317054	142.110	19.999999999999996
552	6.737814	149.811	18.000013350154525
553	6.742604	148.384	19.000026957084323
554	7.118447	153.244	18.00005220432774
555	7.082869	153.983	18.000038965340327
556	7.490810	162.912	16.00004910626596
557	7.529921	162.000	16.0
558	7.934583	166.456	16.000024030374394
559	7.935002	166.494	15.999975975110214
560	8.716887	181.036	13.999977904947082
561	8.660777	177.373	15.000028189183247
562	9.091956	186.186	13.999978516107547
563	9.019084	191.385	12.999973874650575
564	9.461346	196.562	12.999969475280064
565	9.516707	196.231	12.999984711895674
566	9.708491	201.823	13.000004954836662
567	9.892352	207.708	12.000019257804226
568	10.729962	218.350	12.0
569	10.616750	218.658	12.000018293407972
570	10.913164	222.967	11.999982060125488
571	11.091995	224.017	11.99998214421227
572	11.504254	239.609	11.000004173465937
573	11.485892	242.518	11.000008246810545
574	13.128565	308.500	9.0
575	13.116655	312.756	8.999987210477178
576	4.843220	126.812	25.99990537173138
577	4.891886	125.915	26.000079418655442
578	5.247102	130.242	23.999938575881824
579	5.284013	129.875	24.0
580	5.707297	134.632	21.999970289381423
581	5.684019	134.645	22.00007426937502
582	6.410220	146.584	19.00002728810784
583	6.424094	148.047	19.00004728228198
584	6.864505	149.837	18.999979978243026
585	6.891719	150.806	17.999946951712793
586	7.344576	155.306	16.999987122197467
587	7.327323	155.741	17.00001926275033
588	7.632496	165.713	15.000030172647891
589	7.736736	162.656	16.00002459177651
590	8.162439	165.594	15.999975844535431
591	8.040686	165.800	16.0
592	8.948183	181.779	13.999966992886968
593	8.823182	181.000	14.0
594	9.390965	185.371	14.000032367522426
595	9.322563	186.071	14.000032245755653
596	9.791830	204.200	11.0
597	9.806905	200.642	11.999980063994578
598	10.209849	206.633	12.000019357992189
599	10.204453	206.992	11.999980675581666
600	11.028663	231.520	9.999999999999998
601	11.026709	227.018	11.000008809874107
602	11.371369	235.400	11.0
603	11.420018	240.780	10.0
604	11.790556	251.830	10.0
605	11.795113	250.990	10.0
606	13.466659	312.211	9.0000032029621
607	13.491902	309.589	8.999996769911077
608	5.017917	128.487	24.000093394662496
609	5.015388	127.750	24.0
610	5.398120	132.923	21.99995486108499
611	5.322872	130.058	24.000061511018163
612	5.851814	134.164	21.999940371485646
613	5.768459	135.938	21.000014712589564
614	6.661404	144.795	18.99996546842087
615	6.625250	145.000	19.0
616	7.100825	152.353	16.99999343629597
617	7.071016	149.783	18.000040057950503
618	7.513770	155.553	16.999993571322957
619	7.485849	155.076	17.00005158760866
620	7.899509	165.653	15.000030183576515
621	7.947730	162.250	16.0
622	8.356131	168.181	16.00002378389949
623	8.360094	174.271	14.000034429136232
624	9.183974	181.271	14.000033099613288
625	9.208804	181.564	14.000022030799059
626	9.532397	196.150	12.0
627	9.554850	191.254	12.999989542702377
628	10.052533	200.745	11.000024907220602
629	10.017184	200.317	11.999980031649836
630	10.430804	207.567	11.999980729113974
631	10.490779	205.708	12.000019445038598
632	11.316747	233.030	10.0
633	11.191266	222.918	11.000008971908953
634	11.735008	231.836	11.000017253575802
635	11.603706	233.564	10.999982874073059
636	12.118411	246.310	10.0
637	12.165964	249.880	10.000000000000002
638	13.686454	311.311	9.000003212221863
639	13.744472	310.622	9.000006438693974
640	5.142881	128.354	24.00003116381258
641	5.152476	129.048	22.999969003781537
642	5.583172	131.395	22.00007610639674
643	5.542444	130.096	22.999938506948713
644	5.926982	136.262	20.999985322393623
645	6.018976	136.720	20.0
646	6.586140	142.420	20.000000000000004
647	6.857798	146.372	18.000027327630963
648	7.305930	151.547	17.000006598612973
649	7.295252	150.788	17.000026527309863
650	7.739115	154.376	17.00005182152666
651	7.692677	157.006	16.000025476733374
652	8.171712	163.327	14.99996938656805
653	8.099779	165.700	15.000000000000002
654	8.609691	175.677	12.99999430773522
655	8.514640	173.407	14.000011533559773
656	9.365867	187.638	13.000031976465323
657	9.354789	189.585	12.99997362660548
658	9.807322	199.300	11.999999999999998
659	9.871249	189.392	13.000021120216271
660	10.283155	200.750	12.0
661	10.195853	201.117	11.999980111079621
662	10.758713	211.391	10.999995269429636
663	10.768501	211.700	11.0
664	11.536096	232.350	10.0
665	11.618248	231.860	9.999999999999998
666	12.046429	240.140	10.000000000000002
667	11.891754	232.536	11.000017201637597
668	12.431040	249.020	9.999999999999998
669	12.466935	249.090	10.0
670	14.213667	311.300	8.0
671	14.239888	328.829	6.999990876717078
672	5.280192	127.638	23.999905984111315
673	5.280521	128.941	21.999984489029863
674	5.649651	133.500	21.0
675	5.706695	128.675	23.999999999999996
676	6.168632	136.860	19.999999999999996
677	6.155215	138.505	19.00003609977979
678	6.973460	146.244	18.000054703098932
679	7.055242	145.806	17.99994513257342
680	7.480627	153.669	15.999973970026483
681	7.492932	153.906	16.00002598988993
682	7.918964	160.827	14.999968910692857
683	7.921267	159.173	15.000031412362649
684	8.264568	161.206	16.000024812972224
685	8.380448	165.379	13.99996371969839
686	8.805253	173.885	12.999971245363316
687	8.823051	171.907	14.00001163419756
688	9.689081	185.342	11.999978418275402
689	9.638378	188.150	12.0
690	10.153615	192.267	11.999979195597788
691	9.941679	183.686	13.999978223707847
692	10.577298	201.809	11.000004955180394
693	10.459076	206.009	11.000004854156858
694	11.048067	217.180	10.0
695	11.058245	214.900	10.0
696	11.800000	232.670	10.0
697	11.897098	223.645	11.000022356860201
698	12.302080	239.950	10.0
699	12.339032	241.844	9.000016539587502
700	12.803205	252.111	9.000003966506817
701	12.789029	259.544	9.00001541164504
702	14.585113	325.613	7.99998771547819
703	14.574918	322.700	8.0
704	5.409657	127.537	24.00009409034241
705	5.412294	129.855	21.99992299102846
706	5.870423	131.305	21.99992384143787
707	5.857934	132.300	21.0
708	6.298488	136.425	20.0
709	6.224723	134.424	20.999970243408914
710	7.237024	147.288	17.000027157677476
711	7.222894	147.847	17.00000676374901
712	7.693516	153.331	16.000026087353504
713	7.560867	156.487	14.99996804846409
714	7.922050	156.131	16.00002561951182
715	8.113420	162.807	14.000012284484084
716	8.579350	169.492	13.000023599933922
717	8.600022	169.200	13.0
718	9.048927	174.462	12.999965608556591
719	9.018318	170.979	13.999964907971153
720	9.849879	177.950	14.000000000000002
721	9.903879	188.092	11.999978733811112
722	10.252745	198.518	11.00001007465318
723	10.390741	198.764	10.999979875631402
724	10.721718	208.055	10.999975967893105
725	10.778429	203.545	11.000024564592596
726	11.281179	217.790	10.0
727	11.293039	217.420	10.0
728	12.065611	232.870	9.999999999999998
729	12.212249	232.380	10.000000000000002
730	12.658277	242.100	9.0
731	12.646888	239.400	10.0
732	13.134356	262.988	7.999984790180541
733	13.069945	263.288	7.999984807511167
734	14.940532	332.871	7.000009012500338
735	14.949921	314.550	8.0
736	5.502355	131.514	21.9999391699743
737	5.433534	132.232	21.999969750136124
738	6.027361	134.779	18.99999258044651
739	5.997850	134.580	19.999999999999996
740	6.486499	139.894	18.00005718615523
741	6.494020	137.939	17.99998550083733
742	7.430868	149.400	16.0
743	7.402898	150.131	16.000026643398098
744	7.893060	155.747	14.999967896652903
745	7.844076	153.338	15.999947827674811
746	8.336152	159.060	15.0
747	8.237358	159.773	15.000031294398928
748	8.823769	170.054	12.999988239029953
749	8.769898	170.708	12.999976568174894
750	9.260059	177.292	11.999977438350292
751	9.275092	172.685	12.999971045545358
752	10.157765	192.873	10.999984445723351
753	10.102648	187.333	12.00002135235116
754	10.681736	198.973	10.999984922577433
755	10.522060	200.282	10.999990014080145
756	10.969856	203.155	10.99997538825035
757	11.146879	207.660	10.0
758	11.581788	218.110	9.999999999999998
759	11.578782	215.010	10.0
760	12.472743	239.500	9.0
761	12.503414	231.530	10.0
762	12.986639	240.744	9.000016615159671
763	13.018161	240.756	8.999983385668479
764	13.357675	263.812	8.000015162312556
765	13.434416	263.050	8.0
766	15.288430	312.912	8.000012783146701
767	15.320510	335.957	7.000002976571406
768	5.695233	131.057	21.00002289080324
769	5.682446	130.686	20.999954088425692
770	6.145435	135.147	19.00005179545236
771	6.167552	134.153	18.99994782077181
772	6.636293	138.906	17.999942407095446
773	6.660165	138.589	17.999985568840238
774	7.596288	149.444	15.999973234121143
775	7.550092	149.225	16.0
776	8.077426	155.847	14.999967917252174
777	8.088084	156.073	15.000032036290708
778	8.528325	159.979	13.999962495077476
779	8.515248	162.986	13.9999754580148
780	9.020995	169.985	12.99997058563991
781	8.997800	166.500	14.0
782	9.476271	174.085	12.999971278398482
783	9.451363	174.638	13.000034356783747
784	10.409710	188.083	12.000021267206499
785	10.445508	189.909	11.000005265679878
786	10.925209	199.318	11.000010034216679
787	10.908832	198.164	10.999979814698937
788	11.402800	206.110	9.999999999999998
789	11.377918	209.400	10.0
790	11.871499	214.340	10.0
791	11.684915	214.370	9.999999999999998
792	12.764430	239.789	8.999995829666915
793	12.761972	235.000	9.0
794	13.283170	241.778	8.99999172794878
795	13.298330	249.778	8.999991992889687
796	13.757432	253.656	8.999984230611537
797	13.689324	256.211	9.000003903033047
798	15.709615	318.443	6.999996859720578
799	15.671028	337.871	7.0000088791284245
800	5.795447	130.429	20.999930996940865
801	5.773420	130.800	21.0
802	6.270943	135.753	18.99994843576201
803	6.312903	135.216	18.999970417702045
804	6.762563	140.676	17.000056868264668
805	6.786592	139.871	16.99994995388608
806	7.766860	150.013	15.000033330444692
807	7.718141	149.544	15.99997325201947
808	8.216423	154.947	14.999967730901533
809	8.110319	155.453	15.00003216406245
810	8.725324	162.664	14.00002459056706
811	8.737108	162.631	12.99998155333239
812	9.199201	167.992	13.000023810657652
813	9.240391	170.185	12.999970620207423
814	9.564145	178.708	12.000022382881573
815	9.681348	178.408	12.00002242051926
816	10.715564	189.645	11.000026365050488
817	10.645473	195.264	10.999979514913143
818	10.816773	200.964	10.99998009593758
819	10.964225	207.030	10.0
820	11.612017	214.030	10.0
821	11.542438	209.160	10.0
822	12.086736	223.278	8.999991042556813
823	12.109914	223.656	8.999982115391495
824	13.103821	243.475	8.0
825	13.158018	243.525	8.0
826	13.596921	252.150	8.0
827	13.585715	254.963	7.999984311449112
828	14.106502	266.488	7.999984989943262
829	14.049582	252.956	8.99998418697323
830	15.945164	328.371	7.000009136007748
831	15.997580	341.386	6.999994141528942
832	5.924444	130.490	21.000076634224843
833	5.967416	132.237	18.999977313459926
834	6.400774	134.984	19.000029633141704
835	6.465198	134.832	18.999940666904003
836	6.951307	141.018	16.999957452240142
837	6.922437	140.624	16.999943110706564
838	7.809043	152.513	15.000032784090536
839	7.934486	151.907	14.99996708512445
840	8.439022	154.793	15.00003230120225
841	8.293748	156.843	13.999987248394893
842	8.873183	163.462	12.999963294221288
843	8.900437	164.700	13.0
844	9.419507	172.417	11.999976800431511
845	9.277047	170.777	12.999994144410547
846	9.935069	175.600	12.0
847	9.886914	179.925	11.999999999999998
848	10.927220	190.836	11.000020960405791
849	10.945301	190.827	11.000015721045763
850	11.459156	201.080	10.0
851	11.410854	197.109	11.000005073335057
852	11.902740	206.390	10.000000000000002
853	11.718098	215.011	9.000004650924836
854	12.388600	221.489	8.999995485103097
855	12.403957	224.033	9.000013390884378
856	13.197387	246.363	7.9999837637957
857	13.267260	242.156	8.999983481722525
858	13.887271	250.112	8.00001599283521
859	13.954709	256.212	8.000015612071254
860	14.263314	266.163	7.999984971615138
861	14.399923	258.062	8.000015500151125
862	16.261735	343.314	7.000005825570759
863	16.404789	335.757	7.000002978344458
864	6.077508	132.858	18.99998494633368
865	6.079055	130.585	19.999999999999996
866	6.586109	135.978	17.99997058347674
867	6.582656	136.122	18.000029385404268
868	7.105922	140.712	16.999971573142304
869	7.059900	141.035	17.00003545219272
870	7.970783	153.757	14.000013007537866
871	8.145911	151.553	15.00003299175866
872	8.535474	156.557	14.00001277489988
873	8.548571	158.793	13.999987404986365
874	9.083809	165.877	12.999993971436666
875	9.119193	163.231	12.999981621138142
876	9.435385	173.267	11.99997691424218
877	9.580750	173.517	11.999976947503702
878	10.095949	182.145	11.000027450657441
879	9.979185	181.655	10.999972475296579
880	11.137890	196.120	10.0
881	11.126621	197.580	10.0
882	11.598050	205.740	10.0
883	11.567554	200.260	10.0
884	11.978106	214.010	10.0
885	12.174122	209.900	10.0
886	12.623013	220.033	9.000013634318488
887	12.565102	225.244	9.00001775851965
888	13.694775	235.711	9.00000424248338
889	13.602093	239.933	9.000012503490558
890	14.238232	251.900	8.0
891	14.170984	259.012	8.000015443299924
892	14.733590	263.138	7.999984798850793
893	14.652468	264.587	8.000015117900729
894	16.655253	324.329	6.999990750133352
895	16.596535	329.086	6.999993922561275
896	6.099011	132.784	19.00003012411134
897	6.205106	132.121	19.00000756881949
898	6.743334	135.667	17.999955774064436
899	6.746718	135.933	18.0000441393922
900	7.131898	141.259	16.99997876241514
901	7.243537	140.059	16.99997858045538
902	8.288585	153.500	14.0
903	8.265406	151.000	15.0
904	8.728209	157.479	13.99996189968186
905	8.843267	156.793	13.999987244328508
906	9.276869	168.475	12.0
907	9.325317	166.115	13.000030099629774
908	9.486311	173.854	12.999988496094423
909	9.639869	174.583	12.000022911738256
910	10.360747	181.009	11.000005524587175
911	10.323266	182.600	11.0
912	11.381055	198.090	10.0
913	11.444921	197.960	10.0
914	11.914608	201.620	10.0
915	11.937358	203.370	10.0
916	12.429777	215.533	9.000013918982244
917	12.366950	217.000	9.0
918	13.017880	224.200	9.0
919	12.877606	223.456	8.99998209938422
920	14.013962	234.867	8.999987226813474
921	13.974078	243.287	8.000016441486803
922	14.487542	259.162	8.00001543436152
923	14.554071	255.363	7.999984336023622
924	15.004319	258.350	8.0
925	14.764534	275.543	6.999996370802379
926	17.081889	349.450	6.0
927	17.070705	348.683	6.00000573586897
928	6.374815	132.305	19.00003779146669
929	6.323001	132.395	18.999962234223347
930	6.907302	137.424	16.999941786005355
931	6.902195	135.461	18.000014764397132
932	7.364909	142.262	16.000056234271977
933	7.330982	142.769	15.999971982713335
934	8.474312	153.486	13.99997393899118
935	8.460841	152.307	14.000013131372821
936	8.965966	159.677	12.999993737357292
937	9.017219	160.469	13.000018695199696
938	9.514862	167.758	12.000023843870336
939	9.501344	168.125	12.0
940	10.011675	174.809	11.000005720529265
941	10.085783	175.573	10.99998291309028
942	10.632979	181.127	11.000016562964108
943	10.560230	176.308	12.00002268756948
944	11.556709	195.000	10.0
945	11.484905	199.460	10.0
946	12.098825	201.010	10.0
947	12.127548	208.744	9.000019162227417
948	12.632040	217.222	9.000009207170544
949	12.467803	210.140	10.000000000000002
950	13.261301	220.733	9.000013591080625
951	13.003620	221.567	8.999986460077539
952	14.048146	250.075	8.0
953	14.335184	235.633	9.00001273166322
954	14.785314	254.363	7.999984274442431
955	14.853726	254.787	8.000015699388117
956	15.310578	261.337	8.000015305907697
957	15.266182	264.600	8.0
958	17.448308	331.471	7.00000905056551
959	17.449914	341.950	6.0
960	6.510161	133.683	18.00004488229618
961	6.507627	133.456	17.999940055149263
962	7.023180	137.494	17.000014546089286
963	6.980222	137.935	17.000036248957844
964	7.521390	142.144	15.999971859522738
965	7.549501	142.356	16.000028098569782
966	8.679058	156.231	12.999980797664996
967	8.668732	153.721	14.00003903175233
968	9.158464	159.331	12.999981171272385
969	9.110242	160.862	12.999962700948638
970	9.758514	167.625	12.0
971	9.705483	163.715	13.000030540878967
972	10.285456	171.258	12.000023356573122
973	10.216368	172.417	11.999976800431511
974	10.870003	179.782	10.99998887541578
975	10.867754	179.418	11.000011147153574
976	11.869932	200.856	8.999980085235194
977	11.814766	201.378	8.999990068428529
978	12.401241	203.590	10.0
979	12.450285	210.544	9.000018998404133
980	13.007550	212.611	9.000004703425505
981	13.017323	220.187	8.000018166376762
982	13.286619	226.822	9.00000881748684
983	13.363568	225.167	8.999986676555624
984	14.612148	244.038	7.999983609110056
985	14.603641	244.188	7.999983619178666
986	14.918781	252.012	8.00001587226005
987	15.167819	251.575	8.0
988	15.702991	247.089	8.999995952875281
989	15.575455	270.914	7.000007382416561
990	17.804451	353.667	5.999994344962918
991	17.733957	345.767	5.999994215758011
992	6.596370	133.859	16.999977588357897
993	6.558059	134.059	16.99997762179339
994	7.179590	138.637	16.00005770465316
995	7.152509	138.756	16.00002882758223
996	7.670401	142.493	15.000035089442992
997	7.697321	144.287	14.999965346843444
998	8.782113	154.692	13.00002585783363
999	8.532682	159.031	12.999981135753407
1000	9.127160	163.362	12.999963271752303
1001	9.072051	161.092	13.00002483053162
1002	9.904536	166.000	11.0
1003	9.943381	168.182	10.999988108120965
1004	10.473697	177.350	10.0
1005	10.391553	176.290	10.000000000000002
1006	11.089720	182.600	10.0
1007	10.828110	180.580	9.999999999999998
1008	12.180954	199.756	8.999979975570195
1009	12.059741	196.256	8.999979618457525
1010	12.725455	212.262	8.000018844635402
1011	12.604254	212.388	7.999981166544249
1012	13.274895	221.138	7.999981911747415
1013	13.225652	214.537	8.000018644802529
1014	13.708832	229.537	8.000017426384417
1015	13.785920	225.763	7.999982282304894
1016	14.870376	240.986	6.999991700762701
1017	14.881522	245.557	7.000004072374236
1018	15.467813	266.567	5.999992497195827
1019	15.468569	264.743	6.999996222751877
1020	15.706098	273.571	7.00001096607462
1021	15.716876	272.229	6.999988979866216
1022	18.288891	337.867	5.99999408051097
1023	18.253731	342.517	5.999994160873767
