-1	0	90	0
0	0.661317	95.343	397.00135300965985
1	0.662352	95.903	395.99908240618123
2	0.718481	96.318	364.9992732407234
3	0.716111	96.520	366.00186489846664
4	0.772929	97.300	339.99897225077086
5	0.772244	97.528	339.99979493068656
6	0.882907	99.154	296.99961675777075
7	0.881832	99.200	297.0010080645161
8	0.931792	99.902	281.00038037276533
9	0.937494	100.200	280.000998003992
10	0.993444	100.703	263.99908642245015
11	0.991323	100.908	265.0007928013636
12	1.048616	101.815	248.9996562392575
13	1.048989	103.145	249.99951524552816
14	1.104620	102.851	237.0010986767265
15	1.104932	103.005	237.00014562399886
16	1.217295	105.340	214.99999999999997
17	1.213446	105.396	215.99965843106
18	1.271331	106.110	206.00037696729808
19	1.268696	106.089	205.99967951437
20	1.326819	107.215	196.99948701207853
21	1.324103	107.342	198.00078254550874
22	1.382063	108.651	190.00009203780914
23	1.381643	108.659	189.99990796896714
24	1.493027	111.203	174.99977518592124
25	1.490652	111.363	175.00067347323616
26	1.546836	112.850	169.00044306601686
27	1.549003	112.856	169.00031899057208
28	1.599573	115.609	164.00020759629442
29	1.602301	114.318	163.99954512850118
30	1.995599	136.356	130.99973598521515
31	1.991593	137.032	131.00005838052425
32	1.242255	97.747	209.99928386548947
33	1.240823	97.719	211.0009312416214
34	1.348932	99.160	194.00060508269462
35	1.344778	99.419	195.0009555517557
36	1.449242	100.345	181.00054810902387
37	1.450314	100.471	181.00048770291923
38	1.660665	102.215	157.0004402484958
39	1.659500	102.429	156.99948256841324
40	1.766966	103.377	148.9992938467938
41	1.764872	103.594	147.99988416317547
42	1.869476	105.219	139.99942976078466
43	1.868675	105.283	138.99964856624524
44	1.973719	105.355	132.99985762422287
45	1.973498	105.520	133.00037907505688
46	2.076611	106.918	126.00029929478666
47	2.075804	106.853	126.00020589033532
48	2.284646	109.457	115.00041112034864
49	2.283547	109.718	114.0004374851893
50	2.386868	111.407	109.00033211557621
51	2.386664	111.073	109.00038713278656
52	2.494327	112.224	104.99982178500142
53	2.491019	112.652	103.99992898483825
54	2.597689	114.046	100.0
55	2.597332	120.221	100.0
56	2.807674	117.708	92.9996261936317
57	2.799600	118.185	94.00008461310657
58	2.909618	119.778	89.99983302442853
59	2.909323	119.910	90.0
60	3.013224	121.643	86.99966294813511
61	3.013088	121.668	86.99986849459184
62	3.723664	148.809	69.99979839929037
63	3.727204	150.147	70.0000666013973
64	1.765233	99.498	147.9999597981869
65	1.762407	99.477	149.0002714195241
66	1.912220	101.004	136.99952477129617
67	1.911794	101.194	137.00021740419393
68	2.059275	102.013	126.99950006371736
69	2.057888	105.447	127.00029398655248
70	2.353101	104.513	110.99958856792934
71	2.355387	104.673	110.99997133931387
72	2.504460	106.083	104.9998586012839
73	2.507126	106.079	103.99984916901556
74	2.647496	107.428	97.99959042335331
75	2.644797	107.135	99.00032669062396
76	2.797389	108.970	92.9999082316234
77	2.799982	109.103	94.00016498171453
78	2.951186	110.422	87.99967397801163
79	2.943986	110.572	88.9999276489527
80	3.244749	113.910	80.99991221139497
81	3.240313	120.615	80.99987563735853
82	3.394147	115.855	76.99969789823486
83	3.390308	115.951	76.00020698398461
84	3.524296	117.782	73.00011886366339
85	3.539024	117.743	74.00015287533017
86	3.674328	119.670	70.0
87	3.680613	119.734	70.9998830741477
88	3.983715	124.208	64.99983897977586
89	3.983164	124.245	64.99979878465933
90	4.132329	126.737	62.00004734213371
91	4.126407	126.500	63.0
92	4.278376	128.962	59.99984491555652
93	4.268516	128.633	60.999898937286694
94	5.048082	153.938	52.000155906923574
95	5.033022	155.784	51.0001027063113
96	2.238182	101.426	117.0005718454834
97	2.234840	101.344	116.99952636564574
98	2.433624	102.621	107.00051646349188
99	2.431072	105.488	107.999962080995
100	2.619110	103.947	100.0
101	2.617465	103.993	100.0
102	2.994880	107.178	87.00013062382206
103	2.988712	107.173	87.99977606300095
104	3.184996	108.572	81.99996315808863
105	3.177346	108.500	82.0
106	3.368256	110.172	77.99985477253749
107	3.362021	110.660	76.99981926622085
108	3.558477	111.923	73.00018762899494
109	3.554646	112.201	73.0002406395665
110	3.748503	114.314	69.00029742638698
111	3.747929	114.570	68.99973815134852
112	4.122193	117.752	63.00020381819417
113	4.116522	118.326	61.99989858526444
114	4.312304	119.850	60.0
115	4.302417	127.623	60.00015671156452
116	4.501440	123.068	57.00019501413853
117	4.497565	123.096	57.00022746474296
118	4.681834	125.276	55.00015964749832
119	4.674260	125.604	54.99984076940225
120	5.065481	130.600	51.00000000000001
121	5.053512	130.651	50.999992346021074
122	5.253042	133.704	49.00002991683121
123	5.240758	133.169	49.00014267584798
124	5.437212	137.111	46.99987601286549
125	5.429513	136.445	46.999890065594194
126	6.403808	166.437	40.00012016558818
127	6.381660	166.417	40.00012018002968
128	2.669154	103.202	97.00005813840818
129	2.663050	102.916	98.00031093318823
130	2.891301	104.466	89.99961710030058
131	2.884643	104.669	89.99990446072859
132	3.108792	105.987	83.99992451904478
133	3.108397	110.118	83.99989102599031
134	3.555243	109.622	72.99994526646111
135	3.553503	109.426	73.0000182771919
136	3.772700	111.288	69.00025159945366
137	3.780887	111.135	68.99986502901876
138	3.972730	113.300	65.0
139	3.996498	113.357	64.99995589156381
140	4.215560	115.372	61.00006934091461
141	4.223508	115.598	61.000190314711325
142	4.451661	117.328	57.99979544524751
143	4.444408	117.759	57.99981317776136
144	4.901807	122.429	51.999934656004704
145	4.889096	121.704	52.999901400118326
146	5.124448	124.800	51.0
147	5.118720	124.890	51.000080070462005
148	5.352921	126.996	48.99996850294498
149	5.347367	127.406	48.00009418708695
150	5.579004	129.850	46.00000000000001
151	5.558863	130.085	47.00003843640696
152	6.016089	135.677	42.999918925094164
153	5.980121	136.033	42.999860328008644
154	6.247797	139.520	40.99985665137614
155	6.227725	154.583	40.99998059295007
156	6.474846	143.372	38.99994420109923
157	6.459105	143.877	38.99997914885631
158	7.410266	171.315	33.99994162799521
159	7.387129	171.843	34.999970903673706
160	3.053145	104.599	85.99986615550817
161	3.047868	103.897	85.99959575348663
162	3.305268	105.604	78.99984849058748
163	3.299664	105.828	78.99988660845901
164	3.563726	107.833	72.00022256637578
165	3.554886	107.960	73.00018525379771
166	4.068510	111.548	62.99978484598558
167	4.064432	111.550	64.0
168	4.325855	113.578	60.00017609044005
169	4.320224	113.407	59.99982364404313
170	4.579358	115.937	56.99992237163287
171	4.574251	115.905	57.00012941633234
172	4.831367	118.291	52.999805564244106
173	4.831289	118.309	53.00019440617366
174	5.104625	120.259	50.99992516152637
175	5.084893	120.710	50.999917156822136
176	5.601791	134.789	46.000044514018214
177	5.596171	125.978	46.000095254727015
178	5.860825	128.741	43.99996892986694
179	5.838217	128.991	43.999968990084575
180	6.124554	131.961	40.999992422003466
181	6.114251	132.355	41.99992444561973
182	6.366434	134.683	40.99997772547389
183	6.361346	134.265	40.00000000000001
184	6.901610	142.097	37.00007741190877
185	6.869279	141.422	36.99990100550127
186	7.144217	144.850	36.00000000000001
187	7.132515	144.494	36.000110731241435
188	7.398622	149.788	34.00005340881779
189	7.382061	149.303	34.9999665110547
190	8.463147	180.420	30.000000000000004
191	8.398638	181.133	30.000055208051542
192	3.400771	106.259	76.00015057548066
193	3.392576	105.494	76.99963978994066
194	3.681354	107.099	70.99972922249508
195	3.667101	107.317	70.9999347726828
196	3.965041	109.638	65.0002736277568
197	3.949080	109.512	66.0000730513551
198	4.530852	113.925	56.99978055738424
199	4.521845	113.941	58.00019308238475
200	4.823242	119.796	54.00013356038599
201	4.773559	116.646	54.00013716715532
202	5.098308	118.258	50.0
203	5.085653	118.292	51.000067629256414
204	5.382674	120.806	48.00009933281459
205	5.380986	121.175	48.0
206	5.667317	123.359	45.99988651010466
207	5.652885	123.683	45.99985446666073
208	6.254574	128.956	41.00003101833184
209	6.223006	129.824	41.00012324377619
210	6.537735	131.558	39.99984797579775
211	6.522539	132.746	39.00004519910205
212	6.817764	135.876	36.999911684182635
213	6.811577	136.108	37.00002938842684
214	7.101461	139.419	36.00011476197649
215	7.073649	139.422	36.00005737975356
216	7.670918	146.318	33.999917986850555
217	7.649203	148.048	33.00010807305739
218	7.970796	151.169	31.9999470790969
219	7.930633	150.767	32.99992703973682
220	8.246600	155.971	30.99999358855172
221	8.230797	156.526	30.999961667710156
222	9.477964	192.341	26.999963606303385
223	9.452011	191.973	26.000010418131716
224	3.714858	107.896	69.99981463631644
225	3.715035	107.439	69.99972077178678
226	3.982587	110.822	64.99972929562722
227	4.011645	109.248	64.99981693028705
228	4.323674	111.242	59.99982021179051
229	4.319840	111.928	60.000178686298334
230	4.949331	116.288	52.0002063841497
231	4.770460	115.565	55.00021632847316
232	5.244917	118.708	49.00006739225663
233	5.245048	119.190	48.99991610034399
234	5.559092	121.528	46.000098742676585
235	5.555205	121.102	47.00004954501164
236	5.877299	124.207	43.9999355913918
237	5.849473	124.461	44.00012855432626
238	6.185214	126.957	42.00004726009594
239	6.165033	127.348	41.99987436002136
240	6.807341	133.637	37.99995510225462
241	6.778523	133.661	37.99986533094919
242	7.051499	136.503	36.999919415690506
243	7.108260	136.831	35.99988306743355
244	7.420526	141.562	33.99994348765912
245	7.394479	141.918	33.999915444129705
246	7.715042	144.506	33.00001384025577
247	7.711508	145.479	32.99995188308965
248	8.379754	153.768	30.999947973570574
249	8.347758	156.455	30.999968041928987
250	8.677546	163.941	29.000067097309397
251	8.436479	157.337	29.999936442159193
252	8.998460	164.879	27.999927219354802
253	8.959816	163.828	28.99992675244769
254	10.335632	198.221	23.999979820503377
255	10.360240	197.448	24.999999999999996
256	4.008382	109.554	64.99990872081348
257	3.984762	109.809	65.00013660082507
258	4.307900	111.217	59.999820171376676
259	4.292113	111.823	60.99997317188772
260	4.630987	114.053	54.999868482196874
261	4.621887	114.514	56.00013972090749
262	5.285501	119.239	48.999907748303826
263	5.208372	119.872	50.0
264	5.595280	122.293	46.00017989582396
265	5.591381	122.924	45.99996745956851
266	5.914455	125.142	42.99995205446613
267	5.911808	126.247	42.99983365941369
268	6.201705	128.454	40.999891011568344
269	6.235081	129.400	40.99999999999999
270	6.576048	132.567	38.99990193637934
271	6.563975	133.295	38.999962489215655
272	7.217729	140.119	36.00011418865393
273	7.191581	141.314	35.9999716942412
274	7.546359	144.985	34.00006897265234
275	7.525513	145.468	33.99991750763054
276	7.884000	150.115	33.00003330779735
277	7.766793	152.142	33.00009201929776
278	8.176879	154.732	31.000051702298165
279	8.193873	154.077	31.000084373397716
280	8.841016	162.390	28.999938419853443
281	8.802363	164.034	29.00008534815953
282	9.143403	167.800	27.999999999999996
283	9.131488	169.893	27.999976455769218
284	9.510429	174.142	26.00004593952062
285	9.463515	174.659	27.000040078095033
286	10.990445	217.174	22.999990790794477
287	10.976601	219.387	22.999995441844774
288	4.254570	111.182	60.99998201147668
289	4.249231	110.633	60.999882494373296
290	4.561970	112.609	56.999884556296564
291	4.538673	113.088	56.9998585172609
292	4.887895	115.138	52.99987840678143
293	4.871998	116.011	54.000051719233525
294	5.578315	120.909	46.99980977429306
295	5.581897	121.700	46.0
296	5.937085	124.170	42.999919465249256
297	5.909045	125.002	43.000111998208034
298	6.288177	127.383	40.99997644897671
299	6.260921	127.876	40.99987487878882
300	6.618478	131.249	38.999916189837634
301	6.579663	131.459	38.99999239306551
302	6.966402	134.135	37.00003727587878
303	6.812929	139.678	37.00010023053022
304	7.639855	143.176	32.99994412471364
305	7.598332	142.915	33.999930028338525
306	8.018454	146.469	31.999945380933852
307	7.952116	147.291	31.999918528627006
308	8.314450	152.367	29.99993436899066
309	8.309366	153.061	31.000058800086236
310	8.648243	156.380	30.0
311	8.662744	157.190	28.999936382721547
312	9.362983	165.829	27.999927636300043
313	9.329953	168.044	27.00007140986884
314	9.678845	173.765	26.000057548988575
315	9.619806	172.173	26.000011616223215
316	10.020008	178.712	25.000000000000004
317	9.982047	178.072	25.0
318	11.764927	225.482	21.999982260224765
319	11.730952	224.427	22.000026734751167
320	4.317129	112.137	59.99982164673569
321	4.485084	112.050	58.0
322	4.814826	113.972	54.00010528901836
323	4.787948	114.463	53.999982527104834
324	5.166871	116.432	50.0
325	5.168156	117.450	50.0
326	5.898736	122.670	44.00016303904785
327	5.866070	123.784	44.00003231435404
328	6.253236	126.002	41.00014285487532
329	6.237386	126.567	41.999889386648974
330	6.652250	135.959	38.999992644841456
331	6.581799	130.254	38.999953936155514
332	6.971891	132.770	37.00007531821947
333	6.947951	133.349	36.999902511454906
334	7.355772	137.283	34.9999635788845
335	7.315295	138.026	34.9999275498819
336	8.063973	145.378	32.0000275144795
337	8.037187	146.394	31.999945352951624
338	8.417734	150.607	29.99993360202381
339	8.394032	149.926	30.99995998025693
340	8.766701	154.948	29.00005163022433
341	8.757614	155.700	29.000000000000004
342	9.120581	159.707	28.000025045865243
343	9.091816	159.254	27.999924648674448
344	9.859712	169.962	25.999929395982633
345	9.798204	170.985	25.999941515337603
346	10.196982	174.808	25.0
347	10.146378	175.629	24.00002277528199
348	10.520624	179.172	25.0
349	10.515978	180.552	25.000000000000004
350	12.444370	232.650	20.0
351	12.413065	232.665	20.0
352	4.715147	113.371	54.9999558970107
353	4.710937	113.273	54.99986757656282
354	5.056265	115.118	50.99984363870116
355	4.977007	115.442	52.0001385977374
356	5.427699	117.283	48.00013642215837
357	5.403378	118.498	47.99996624415601
358	6.166946	124.117	41.00002417074212
359	6.155225	125.260	41.99984033210921
360	6.532842	132.873	39.999849480330845
361	6.528843	127.405	39.00003924492759
362	6.930139	131.481	37.000022816984966
363	6.929367	131.768	36.999878574464205
364	7.298139	135.283	34.99996304044115
365	7.283190	135.386	34.999926137119054
366	7.662855	139.070	32.99992809376573
367	7.664428	139.012	33.99994245101142
368	8.414726	148.193	30.000067479570557
369	8.407326	148.430	29.999999999999996
370	8.796731	152.317	29.00004595678749
371	8.784854	153.293	29.000019570365247
372	9.175686	158.018	27.99997468642813
373	9.153072	158.485	27.00003154872701
374	9.531344	162.819	26.000036850736098
375	9.520536	162.456	26.999926133845474
376	10.303560	172.552	25.000000000000004
377	10.272842	174.971	23.99997713906876
378	10.665362	178.633	24.00004478455828
379	10.655686	181.446	23.999977954873625
380	11.058336	186.418	22.000021457155423
381	10.998938	184.761	22.999983762807087
382	12.878366	233.450	20.0
383	12.391242	229.143	20.999986907738837
384	4.941556	115.119	52.99993919335644
385	4.932037	114.287	52.9999037510828
386	5.265211	116.331	48.99983667294186
387	5.278219	116.859	49.00007701589095
388	5.651979	119.265	46.00008384689556
389	5.646934	119.650	45.99999999999999
390	6.398446	130.642	40.00015309012416
391	6.440121	126.450	40.0
392	6.845382	129.578	37.00010804303199
393	6.814760	130.351	37.00009973072704
394	7.239269	133.431	35.000112417654066
395	7.236151	133.303	35.999939986346895
396	7.627650	137.309	33.99995630293717
397	7.618827	138.044	34.00002897626843
398	7.987077	140.981	32.00005674523517
399	7.874669	141.584	32.000084755339586
400	8.784850	151.097	28.999913962553855
401	8.772474	152.155	29.000032861227037
402	9.175599	155.618	27.999974296032594
403	9.148347	156.311	27.000019192507242
404	9.542067	158.970	27.000062904950617
405	9.537647	161.133	27.00005585448046
406	9.933684	165.396	25.0
407	9.913168	165.192	26.000048428495326
408	10.714476	177.283	22.999949233711074
409	10.698281	178.509	22.999960786290888
410	11.099181	184.900	23.0
411	11.057317	184.345	22.000054246114622
412	11.525096	189.150	22.0
413	11.428718	189.177	22.00003171632915
414	13.314650	239.463	19.000012528031473
415	13.313797	240.044	18.000033327223342
416	5.140208	116.264	50.0
417	5.138534	115.566	50.0
418	5.478468	117.264	46.99993177786874
419	5.467391	117.730	46.99991505988278
420	5.882376	120.959	44.00003306905646
421	5.854864	124.518	44.00006424773928
422	6.702764	126.574	37.99990519379968
423	6.684847	128.400	38.0
424	7.087191	131.095	36.99988557916015
425	7.093055	131.294	36.00012186390848
426	7.522549	134.441	34.000044629242566
427	7.507263	136.074	33.9998824169202
428	7.915093	138.216	31.999913179371415
429	7.886341	139.103	33.00000718891756
430	8.333214	143.258	31.00001396082592
431	8.329962	144.273	30.000069313038477
432	9.131878	152.629	27.99992137798191
433	9.085728	152.921	28.000078471890717
434	9.508021	157.085	27.00003182990101
435	9.516382	158.319	26.000037898167626
436	9.956804	161.908	25.999950589223513
437	9.913225	163.580	24.999999999999996
438	10.283476	166.232	25.0
439	10.301088	168.136	25.0
440	11.098074	180.091	21.999988894503332
441	11.093562	178.530	23.000056012995014
442	11.519496	186.127	22.000032236053876
443	11.472771	187.100	22.0
444	11.516885	191.327	22.000031359923064
445	11.831122	192.976	21.000020727966174
446	13.846136	241.189	17.999991707747864
447	13.763719	239.800	19.0
448	5.334936	117.063	47.99979498218908
449	5.312768	116.104	48.00006890374147
450	5.672287	117.935	45.99991520752957
451	5.683461	118.530	46.00016873365392
452	6.094183	121.088	43.00013213530656
453	6.084064	124.774	41.99993588407841
454	6.911423	130.276	36.99990788786883
455	6.944713	129.243	37.000069636266566
456	7.333215	132.283	34.99996220224821
457	7.354152	132.820	35.0
458	7.794051	136.018	33.000044111808734
459	7.777513	137.552	32.99988368035361
460	8.170785	141.342	30.999985849924297
461	8.178872	141.734	32.00008466564127
462	8.618891	146.310	30.0
463	8.597833	145.970	30.000000000000004
464	9.453159	154.389	26.99998056856382
465	9.442164	155.611	27.000019278842757
466	9.843482	159.458	25.99994983004929
467	9.816754	159.604	25.999974937971476
468	10.238157	164.968	25.0
469	10.236757	166.100	24.0
470	10.695875	169.625	24.0
471	10.652354	171.350	24.0
472	11.502983	183.645	22.00005445288464
473	11.504798	184.624	20.999978334344398
474	11.930371	189.481	20.999994722425996
475	11.895332	188.255	21.999946880560945
476	12.302806	196.395	20.0
477	12.270268	197.871	21.000045484179086
478	13.817581	245.644	18.000032567455342
479	14.257850	245.011	18.00000816289881
480	5.515453	117.717	47.00000849494975
481	5.517324	116.998	46.99994871707208
482	5.866790	119.025	44.0
483	5.867700	119.684	44.00003342134287
484	6.276604	122.956	41.00003253196265
485	6.281037	123.234	41.00004868786212
486	7.138514	129.442	35.999907294386674
487	7.170834	130.494	36.000122611001274
488	7.623475	134.521	33.00005203648501
489	7.585375	134.739	33.00009648282976
490	8.062356	138.294	30.999898766396228
491	8.029275	138.250	32.0
492	8.489816	143.390	30.0
493	8.430823	143.357	29.999930244075976
494	8.909364	146.759	28.999925047186206
495	8.875805	147.948	29.00005407305269
496	9.771450	157.369	26.000038126950034
497	9.739666	156.654	25.999974466020657
498	10.190649	162.036	25.0
499	10.149227	162.972	25.0
500	10.596561	167.400	24.0
501	10.604145	169.471	23.999976397141694
502	11.048255	175.282	21.999977179630537
503	10.998671	173.270	22.999942286604718
504	11.831442	185.577	22.000032331592816
505	11.786605	185.318	22.00002158451958
506	12.253777	193.610	19.999999999999996
507	12.232298	193.319	21.000005172797295
508	12.720019	201.889	19.0000445789518
509	12.615586	200.745	20.0
510	14.760495	253.200	17.0
511	14.620969	248.361	18.00000805279412
512	5.557866	118.122	45.999898410118355
513	5.540685	117.341	46.00011931038597
514	5.929803	119.359	44.00003351234511
515	5.877320	119.836	44.00013351580493
516	6.343046	122.862	40.00016278426202
517	6.334241	126.840	40.0
518	7.251339	130.340	34.99999999999999
519	7.227518	130.672	36.00006122199094
520	7.668381	134.121	33.99989561664467
521	7.651318	134.138	34.00005964007216
522	8.110961	138.131	32.000057916036226
523	8.035297	139.569	31.99994268068124
524	8.529644	143.077	29.99993010756446
525	8.494693	144.130	30.0
526	8.961217	147.455	29.000033908650092
527	8.955097	148.754	27.999919329900376
528	9.862593	157.481	25.999961900165736
529	9.781670	157.623	26.00001268850358
530	10.248126	162.348	24.999999999999996
531	10.220418	162.996	23.999975459520478
532	10.682398	166.733	24.0000479809036
533	10.617169	168.242	23.99995244944782
534	10.991690	174.548	22.999977083667527
535	11.045355	175.361	22.999982892433326
536	11.920032	186.790	21.000053536056534
537	11.880516	186.929	20.999951853377485
538	12.338917	194.055	20.0
539	12.313380	193.152	21.00004141815772
540	12.779690	201.242	19.000009938283263
541	12.708710	202.185	20.0
542	14.803909	253.056	16.000015806777945
543	14.821950	251.894	17.000007939847713
544	5.589562	118.372	45.999898624674756
545	5.603613	117.407	45.999812617646306
546	5.950247	119.688	43.00013368090369
547	5.952861	120.118	44.00006660117551
548	6.415028	122.600	40.0
549	6.402472	125.942	40.00015880325864
550	7.313221	131.674	35.00007594513723
551	7.288486	131.420	35.0
552	7.745636	134.509	33.0000223033403
553	7.706209	135.500	33.0
554	8.160946	138.584	32.000086590082546
555	8.141245	139.445	31.000035856430852
556	8.601832	142.467	29.999929808306483
557	8.587386	143.290	30.0
558	9.045637	147.721	28.00008123421856
559	8.577123	145.563	30.000068698776474
560	9.908867	156.869	26.00003824847484
561	9.879338	158.346	26.000025261137004
562	10.301603	163.667	23.999951120262484
563	10.283161	163.748	25.0
564	10.528132	168.875	24.0
565	10.728843	168.588	23.999928820556622
566	11.185678	174.552	23.000022915807325
567	11.180571	176.155	21.999943231812892
568	11.978431	185.848	20.999956954069994
569	11.989172	186.767	20.99996252014542
570	12.413938	192.805	20.0
571	12.355191	193.205	20.0
572	12.842233	198.900	20.0
573	12.779966	203.405	19.00002458149996
574	14.898947	249.818	16.99997598251527
575	14.918554	253.006	16.00001580990174
576	5.627973	118.346	45.99986480320416
577	5.614333	117.309	45.99988065706808
578	5.992334	119.760	43.000167000668
579	6.005373	120.244	43.00006653138618
580	6.468250	122.813	38.999943002776575
581	6.472186	124.075	40.0
582	7.354121	133.623	34.999962581292145
583	7.324730	130.911	35.000114581662345
584	7.798979	135.397	32.99999261431199
585	7.766036	135.873	32.999933761674505
586	8.225245	138.932	31.00005758212651
587	8.195019	139.216	31.000028732329614
588	8.671076	143.707	28.999979124190194
589	8.636488	143.573	30.00006965097894
590	9.150575	148.489	28.00005387604469
591	9.123338	149.432	28.00002676802827
592	10.013287	157.800	24.999999999999996
593	9.966731	158.388	26.000075763315404
594	10.405938	163.642	23.999951112795006
595	10.402397	163.229	24.000024505449396
596	10.826523	168.183	24.000047567233313
597	10.802597	169.370	22.999940957666645
598	11.221269	173.822	22.99996548192979
599	11.282112	172.887	22.99999421587511
600	12.159811	188.029	20.999952135043
601	12.103428	186.429	20.99995172424891
602	12.067802	192.243	20.999984394750395
603	12.487463	195.090	20.0
604	12.951486	202.116	18.999980209384706
605	12.899728	202.411	18.99995553601336
606	15.034058	252.694	17.000007914711073
607	15.017551	249.406	16.999991980946728
608	5.679305	118.493	46.00018566497599
609	5.687273	117.563	46.00001701215518
610	6.060924	119.712	42.99986634589682
611	6.025162	120.379	43.000024921290255
612	6.517928	123.333	39.000105405690284
613	6.486456	123.731	38.99992726155935
614	7.395596	131.285	34.00007617016415
615	7.400142	132.309	33.999954651611
616	7.866312	138.097	31.999971034852315
617	7.821737	135.566	31.99991148223006
618	8.296698	139.503	30.000071683046247
619	8.284752	139.132	31.000057499353133
620	8.757623	143.137	29.99993013686189
621	8.704439	144.683	28.99995161836567
622	9.201734	147.979	27.999918907412532
623	9.151064	149.254	27.999919600144725
624	10.058005	158.548	25.0
625	10.062266	158.532	25.0
626	10.531111	162.783	24.00004914518101
627	10.464803	162.468	25.0
628	10.914604	169.704	23.00004714090416
629	10.883811	170.591	23.000041033817727
630	11.351269	174.409	22.000011467298133
631	11.357054	175.282	21.999977179630537
632	12.245968	187.476	21.00002133606435
633	12.198584	189.110	19.999999999999996
634	12.631071	194.485	19.999999999999996
635	12.595439	195.785	20.0
636	13.070436	203.395	18.999975417291477
637	12.999998	202.900	19.0
638	15.119357	254.438	15.999968558155622
639	15.071881	255.244	15.999984328720753
640	5.701724	118.596	45.99986508819858
641	5.722315	117.089	44.99995729744041
642	6.106156	120.343	41.99995014250932
643	6.095721	120.321	42.99997506669659
644	6.545932	122.492	39.000097965581425
645	6.554070	124.521	38.99984741529541
646	7.472964	130.943	34.99996181544641
647	7.433088	131.012	33.999938936891276
648	7.908539	140.494	31.99994305806654
649	7.857621	135.082	32.99995558253505
650	8.357890	138.790	31.000072051300528
651	8.323109	140.161	31.000064211870633
652	8.783590	143.638	28.999986076107994
653	8.796906	144.207	28.999979196571598
654	9.253960	147.414	28.000054268929684
655	9.258687	149.164	28.00005363224371
656	10.118082	158.908	25.0
657	10.126066	159.736	25.000000000000004
658	10.591540	164.358	24.000048674235508
659	10.599757	164.721	23.99997571651459
660	11.031918	169.526	23.000011797600365
661	10.980541	170.800	23.0
662	11.443129	175.855	21.999943134969154
663	11.437554	176.100	22.0
664	12.311580	189.070	20.0
665	12.205607	187.452	21.00004267759213
666	12.722860	195.295	20.0
667	12.722178	194.105	20.0
668	13.138800	201.532	18.999960304070814
669	13.138084	203.895	18.999975477574242
670	15.231693	253.906	16.000015753861664
671	15.207355	256.069	15.999984379210291
672	5.762506	117.951	45.00004239048419
673	5.756422	117.851	45.000042426453746
674	6.142762	120.271	42.000149662013285
675	6.147362	120.731	41.99998343424638
676	6.605603	123.497	39.00013765516571
677	6.591877	124.269	39.00007242353282
678	7.514684	131.579	34.00010639995744
679	7.526738	132.303	33.999984883184815
680	7.848384	139.019	31.999942453909178
681	7.975672	136.647	31.999970727494933
682	8.443753	140.013	30.00007142193939
683	8.412732	139.861	31.00006434960425
684	8.871649	144.224	29.000027734635015
685	8.867696	145.231	29.00000688558228
686	9.328194	148.604	26.9999461656483
687	9.324470	149.033	27.000060389309752
688	10.212200	159.138	23.999924593748823
689	10.219999	158.648	25.0
690	10.681817	163.646	23.99997555699498
691	10.658993	165.321	23.999975804646716
692	11.110811	170.795	22.000058549723356
693	11.108298	170.165	23.000029383245675
694	11.562532	175.955	21.99994316728709
695	11.543100	177.064	21.999954818596667
696	12.284502	189.675	20.0
697	12.401752	189.955	19.999999999999996
698	12.760786	196.450	20.0
699	12.830012	193.245	20.0
700	13.295267	204.379	18.9999951071294
701	13.254751	204.950	18.0
702	15.407149	251.575	16.0
703	15.333358	253.375	16.0
704	5.780665	118.482	45.000084401006056
705	5.785099	118.111	44.00013546579065
706	6.175866	120.390	42.00016612675471
707	6.182333	120.724	41.999933733143365
708	6.650059	123.532	37.99987047890425
709	6.651738	124.358	37.999967834799534
710	7.580797	130.844	34.00003057075602
711	7.534326	131.571	33.99989359357305
712	8.047259	135.997	31.999970587586485
713	8.029279	135.891	31.999911693931168
714	8.484223	141.340	29.999999999999996
715	8.540990	145.067	29.999931066334863
716	8.923316	144.300	28.999999999999996
717	8.931078	145.504	27.999917528040466
718	9.400500	148.729	27.999919316340453
719	9.382340	150.815	26.999966846799058
720	10.287626	158.992	25.000000000000004
721	10.294344	159.824	24.999999999999996
722	10.744927	165.113	23.999927322500348
723	10.722747	163.142	23.999950962964782
724	11.180410	170.374	22.999988261119654
725	11.140434	170.950	22.000000000000004
726	11.608645	175.555	21.99994303779442
727	11.590189	177.864	21.99995502181442
728	12.531498	191.125	20.0
729	12.459988	188.190	21.00005313778628
730	12.940708	193.360	19.999999999999996
731	12.866906	197.895	18.99997473407615
732	13.395917	203.253	18.999965560163936
733	13.202009	205.453	18.99996592894725
734	15.458978	249.812	16.999983987958945
735	15.414469	251.544	15.999984098209456
736	5.785084	119.114	43.999865674899674
737	5.832346	118.341	43.999966199373
738	6.230593	120.267	41.999883592340375
739	6.207521	120.831	41.99998344795623
740	6.706494	123.510	39.00008096510403
741	6.594949	123.533	39.00010523503841
742	7.609501	130.868	33.999908304551155
743	7.626299	132.168	33.999909206464494
744	8.087427	136.147	31.99997061999163
745	8.064289	136.581	32.000058573300834
746	8.531307	140.283	30.000071284474956
747	8.551380	141.300	29.999999999999996
748	9.010012	145.607	28.000027471206742
749	9.041841	151.436	27.999947172402862
750	9.495865	148.748	27.000026891117866
751	9.425961	149.507	27.000073575150324
752	10.331888	159.484	24.999999999999996
753	10.318790	161.125	24.0
754	10.811960	164.342	23.999951321025662
755	10.812316	165.817	23.00005427670263
756	11.264544	170.891	21.99998829663353
757	11.267626	170.309	22.99995889823791
758	11.697212	178.081	20.999994384577803
759	11.674765	177.073	21.999966115669807
760	12.585199	190.090	20.0
761	12.562655	189.815	20.0
762	12.853226	195.300	20.0
763	13.007544	194.955	20.0
764	13.449024	204.028	17.999980394847768
765	13.418895	205.237	18.999985382752623
766	15.601314	250.944	15.999984060188728
767	15.567654	254.287	16.000031460515086
768	5.853025	119.152	44.000100711695985
769	5.851535	118.443	44.00006754303758
770	6.278119	120.456	41.000033207146174
771	6.264452	121.339	41.00000824137334
772	6.759919	123.561	37.99985432296598
773	6.716326	124.484	38.0000642652871
774	7.671156	131.229	34.000106683736064
775	7.666814	132.191	34.00004538886913
776	8.111357	135.455	30.99996308737219
777	8.125560	135.753	32.00002946527886
778	8.603172	139.947	29.99992854437751
779	8.587519	141.337	29.999929247118594
780	9.034266	145.296	28.000082590023126
781	9.039398	145.307	28.00002752792364
782	9.536418	153.133	27.000058772439644
783	9.523462	151.415	26.999966978172573
784	10.470430	160.604	24.000024905979924
785	10.396287	159.912	24.000075041272698
786	10.889710	164.961	22.99998181388328
787	10.874359	164.817	23.000054606017585
788	11.357149	169.835	22.999970559660845
789	11.318570	170.226	23.000011749086507
790	11.796935	177.714	21.000033762112157
791	11.756971	177.476	21.000022538258694
792	12.704976	191.650	20.0
793	12.672799	188.960	19.999999999999996
794	13.096237	195.032	18.99995898109028
795	13.105633	198.147	19.000035327307504
796	13.556773	205.756	17.999961118995316
797	13.553825	204.637	18.999985339894543
798	15.616045	251.275	16.0
799	15.602805	255.844	15.999984365472711
800	5.879155	117.902	43.000118742684606
801	5.876984	117.975	44.0
802	6.301902	120.917	41.00002481040714
803	6.269412	121.115	40.9998761507658
804	6.770957	124.163	38.00004832357465
805	6.751755	125.082	37.999872083912955
806	7.744316	131.444	34.000030431210256
807	7.719663	132.788	32.999969876796094
808	8.178056	135.858	31.000014721253073
809	8.174907	136.790	31.00007310475912
810	8.626170	140.107	29.999928625978715
811	8.633935	141.107	28.99997873953808
812	9.155157	143.664	28.000055685488363
813	9.096385	144.846	28.0000828466095
814	9.587560	148.974	27.00001342516144
815	9.534754	156.811	27.00001913131094
816	10.500749	160.463	23.99992521640503
817	10.498220	161.033	24.000049679258293
818	10.965170	165.665	23.00003018139016
819	10.941289	166.017	23.00005421131571
820	11.424068	171.418	22.000023334772308
821	11.393564	171.936	22.000046528941
822	11.884331	177.200	21.0
823	11.843067	177.895	21.000028106467298
824	12.701785	188.850	20.0
825	12.743485	191.942	19.00001041981432
826	13.235875	196.989	19.000045687830287
827	13.130499	196.947	19.000035542557136
828	13.692963	206.289	17.999990304863566
829	13.576903	205.200	18.0
830	15.720461	254.725	16.0
831	15.706991	252.400	16.0
832	5.921811	119.384	44.000033505327345
833	5.890046	118.198	43.999898475439515
834	6.310657	120.732	40.99990060630156
835	6.327113	121.322	40.9999835149437
836	6.809245	123.913	38.00004842106962
837	6.787313	124.226	38.000096598135656
838	7.763358	132.215	33.000037817191696
839	7.738974	132.909	33.00002257183487
840	8.231291	135.903	31.00005150732508
841	8.254216	136.203	31.00005139387532
842	8.680431	140.731	29.00000710575495
843	8.682811	141.155	29.00003542205377
844	9.171690	144.993	26.999924134268554
845	9.157780	145.250	28.0
846	9.661494	149.619	26.999913112639437
847	9.620214	150.931	25.99996024673526
848	10.536563	160.108	24.000049966272766
849	10.607459	167.829	24.000023833783196
850	11.014239	167.013	23.000005987557856
851	11.018556	166.561	22.99998198858076
852	11.459600	172.005	21.99994186215517
853	11.444820	170.296	22.99995302297177
854	11.901230	177.057	21.0000169436961
855	11.800481	178.571	21.000050400120962
856	12.792383	192.095	18.99997397121216
857	12.759553	190.820	20.0
858	13.280988	197.995	18.99997474683704
859	13.253996	199.442	19.000010027978057
860	13.665778	206.367	17.999970925584034
861	13.685410	206.817	17.99997098884521
862	15.829904	257.393	15.000019425547706
863	15.761267	257.375	16.0
864	5.942160	119.809	43.00010850603878
865	5.951394	118.835	42.99995792485379
866	6.369594	120.878	41.00001654560797
867	6.356518	121.366	40.999950562760574
868	6.841941	124.197	38.000112724139875
869	6.844984	124.095	36.999879124864016
870	7.780947	132.073	32.99993185586759
871	7.768718	132.579	32.999947201291306
872	8.277293	136.184	30.999970627973916
873	8.279222	136.910	30.999926959316337
874	8.746585	140.328	28.99991448606123
875	8.731187	140.580	29.999999999999996
876	9.222178	145.285	27.000034415115117
877	9.226127	145.139	28.000055119575027
878	9.698535	149.792	26.000053407391583
879	9.665752	151.000	26.0
880	10.618121	160.117	23.999950036535786
881	10.630589	161.854	24.0000247136308
882	11.072273	166.222	22.999963903695058
883	11.062864	167.626	23.000011931323304
884	11.552345	175.523	21.99996581644571
885	11.546282	172.005	21.99994186215517
886	11.978784	177.886	20.999966270532813
887	11.942707	178.876	21.000022361859614
888	12.910730	192.126	19.000031229505637
889	12.842966	192.463	19.000015587411607
890	13.299954	196.984	19.000020306217763
891	13.297050	199.532	18.99995990618046
892	13.794575	203.326	19.00002950926099
893	13.720959	203.858	18.99999018924938
894	15.877842	252.431	16.00001584591433
895	15.788343	259.053	15.000019301069667
896	5.976674	119.877	42.9999082392786
897	5.963569	118.719	42.999856804723755
898	6.405590	120.640	40.0
899	6.398452	121.283	40.999975264464105
900	6.875581	124.208	37.99996779595517
901	6.892619	124.430	36.99991963352889
902	7.867314	132.403	32.00003021079583
903	7.821707	132.630	33.000075397722995
904	8.320371	136.706	31.000102409550422
905	8.278797	137.252	30.99991256958004
906	8.800687	141.166	28.999900825977928
907	8.763921	141.717	29.00004939421523
908	9.255879	145.100	28.000000000000004
909	9.069479	144.896	28.000082818021202
910	9.746362	150.154	25.999973360683033
911	9.720551	150.785	25.999933680405878
912	10.702226	159.446	23.999974913136736
913	10.644356	161.650	24.0
914	11.145855	166.500	22.0
915	11.108401	166.070	22.999939784428253
916	11.571053	170.941	21.999988300056742
917	11.628344	172.748	20.999953689767754
918	12.054265	177.448	20.999954916369866
919	12.086975	183.762	20.99998911635703
920	13.006547	194.447	19.00003599952686
921	12.896327	193.121	19.000005178100775
922	13.437510	199.589	19.000045092665427
923	13.365223	199.032	18.999959805458417
924	13.846344	205.844	18.000038864382738
925	13.770629	205.672	18.00001944844218
926	15.908242	256.244	15.999984389878394
927	15.934396	253.944	15.999984248495732
928	6.010854	119.921	42.99997498353083
929	6.005319	118.840	42.99983170649613
930	6.423761	121.065	40.00000000000001
931	6.418123	121.473	39.99983535435858
932	6.914226	124.181	37.000024158285086
933	6.906872	124.768	38.000128238009744
934	7.879439	132.172	31.99996973640408
935	7.882201	133.497	31.999970036779846
936	8.347016	136.174	31.00004406127454
937	8.335113	137.029	31.000007297725297
938	8.815686	139.817	29.000050065442682
939	8.811221	141.352	28.999943403701394
940	9.340462	145.863	26.9999931442518
941	9.285376	146.043	27.999972610806402
942	9.735225	150.785	25.999933680405878
943	9.787594	151.531	25.999960404141728
944	10.701385	160.267	23.999950083298497
945	10.695570	162.000	23.0
946	11.212950	164.870	22.999939346151514
947	11.146141	166.643	23.00006600937333
948	11.658788	172.662	20.999988416675354
949	11.637404	172.377	22.000034807427905
950	12.148655	179.300	20.0
951	12.105130	177.943	20.99998314066864
952	12.966586	192.547	19.000036354760137
953	12.906265	192.632	18.99995847003613
954	13.440236	197.511	18.99995443291766
955	13.533442	211.578	17.999981094442713
956	13.893761	206.939	17.999990335316205
957	13.825473	208.372	18.00001919643714
958	15.945870	257.147	14.999980555868822
959	15.951525	258.419	15.999984521261982
960	6.038298	120.174	43.000149782814916
961	6.025009	119.028	42.9999663944618
962	6.464348	121.405	39.00004118446522
963	6.429800	121.615	40.00000000000001
964	6.936050	124.724	37.000096212437064
965	6.943485	125.189	37.00005591545583
966	7.902039	132.139	33.00009838125005
967	7.929701	133.650	32.0
968	8.388631	136.335	31.00011002310485
969	8.386908	137.317	29.99992717580489
970	8.838273	140.066	28.999900047120644
971	8.818490	141.238	28.99998583950495
972	9.342762	144.746	28.000082903845357
973	9.315934	146.956	26.999918342905364
974	9.807735	149.827	25.999986651271133
975	9.816432	151.450	26.0
976	10.782083	159.804	23.000050061325123
977	10.209369	158.656	25.0
978	11.207763	166.413	23.000006009145917
979	11.231837	165.674	22.99998792809976
980	11.685616	172.277	22.000034827632245
981	11.661284	170.873	21.999964886202033
982	12.146854	178.200	21.0
983	12.150920	179.345	20.0
984	13.010420	190.147	19.000036813623147
985	13.025579	190.816	18.99997903739728
986	13.492957	197.789	19.000045503036066
987	13.502264	199.828	17.999979982785195
988	13.940294	205.639	17.999990274218412
989	14.103336	220.988	17.000018100530347
990	16.007248	256.575	16.0
991	16.032452	254.831	16.00001569667741
992	6.063114	119.700	41.99999999999999
993	6.063211	119.264	42.00010061711833
994	6.484156	121.525	40.0
995	6.464484	121.160	40.0
996	6.990664	124.297	37.000088497711126
997	6.966733	124.816	37.000064094346875
998	7.932762	132.516	31.999909444897224
999	7.913987	133.578	32.000029945050834
1000	8.409641	136.465	30.999890081705928
1001	8.398599	137.763	30.000072588430854
1002	8.898901	141.145	28.999964575436604
1003	8.886996	142.417	29.000049151435576
1004	9.385303	145.467	26.99993813029759
1005	9.389258	146.370	27.00006832001093
1006	9.843260	150.627	25.999986722168003
1007	9.844161	151.938	26.00007897958378
1008	10.780341	161.674	22.999987629427117
1009	10.777870	161.604	24.000024751862576
1010	11.272855	167.136	22.000047865211563
1011	11.280224	167.836	22.0000476655783
1012	11.792125	171.777	22.000034929006794
1013	11.693437	173.719	21.00000575642273
1014	12.176436	177.800	21.0
1015	12.188823	179.770	20.0
1016	13.090638	191.953	18.999963532739784
1017	13.079502	191.616	18.999979124916496
1018	13.569074	198.606	17.999959719243126
1019	13.477686	197.753	18.99996460230692
1020	13.943365	205.661	18.0000097247412
1021	13.966897	208.488	17.000019185756496
1022	16.086302	254.075	16.0
1023	16.032159	253.194	15.999984201837327
1024	16.096272	227.572	18.0000175768548
1025	16.030359	253.956	16.000015750759975
