-1	0	90	0
0	0.098418	95.533	215.99970690756072
1	0.098033	97.292	214.0001233400485
2	0.106732	96.242	202.00016624758422
3	0.106308	97.984	197.99967341606794
4	0.114887	97.516	182.99971286763198
5	0.114314	98.851	185.0006575553105
6	0.131021	98.533	165.99920838703784
7	0.130610	100.357	160.99923273912134
8	0.139331	100.040	151.00059976009595
9	0.138979	101.425	151.0002464875524
10	0.147583	101.019	142.00001979825578
11	0.146847	101.527	148.00003939838663
12	0.155644	100.981	140.00059417118072
13	0.155258	102.612	140.00019490897753
14	0.163692	101.863	134.0005693922229
15	0.163240	103.390	133.9994196730825
16	0.180249	105.403	116.99951614280428
17	0.179201	106.722	117.00024362362025
18	0.188290	106.566	112.00007507084811
19	0.187833	107.744	111.99974012474011
20	0.194688	107.469	108.00044664042656
21	0.195785	109.088	107.99996333235553
22	0.204669	108.747	102.99962297810514
23	0.203934	110.111	102.9997003024221
24	0.221072	111.417	94.99986537063465
25	0.220161	112.845	95.00022154282422
26	0.229195	112.708	91.99968059055259
27	0.228364	114.118	92.00038556581784
28	0.237323	114.191	89.00000875725758
29	0.236469	115.491	89.00000865868337
30	0.311944	140.788	67.00002841151233
31	0.310704	142.331	67.99994379298958
32	0.135969	97.282	154.99989720606075
33	0.135399	97.975	154.99974483286553
34	0.147174	97.710	143.00071640569033
35	0.146602	98.958	144.00048505426545
36	0.158422	98.563	131.9998376672788
37	0.157936	99.704	132.99967904998798
38	0.180956	100.564	117.00011932699576
39	0.179893	101.909	118.00037288168855
40	0.191917	101.682	108.99962628587163
41	0.191377	103.106	110.0003879502648
42	0.203037	102.767	102.99999026924986
43	0.202461	104.083	103.99969255305862
44	0.214325	104.038	97.99976931505797
45	0.213621	105.207	99.0000665354967
46	0.224914	105.667	94.0000189273851
47	0.224684	106.791	94.00043074790946
48	0.248046	107.774	85.00009278675746
49	0.246875	108.865	84.99977035778258
50	0.259181	109.604	80.99978102988942
51	0.257707	109.989	82.00001818363654
52	0.270224	109.787	78.00012751965168
53	0.269094	111.627	77.99994624956328
54	0.281177	111.078	75.9997479248816
55	0.280224	112.813	75.00022160566601
56	0.303513	114.188	69.00024520965425
57	0.302258	115.496	68.99979220059569
58	0.314481	115.685	65.99991355836971
59	0.313379	117.127	66.99992316033024
60	0.325846	118.070	64.00016939103922
61	0.324557	118.661	63.99996629052511
62	0.420434	144.843	48.99995167181017
63	0.417044	145.162	50.0
64	0.155331	97.815	136.0006134028523
65	0.154847	98.678	135.99991892823124
66	0.167854	98.232	125.99967424057334
67	0.167579	99.687	126.00038119313452
68	0.181344	99.240	115.99959693671906
69	0.180527	100.442	116.99986061607696
70	0.207130	101.350	100.9995066600888
71	0.206200	101.689	106.99977382017723
72	0.219813	102.238	95.99953050724778
73	0.218952	103.606	97.00017373511186
74	0.232813	103.461	90.00009665477813
75	0.231671	104.576	90.999847001224
76	0.245571	104.466	84.99990427507515
77	0.244138	105.851	86.0001322613863
78	0.258191	105.556	82.00007578915458
79	0.257036	105.517	87.00019902006312
80	0.283766	108.480	73.99981563421828
81	0.282544	109.691	74.9997720870445
82	0.296457	109.975	70.9997726756081
83	0.295017	111.114	71.00005399859603
84	0.308942	111.568	67.99978488455471
85	0.307748	112.810	68.0001772892474
86	0.322093	112.703	65.00004436439136
87	0.320382	113.860	65.0
88	0.347458	116.112	59.99982775251481
89	0.345609	117.072	61.00006833401667
90	0.360160	117.602	57.99986394789204
91	0.358056	118.424	58.00006755387422
92	0.372575	119.270	55.999832313238876
93	0.370460	120.954	55.9998015774592
94	0.482022	147.863	42.999939132845945
95	0.478537	149.177	44.0000804413549
96	0.168012	97.672	130.9996723728397
97	0.166590	99.287	126.99950648121103
98	0.181846	98.823	117.00009107191646
99	0.181070	100.064	115.99976015350177
100	0.195480	99.806	108.00052101076088
101	0.194830	100.887	108.0000396483194
102	0.223443	101.869	94.00013743140701
103	0.222437	102.922	95.00009716095684
104	0.237189	102.993	88.00015535036361
105	0.235689	104.061	88.99972131730426
106	0.250795	104.231	83.9999616237012
107	0.249669	105.179	83.99965772635221
108	0.264785	104.611	80.00019118448346
109	0.263352	107.111	80.00018672218539
110	0.278456	106.231	77.00012237482468
111	0.276900	107.443	76.000297832339
112	0.305781	109.177	68.99988092730153
113	0.303403	110.368	69.0000724847782
114	0.319484	110.509	66.00005429422038
115	0.317934	111.764	65.99978526180165
116	0.333236	112.268	61.99985748387787
117	0.331047	113.084	63.00007074387181
118	0.346723	113.538	60.000176152477586
119	0.345199	114.526	61.00012224298413
120	0.374350	117.180	56.000170677590035
121	0.372507	117.993	55.99993219936776
122	0.388028	118.430	53.000084438064675
123	0.385682	119.689	53.99994987007996
124	0.401965	120.327	51.999966757253155
125	0.400289	121.283	51.99986807714189
126	0.512270	147.212	40.0001358584898
127	0.508026	147.420	40.99986433319767
128	0.176325	98.404	119.00024389252471
129	0.175446	99.138	125.00050434747523
130	0.190614	99.092	109.99979816735963
131	0.190017	100.016	111.00023996160613
132	0.205684	99.838	102.99985977283198
133	0.203038	100.736	103.99956321473951
134	0.234551	101.906	89.99960748140442
135	0.233150	102.752	90.99968857053878
136	0.249215	101.910	90.0
137	0.247792	104.328	85.00019170309025
138	0.263634	104.112	80.00038420162902
139	0.262006	104.567	80.00038252986124
140	0.277976	105.550	76.0
141	0.276434	106.543	76.99989675530067
142	0.292408	104.958	77.99977133710627
143	0.290437	107.921	71.99988880755367
144	0.321554	109.751	64.99986332698563
145	0.318867	110.851	64.99986468322342
146	0.335806	111.115	61.99973000944968
147	0.333462	112.178	64.00007131523115
148	0.350095	113.467	59.99982373729807
149	0.346891	113.555	60.0
150	0.362911	113.914	57.000017557104485
151	0.361440	115.071	57.99984357483641
152	0.392931	117.472	52.99986379733043
153	0.390544	118.785	52.99995790714316
154	0.407244	119.267	50.9998574626678
155	0.405174	120.904	50.999966915900224
156	0.421884	121.133	48.99985965839202
157	0.419851	122.710	50.0
158	0.541015	149.997	38.000093335200035
159	0.536827	151.450	38.00000000000001
160	0.182327	98.535	114.99974628304663
161	0.181274	98.439	121.99941080262904
162	0.197276	99.092	106.99955596819117
163	0.196353	99.956	107.99951978870703
164	0.212399	99.982	98.99981996759418
165	0.211138	100.586	100.0
166	0.242341	102.310	87.00029322646857
167	0.241238	103.110	88.00019396760742
168	0.257259	103.201	82.00017441691458
169	0.255405	104.356	82.00007666066159
170	0.272312	104.300	77.0
171	0.270756	105.645	77.99990534336693
172	0.286481	105.588	72.99977270144335
173	0.285571	106.608	74.0000750412727
174	0.300833	107.553	69.99990702258421
175	0.300236	108.235	68.99986141266687
176	0.331427	110.057	63.00008177580708
177	0.329678	110.873	63.00000901932842
178	0.346310	111.533	60.99988344256857
179	0.344668	112.328	60.999928780001426
180	0.361420	112.824	58.000070906899246
181	0.358263	113.769	57.99998242051877
182	0.376158	114.436	55.00017477017721
183	0.373741	115.457	56.0000692898655
184	0.405907	117.679	51.99993201845699
185	0.403264	119.231	51.999899355033506
186	0.420539	119.972	50.00000000000001
187	0.418345	120.802	50.0
188	0.435623	121.348	47.999967036951574
189	0.433011	122.802	48.0000325727594
190	0.557809	149.806	35.99989319519912
191	0.553261	150.168	36.99989345266634
192	0.186628	98.377	112.99998983502242
193	0.185618	99.233	114.00038293712777
194	0.201972	99.098	105.0001009102101
195	0.200833	100.231	105.0004489628957
196	0.217264	100.184	96.9995208815779
197	0.215554	101.173	98.00045466675891
198	0.247456	102.072	84.9998040598793
199	0.246825	103.315	85.00024197841552
200	0.263933	103.340	80.0
201	0.261363	104.567	80.00038252986124
202	0.278780	104.561	75.00023909488242
203	0.277177	105.579	75.99996211367791
204	0.294316	105.632	72.99965919418358
205	0.292419	106.714	71.00005622505013
206	0.309726	106.932	68.00022444170126
207	0.307758	108.201	68.00029574588035
208	0.339778	110.179	60.99982755334501
209	0.337632	111.019	62.00019816427818
210	0.355247	111.533	57.9998744766123
211	0.352918	112.708	59.00024842957022
212	0.370323	113.252	55.99989404160633
213	0.366861	113.991	57.0001140440912
214	0.385528	114.922	54.00010441864917
215	0.383173	115.870	54.000172607232244
216	0.414491	118.158	49.99999999999999
217	0.413234	119.608	49.99999999999999
218	0.430826	120.033	48.99985837228096
219	0.426866	121.202	49.000016501377864
220	0.446291	122.291	47.0001880759827
221	0.441359	123.517	47.00000809605156
222	0.574627	150.081	35.999893390902244
223	0.570379	151.844	36.000105371302126
224	0.189828	98.694	110.99965550084099
225	0.189340	99.432	112.00016091399146
226	0.205722	99.267	102.99998992615875
227	0.204764	100.295	103.00014955880152
228	0.221652	100.178	94.99990017768373
229	0.220298	101.376	94.99980271464646
230	0.252754	101.537	88.00043333957079
231	0.251489	103.519	84.00003864024961
232	0.267638	103.603	78.99964286748454
233	0.267094	104.633	78.99993309950015
234	0.283932	104.796	75.0
235	0.281734	105.761	75.00023638203119
236	0.299487	105.660	70.0
237	0.297393	106.901	70.00028063348333
238	0.314944	107.135	65.99990665982172
239	0.313117	108.522	67.00023958275742
240	0.346139	110.752	59.99981941635366
241	0.343376	111.732	59.9998210002506
242	0.361352	112.059	57.99980367484985
243	0.359127	113.031	58.00001769426086
244	0.377098	113.684	54.999824073748286
245	0.374673	114.896	55.00017407046372
246	0.392818	115.294	53.000156122608296
247	0.390101	116.293	53.99981082266344
248	0.423364	118.820	49.000168321831346
249	0.420713	120.222	49.000182994792965
250	0.438011	121.138	47.00011557067146
251	0.436178	121.627	48.000032887434536
252	0.451035	123.233	45.99985393522839
253	0.451606	123.909	45.99988701385694
254	0.587587	153.323	34.99996738910666
255	0.582623	153.980	35.0
256	0.192197	98.715	108.99964544395482
257	0.191286	99.823	111.00047083337508
258	0.207928	99.556	101.00044196231268
259	0.206792	100.269	101.99962101945765
260	0.223703	100.718	94.0000794296948
261	0.222549	101.389	95.99956602787285
262	0.255200	103.081	82.99977687449676
263	0.254138	103.492	83.99972944768676
264	0.271186	104.196	77.00007677837921
265	0.269467	105.092	79.00030449510903
266	0.285885	104.282	79.00021096641798
267	0.285283	106.301	74.00024458847989
268	0.302145	106.209	68.99980227664322
269	0.300809	107.048	70.99992526716986
270	0.318692	108.561	65.99976050331149
271	0.317629	109.073	67.00008251354598
272	0.347977	111.978	58.9999821393488
273	0.348765	112.547	59.00023989977521
274	0.365957	113.321	57.00002647346918
275	0.363046	113.643	58.00005279691666
276	0.380586	114.913	53.99998259552879
277	0.379145	115.813	54.99987048086139
278	0.396497	116.426	53.000188961228595
279	0.394619	117.338	52.9998806865636
280	0.426790	120.014	49.00011665305714
281	0.423112	120.690	48.99991714309388
282	0.444278	121.911	46.999860554010716
283	0.441711	123.281	46.99994321914974
284	0.458026	124.309	44.99995977765085
285	0.457343	125.369	44.999960117732456
286	0.594369	157.338	34.00005084594949
287	0.590279	156.703	34.99996809250621
288	0.194453	97.306	117.99991778513144
289	0.193837	99.455	109.00005027399327
290	0.210222	99.186	101.00014114895247
291	0.209852	100.359	100.0
292	0.225189	100.760	93.00019849146487
293	0.225628	101.317	93.00018753022692
294	0.258362	103.174	82.00031015565936
295	0.257911	103.664	81.00015434480629
296	0.274320	104.391	76.99993294441092
297	0.273344	105.114	77.00020929657325
298	0.289509	105.755	72.99985816273463
299	0.289370	106.414	72.9997932602853
300	0.306345	107.071	69.00000933959709
301	0.304649	107.758	68.9999814398931
302	0.321268	108.697	64.9999540005704
303	0.321209	109.254	64.99990847017042
304	0.354396	111.809	57.99980323587546
305	0.352921	112.702	58.99984028677397
306	0.370141	113.346	56.0002117410407
307	0.368676	114.143	55.99992991247821
308	0.385584	114.948	54.0000695966872
309	0.383808	115.935	54.00008625522922
310	0.401020	116.490	52.00017168855696
311	0.400240	117.162	51.999795155425815
312	0.431912	120.371	47.99993353880919
313	0.431693	121.087	48.00019820459669
314	0.447926	122.235	45.999918190371005
315	0.447021	122.704	47.00009779632286
316	0.463391	124.507	44.999879524845994
317	0.463835	124.978	44.99991998591752
318	0.604901	155.903	33.99998717151049
319	0.596232	155.671	35.00009635706073
320	0.196537	99.186	108.0001209848164
321	0.195916	99.398	108.00016096903359
322	0.212641	100.051	98.99951024977261
323	0.211397	100.243	100.0
324	0.228929	101.040	92.00019794140934
325	0.227991	101.669	92.99983279072285
326	0.261556	103.127	81.99986424505707
327	0.260035	103.416	82.99972924885898
328	0.276159	104.730	76.00019096724911
329	0.275386	105.393	76.00030362547797
330	0.292689	105.919	73.00012273529774
331	0.291589	106.319	72.00030098100997
332	0.308748	107.069	66.99978518525437
333	0.308003	107.713	69.00002785179133
334	0.325972	108.635	65.00023012841166
335	0.324162	109.838	63.99970866184746
336	0.357620	111.855	58.000089401457245
337	0.355964	112.172	58.000213957137255
338	0.371612	113.402	55.99989418176046
339	0.372040	114.216	56.00003502136304
340	0.389861	114.633	54.00015702284683
341	0.387984	115.593	53.99980967705657
342	0.404727	116.787	51.999794497675246
343	0.403900	117.498	51.00001702156632
344	0.437327	120.789	47.00014074129267
345	0.435622	121.411	46.99985997973825
346	0.452431	122.480	46.00016329196604
347	0.451582	123.046	45.99986996732929
348	0.468604	124.682	43.99993583676874
349	0.465969	125.427	44.00009567318042
350	0.605096	156.074	33.99989748452657
351	0.604182	156.876	34.000101991381726
352	0.197686	99.286	106.99997985617308
353	0.197359	98.837	112.00056658943512
354	0.214270	99.852	98.00004005928774
355	0.213544	100.719	99.00018864365215
356	0.230662	100.954	90.99986132297879
357	0.229966	101.726	91.00033423117002
358	0.262763	103.936	80.00019242610837
359	0.262484	103.254	79.99980630290351
360	0.279061	104.418	76.00030646057193
361	0.278599	104.997	75.00023810204101
362	0.295512	105.729	72.00011349771586
363	0.294539	106.532	71.9999624525964
364	0.312147	107.049	67.00015880578053
365	0.310827	107.878	66.99975898700384
366	0.328459	108.695	63.00013800082801
367	0.326745	109.172	63.99992672113729
368	0.361029	111.867	56.99983015545245
369	0.358857	112.576	57.99992893689596
370	0.375892	113.718	55.00008793682618
371	0.374943	114.389	55.00004371049664
372	0.391227	115.823	52.99983595658894
373	0.389778	115.764	53.000069106112434
374	0.408102	116.992	51.00006838074398
375	0.405338	117.248	52.00003411572052
376	0.440055	120.572	47.00013270079288
377	0.439174	121.496	46.99990123131626
378	0.455768	122.311	45.999950944722876
379	0.455027	123.398	44.99991896140942
380	0.470037	124.955	43.99983994237926
381	0.471456	125.195	44.000159750788775
382	0.604624	156.571	33.99991058369685
383	0.606237	157.141	34.00003818226943
384	0.199742	99.263	106.00022163343843
385	0.198446	99.766	107.0003808912856
386	0.215380	100.524	98.00047749791094
387	0.214955	100.972	98.00043576437032
388	0.232014	101.287	89.99970381194032
389	0.231785	101.730	90.99970510173989
390	0.264974	103.380	80.0
391	0.264123	103.766	78.99986508104774
392	0.281039	104.685	75.00023881167311
393	0.280135	105.179	74.99976230996681
394	0.297556	105.752	71.0000756486875
395	0.296868	106.513	70.99978406391708
396	0.313701	107.097	67.00000933732971
397	0.311706	107.928	67.99996293825514
398	0.329224	109.265	63.00004576030751
399	0.328467	109.238	65.0002746297076
400	0.363765	111.851	56.999937416741915
401	0.361478	112.711	56.99976044929066
402	0.378088	113.815	54.9997803452972
403	0.377453	114.065	55.000219173278396
404	0.396051	115.000	53.0
405	0.393503	116.055	52.99987075093705
406	0.410572	117.128	50.0
407	0.409874	117.932	50.0
408	0.443710	120.528	46.99986725076331
409	0.441187	121.230	46.99991751216695
410	0.461410	122.209	44.99995908648299
411	0.457572	123.540	45.0
412	0.474137	125.100	43.0
413	0.474560	125.120	44.00015984654731
414	0.618423	156.600	33.0
415	0.615113	157.024	33.000050947625844
416	0.200709	99.195	105.00025202883211
417	0.200112	99.857	105.99957939853991
418	0.217355	99.929	96.00016011368072
419	0.216185	100.671	97.00012913351412
420	0.232278	101.407	89.99970416243455
421	0.232512	101.649	89.99990162224911
422	0.266468	103.465	78.99966172135504
423	0.265406	103.785	78.9998554704437
424	0.283629	104.668	73.99969427141055
425	0.281829	105.197	75.00023764936262
426	0.299568	105.811	71.0001795654516
427	0.298163	106.387	70.00009399644694
428	0.315227	107.441	65.99994415539692
429	0.315373	107.973	65.99983329165624
430	0.331330	109.151	62.99988089893817
431	0.331489	109.694	62.99979944208434
432	0.365518	111.765	56.99995526327562
433	0.363810	112.695	56.999866897377885
434	0.379770	113.698	54.00007036183574
435	0.379235	114.465	55.00021840737343
436	0.396963	115.492	52.000138537734216
437	0.395415	115.694	53.00015558283057
438	0.413327	117.304	50.0
439	0.412067	117.882	50.0
440	0.447182	121.393	46.00018122956019
441	0.443354	121.867	46.000147702003
442	0.461892	122.940	45.0
443	0.461564	123.711	45.000040416777814
444	0.480092	124.772	43.00003205847465
445	0.477426	125.307	43.9999361567989
446	0.616529	155.521	33.999909980002705
447	0.619576	156.542	33.00008943286785
448	0.201126	99.609	104.99954823359336
449	0.200933	99.612	105.00040155804521
450	0.217944	100.229	96.00015963443714
451	0.217654	100.062	101.00037976454598
452	0.234109	101.330	90.00000000000001
453	0.233101	101.824	91.00015713387806
454	0.266916	103.604	78.99984556580827
455	0.266993	104.067	77.99975016095401
456	0.283450	104.889	74.00013347443489
457	0.283858	105.509	74.00032224739121
458	0.299867	106.286	68.9996801083868
459	0.299724	106.621	70.00028137046174
460	0.316733	107.642	66.0002601215139
461	0.316418	107.973	67.00008335417188
462	0.332703	109.187	62.00005495159681
463	0.332943	109.935	62.99995451857916
464	0.365669	112.126	57.00016053368532
465	0.365215	112.761	57.00020397123119
466	0.382024	113.641	53.999876805026354
467	0.381451	114.565	53.999912713306855
468	0.399104	115.438	52.00020790380984
469	0.396310	116.000	53.0
470	0.415284	117.278	49.99999999999999
471	0.412867	117.940	50.0
472	0.448492	120.828	46.999867580362164
473	0.447149	121.833	45.99985225677772
474	0.463343	123.305	43.999837800575804
475	0.463328	124.080	43.9998388136686
476	0.479447	125.379	43.00002392745196
477	0.479799	125.988	43.000126996221866
478	0.623641	155.879	32.99995509337371
479	0.621138	156.900	33.0
480	0.201934	99.730	103.99979945853805
481	0.201872	99.628	103.99987955193319
482	0.218624	100.260	96.00039896269698
483	0.218236	100.946	95.99984149941552
484	0.235281	101.237	89.99970366565583
485	0.234207	101.860	90.0
486	0.268960	103.342	78.00023223858643
487	0.267849	104.249	79.00027818012644
488	0.284834	106.905	74.00028062298303
489	0.284374	105.572	73.99973477816087
490	0.301181	106.220	70.0
491	0.301468	106.431	70.00028187276264
492	0.318826	107.471	64.99986042746416
493	0.317840	108.091	64.99986122803934
494	0.334933	108.946	63.00001835771851
495	0.333787	109.283	62.999734633932086
496	0.367336	111.977	55.99989283513578
497	0.366480	112.886	55.99985826408944
498	0.383083	113.833	54.00015812637812
499	0.383562	114.835	54.00008708146471
500	0.400791	115.035	51.99982613987048
501	0.399390	116.158	51.99986225658155
502	0.416722	117.148	50.0
503	0.414096	117.382	51.000153345487384
504	0.446981	120.726	46.99981776916323
505	0.449277	121.678	46.000098620950375
506	0.465851	122.793	45.000122156800465
507	0.465310	123.382	45.00008104909954
508	0.483344	125.105	42.999880100715394
509	0.481741	126.130	43.00007928327916
510	0.623057	157.891	32.999980999550324
511	0.627483	157.967	32.99993036520286
512	0.201677	99.829	104.99954922918191
513	0.201352	99.616	105.00020077096049
514	0.218147	100.206	97.00017962996228
515	0.217765	100.594	96.99982106288647
516	0.235733	101.294	89.00033565660355
517	0.234682	101.673	90.00029506358621
518	0.267969	103.500	79.0
519	0.267698	103.801	78.00021194400824
520	0.285368	104.399	73.99975095546893
521	0.284413	105.305	74.00028488675751
522	0.300539	106.529	69.99971838654264
523	0.299906	106.513	69.99990611474655
524	0.317341	107.206	65.00009327836128
525	0.316694	107.697	65.99998142938057
526	0.333397	108.576	61.99988947833776
527	0.332924	109.533	63.00019172304237
528	0.365816	112.214	57.00001782308803
529	0.365862	112.821	57.00002659079427
530	0.383102	113.507	55.00013215044005
531	0.382095	114.213	54.99986866643902
532	0.399430	115.196	52.00006944685579
533	0.397963	116.100	52.0
534	0.415634	116.818	50.0
535	0.414926	118.024	50.0
536	0.449101	120.737	45.999983435069616
537	0.447359	122.141	46.000114621625826
538	0.464053	122.873	45.000122077266774
539	0.464402	123.402	45.00008103596376
540	0.481501	124.884	42.99990391082925
541	0.480900	125.665	43.000039788326106
542	0.625241	157.430	33.00006352029473
543	0.621917	157.194	32.999987276868076
544	0.201467	99.514	105.00030146512049
545	0.200537	99.590	105.0005020584396
546	0.218182	99.073	101.999535695901
547	0.217698	100.738	97.00013897436916
548	0.234408	101.190	90.0
549	0.234387	101.827	89.99970538265882
550	0.267591	103.227	78.99968031619633
551	0.266660	103.999	77.99978845950442
552	0.283849	104.376	73.99977006208323
553	0.282366	105.024	74.00022851919562
554	0.301398	105.519	69.999715691013
555	0.299870	106.646	69.00024379723571
556	0.316128	107.991	65.99994443981443
557	0.317011	107.988	64.9998147942364
558	0.333203	109.046	63.000018340883656
559	0.331839	109.697	61.99987237572586
560	0.366414	111.993	56.99999107087051
561	0.365064	113.138	55.99975251462815
562	0.381470	113.846	54.000140540730456
563	0.382510	114.396	54.00013986503024
564	0.396735	114.948	52.000034798343606
565	0.397695	115.967	52.000137970284655
566	0.415572	116.794	50.0
567	0.414622	117.598	50.0
568	0.446922	120.602	46.00006633389164
569	0.447151	121.752	46.000065707339516
570	0.466536	122.827	44.000097698388785
571	0.463709	123.849	44.99995962825699
572	0.480837	125.277	42.999912194576815
573	0.480615	125.784	42.99990459835909
574	0.623246	157.973	32.999943028239
575	0.620109	156.173	32.999942371600724
576	0.201320	99.346	104.99969802508404
577	0.200713	99.579	103.99983932355217
578	0.217595	100.104	97.00011987532966
579	0.217554	100.540	95.99960214839864
580	0.234835	100.235	94.9997505861226
581	0.233994	101.871	90.00009816336348
582	0.268229	103.332	78.00003871017691
583	0.267337	103.968	79.00026931363496
584	0.284138	104.562	74.00011476444598
585	0.282325	104.918	73.99969499990468
586	0.300985	105.960	70.0
587	0.300140	106.451	68.99982151412388
588	0.316767	107.277	66.00016778992702
589	0.315900	108.021	66.00012960442876
590	0.332838	109.492	61.9999634676506
591	0.331403	109.040	62.999816581071165
592	0.366944	111.718	56.99976727116489
593	0.365403	112.653	56.999813586855204
594	0.382307	114.061	54.0000526034315
595	0.382422	114.119	53.99977216764955
596	0.399306	115.242	52.00013883827077
597	0.398508	115.837	51.999792812313856
598	0.415736	117.146	50.0
599	0.414606	117.914	50.0
600	0.447858	120.891	46.00011580680117
601	0.446501	121.476	46.00003292831506
602	0.464006	122.853	45.00012209714048
603	0.464234	123.642	45.00008087866583
604	0.480331	125.184	42.999904141104295
605	0.479411	125.472	43.00003187962255
606	0.616014	157.127	33.00005727850719
607	0.623308	156.185	32.999967986682464
608	0.201392	99.611	103.99955828171586
609	0.200781	99.787	104.00052110996421
610	0.217431	99.694	96.99981944750937
611	0.217040	100.701	97.00002979116395
612	0.233410	100.960	90.0
613	0.232531	101.668	89.99980328126844
614	0.267944	103.005	79.00004854133294
615	0.266857	103.911	79.00029833222662
616	0.283088	104.568	73.99969397903756
617	0.281836	104.919	73.99994281302719
618	0.300121	105.877	70.00009444921938
619	0.299964	106.310	70.0
620	0.316960	107.036	66.0002242236257
621	0.315998	107.574	66.00014873482439
622	0.333778	108.538	63.00005528017837
623	0.332410	109.116	62.99992668352946
624	0.367289	111.446	56.000215350932294
625	0.365177	112.612	57.00014208077292
626	0.381626	113.324	54.9998235148777
627	0.381706	113.815	54.9997803452972
628	0.398354	114.981	53.00006087962359
629	0.396427	115.579	51.99993078327378
630	0.414717	116.434	50.0
631	0.413237	117.402	50.999982964515084
632	0.447381	120.339	46.00004985914791
633	0.446577	121.515	46.00008229436695
634	0.463944	122.198	44.99991816560009
635	0.464445	123.380	45.00000000000001
636	0.479923	124.784	42.999903833824845
637	0.481026	124.986	44.0001280143376
638	0.627160	155.603	33.00000642661131
639	0.624429	156.694	32.99998723626942
640	0.201477	98.652	105.00040546567733
641	0.201328	99.479	103.99983916203419
642	0.217730	99.974	97.00022005721488
643	0.217325	100.423	96.99969130577657
644	0.233194	100.870	89.99999999999999
645	0.233642	101.111	90.99999010987923
646	0.267744	103.410	79.00009670244657
647	0.266785	103.653	79.00012541846353
648	0.284215	104.158	74.00007680639028
649	0.283582	104.968	73.9996951451871
650	0.301696	105.343	69.00031326239048
651	0.299745	106.291	70.00028224402818
652	0.315750	107.151	66.99984134539109
653	0.316188	107.921	66.00012972452072
654	0.334759	106.393	67.99977442124951
655	0.333008	108.992	63.000036699941276
656	0.366600	111.514	57.00001793496781
657	0.364976	112.456	57.00007113893434
658	0.383268	113.198	54.00007067262673
659	0.382040	113.645	55.00021998328127
660	0.400852	114.673	50.99979942968266
661	0.397628	115.969	52.00010347592891
662	0.413897	117.240	50.0
663	0.413769	117.316	50.0
664	0.449078	120.065	46.00008328821888
665	0.447496	121.287	47.000090693973796
666	0.464044	122.484	45.00016328663336
667	0.463551	123.278	44.99991888252567
668	0.482231	124.256	42.99993561679114
669	0.480514	125.142	42.99995205446613
670	0.625414	154.800	32.99999999999999
671	0.622600	155.315	33.00003219264076
672	0.200776	98.554	109.00014205410231
673	0.200502	99.105	104.99974774229352
674	0.218529	99.700	96.0
675	0.217515	100.406	96.00023902954007
676	0.234738	100.397	94.99985059314521
677	0.232934	101.201	90.00009881325285
678	0.268180	102.786	77.9999221683887
679	0.267126	103.724	79.00003856388108
680	0.282918	104.572	73.99973224190032
681	0.283589	104.932	74.00030495940227
682	0.300584	105.959	69.99971687162015
683	0.300024	106.194	70.0001883345575
684	0.317028	106.963	66.9998036704281
685	0.316314	107.764	67.00011135444119
686	0.334742	108.513	61.99994470708579
687	0.331921	109.432	62.00014620951824
688	0.367365	111.446	56.99980259497873
689	0.365301	112.358	56.99994659926306
690	0.383155	112.996	55.00017699741584
691	0.380555	114.315	54.99978130604033
692	0.399514	114.738	52.00020917220101
693	0.398610	115.540	52.000173100225034
694	0.416363	116.678	50.0
695	0.413976	117.192	50.00000000000001
696	0.448367	120.400	45.99999999999999
697	0.447190	120.779	46.99989236539465
698	0.465804	122.084	45.000163821631006
699	0.463923	123.011	45.00004064677143
700	0.481276	124.307	42.99999195540074
701	0.480663	125.133	42.9998481615561
702	0.623640	155.882	32.99996150934682
703	0.622061	155.709	33.00001926670905
704	0.201112	98.893	105.00035391787083
705	0.200864	99.725	104.0
706	0.217937	100.129	96.0001597938659
707	0.217367	100.473	97.00018910553084
708	0.233006	101.214	90.00039520224475
709	0.233222	100.725	95.00024820054604
710	0.267585	103.185	77.99970926006687
711	0.267101	103.673	78.00005787427777
712	0.283898	104.323	73.99998082877218
713	0.283433	105.012	74.00011427265456
714	0.299822	105.861	70.99970716316679
715	0.299634	106.251	70.00028235028377
716	0.316712	107.074	66.0001494293666
717	0.314589	108.051	66.99984266688878
718	0.333123	109.042	61.999963316887076
719	0.333099	109.587	63.00017337822917
720	0.365301	112.368	57.00021358393849
721	0.365303	112.607	57.00000888044261
722	0.382011	113.456	55.00017627979128
723	0.381546	114.295	54.99978126777199
724	0.399658	115.119	52.000104239960386
725	0.398675	115.754	51.99993088791748
726	0.416339	116.670	50.0
727	0.414321	117.950	50.0
728	0.449138	120.759	45.99988406661201
729	0.446348	121.219	47.000057746722874
730	0.465418	121.953	45.00012299820422
731	0.463062	123.180	45.0
732	0.479143	124.384	42.99990352456908
733	0.480860	125.491	42.99989640691365
734	0.617897	154.882	34.00007747833835
735	0.624114	156.839	33.0000828875471
736	0.201267	99.576	105.00020085161084
737	0.200711	99.510	104.99949753793588
738	0.218456	99.815	95.99959925862848
739	0.217754	100.622	96.99966210172725
740	0.233162	101.277	89.99970378269498
741	0.233237	101.380	90.00000000000001
742	0.267748	103.140	77.99980608881133
743	0.267101	103.863	77.9998652070516
744	0.283905	104.666	72.99982802438232
745	0.284531	105.100	74.0
746	0.299054	105.830	70.0
747	0.299865	106.160	70.0
748	0.315654	107.232	65.99988809310653
749	0.317139	107.605	65.99972120254634
750	0.332551	109.152	61.999780123131046
751	0.331748	109.122	63.00012829676875
752	0.366829	111.988	56.99985712754938
753	0.364919	112.540	57.000177714590365
754	0.382983	112.936	55.00017709145002
755	0.379822	114.064	54.999824659840094
756	0.399456	115.112	51.99979150740149
757	0.398449	115.823	52.000034535454965
758	0.413038	116.794	51.000051372502014
759	0.413553	117.388	49.99999999999999
760	0.446754	120.550	46.0
761	0.446658	121.500	46.0
762	0.465158	122.224	45.000163633983504
763	0.464002	123.358	44.999918935131895
764	0.479561	124.995	43.000120004800195
765	0.479643	124.830	43.99983978210366
766	0.622267	155.855	32.99990375669693
767	0.621175	156.312	33.00002558984595
768	0.201541	99.752	103.99991980110676
769	0.201022	99.564	104.00044192680086
770	0.218186	99.671	95.99983947186242
771	0.217554	99.745	102.0001002556519
772	0.234245	101.234	88.99974316929095
773	0.233856	101.474	90.00039418964464
774	0.267622	102.225	83.0002445585718
775	0.266600	103.794	77.99969169701524
776	0.285070	104.074	72.99998078290447
777	0.284239	104.988	73.99988570122301
778	0.301245	105.483	69.99990519799398
779	0.300722	106.829	69.99971917737693
780	0.316514	107.270	65.9998135545819
781	0.315399	107.405	65.99972068339463
782	0.332509	108.870	62.99990814733168
783	0.333679	109.584	61.99992699664184
784	0.365770	111.756	57.00007158452343
785	0.365684	112.479	56.99997332835463
786	0.382788	113.361	54.00005292825575
787	0.382684	113.713	54.99986808896081
788	0.398830	115.150	52.0
789	0.398117	116.048	52.00003446849579
790	0.415295	117.449	48.99999148566612
791	0.413947	117.740	50.0
792	0.446688	120.717	46.000149109073284
793	0.447923	121.850	46.00000000000001
794	0.467023	122.016	44.99983608707054
795	0.462548	123.376	44.99983789391778
796	0.477964	124.984	42.99990398771043
797	0.480978	125.309	43.00010374354596
798	0.619813	156.133	33.00007045275502
799	0.621223	155.824	33.0000513399733
800	0.202058	98.700	103.99999999999999
801	0.201682	99.377	103.99991949847552
802	0.219303	99.656	96.00024082844986
803	0.217343	100.545	97.00034810283952
804	0.235901	100.754	90.00039700657045
805	0.234622	101.625	88.99975399753998
806	0.268129	102.942	78.00023314099202
807	0.267689	103.814	78.99994220432697
808	0.284720	104.142	73.99992318180945
809	0.284446	105.108	73.00015222437872
810	0.302459	105.480	68.99981039059537
811	0.300383	106.376	69.99981198766639
812	0.316437	107.021	66.00013081544743
813	0.316922	107.789	66.00024121199752
814	0.333201	109.052	61.99977992150533
815	0.333713	109.306	63.00020126982965
816	0.368593	111.677	57.00009849834792
817	0.362674	112.274	58.00007125425299
818	0.385008	113.224	54.00003532819897
819	0.383044	113.896	55.000175598791884
820	0.398386	115.238	52.00020826463493
821	0.398710	115.368	52.999965328340615
822	0.417107	116.688	49.99999999999999
823	0.414874	117.556	50.0
824	0.447676	120.713	46.000016568223806
825	0.446978	120.896	46.999900741132876
826	0.463797	122.218	44.999918178991635
827	0.464321	123.809	44.000032307828995
828	0.481898	124.705	42.99987971613007
829	0.481365	125.779	43.000023851358335
830	0.622823	155.645	33.000096373156865
831	0.628183	156.912	33.000025491995515
832	0.200350	99.027	104.9996465610389
833	0.201636	99.387	103.99951703945185
834	0.218438	99.594	95.99975902162781
835	0.218052	100.449	95.99996017879721
836	0.235305	100.851	88.9996132908945
837	0.234207	101.022	94.00031676268536
838	0.269082	102.960	78.00019425019426
839	0.268308	103.624	78.00027020767389
840	0.285829	104.055	74.00028830906732
841	0.284272	105.120	74.0001902587519
842	0.300972	105.501	69.00029383607739
843	0.300932	106.446	69.99981211130526
844	0.317567	107.239	66.000242449109
845	0.317478	107.597	65.99998141212116
846	0.335051	108.182	62.000147898911095
847	0.333653	109.243	62.999917614858624
848	0.368654	111.725	56.00000000000001
849	0.365422	112.377	57.00009788479849
850	0.385350	113.104	53.99985853727543
851	0.382918	114.500	54.0
852	0.401487	115.202	50.99998263919029
853	0.399257	115.977	51.99996551040292
854	0.417947	116.310	50.0
855	0.415290	117.422	50.00000000000001
856	0.448985	121.117	46.000148616626895
857	0.448364	121.430	46.000164703944655
858	0.467748	122.700	44.0
859	0.464165	123.752	44.00009696812981
860	0.482129	124.484	42.999903602069345
861	0.481627	125.288	43.00012770576591
862	0.622988	155.888	32.99997434055219
863	0.626180	156.588	32.99997445525838
864	0.201896	99.313	104.00048332041122
865	0.201632	98.623	109.9996958113219
866	0.218560	99.972	97.00016004481255
867	0.218692	100.581	96.00023861365466
868	0.236275	100.740	89.0003970617431
869	0.234585	101.387	88.99957588250959
870	0.268005	102.055	83.99980402724022
871	0.267670	103.614	78.00007720964348
872	0.284675	104.607	73.99982792738535
873	0.284280	105.211	73.99986693406584
874	0.302787	105.646	69.99981068852583
875	0.300617	106.167	68.99978336017783
876	0.316829	106.965	66.00009348852429
877	0.317199	107.770	65.9998144195973
878	0.334334	108.810	61.99981619336458
879	0.333634	109.008	62.00003669455453
880	0.369197	111.679	55.99978509836227
881	0.366591	112.418	56.99976872031169
882	0.382906	113.594	54.00021127876473
883	0.381394	114.267	53.99984247420515
884	0.402001	114.690	52.00017438311971
885	0.399433	115.794	52.00010363231256
886	0.418517	116.482	50.0
887	0.415667	117.906	50.0
888	0.448191	120.924	45.9999669213721
889	0.448155	121.833	45.99985225677772
890	0.467665	122.273	45.000122676306304
891	0.465395	123.807	43.999935383298194
892	0.476870	125.100	43.0
893	0.481860	124.991	43.99996799769584
894	0.630643	156.379	32.99995523695637
895	0.625977	156.639	33.000082993379685
896	0.202133	99.387	103.99951703945185
897	0.201789	99.404	103.99983904068247
898	0.219226	99.065	101.00035330338667
899	0.217894	100.466	96.99998009276771
900	0.235859	100.490	88.99990048761072
901	0.235246	101.544	88.999842432837
902	0.269278	103.144	77.99968975413015
903	0.267772	103.903	78.99964389863622
904	0.286047	103.320	79.00019357336431
905	0.284490	105.039	74.0001332838279
906	0.300885	106.027	70.00009431559886
907	0.300917	106.525	68.99976531330672
908	0.317607	106.705	65.99971885103791
909	0.317164	107.642	66.0002601215139
910	0.336181	108.297	61.99987072587422
911	0.332460	109.052	63.000220078494664
912	0.369407	111.850	56.00000000000001
913	0.366971	112.300	57.00000000000001
914	0.385025	113.272	54.000105939685
915	0.382820	113.882	54.9999121898105
916	0.401549	114.802	51.999965157401434
917	0.399545	116.067	50.99985353287325
918	0.417664	116.912	50.0
919	0.416183	117.536	50.0
920	0.448189	120.813	46.000016554509855
921	0.448809	121.393	46.00018122956019
922	0.466411	122.584	45.00016315342948
923	0.465509	123.543	44.00006475478173
924	0.481488	124.963	42.99992797868169
925	0.481257	125.391	42.999896324297595
926	0.631077	156.106	33.000012811807366
927	0.628366	157.237	32.000101757219994
928	0.202424	99.562	103.99951788835098
929	0.201825	99.406	104.99969820735167
930	0.219080	99.739	95.99955884859483
931	0.218036	100.522	95.99988062314716
932	0.235524	101.029	89.00018806481307
933	0.235101	101.542	88.99962577061709
934	0.268689	103.369	78.00017413344426
935	0.268135	103.799	77.99978805190801
936	0.285075	104.542	73.00032522813798
937	0.284491	105.004	74.0000380937869
938	0.303264	105.514	70.0001895483064
939	0.300362	105.969	69.99971689833819
940	0.317531	107.055	65.99971977021157
941	0.317597	107.817	65.99979595054583
942	0.335204	108.538	63.00005528017837
943	0.334574	109.810	61.999817867225204
944	0.368580	111.839	56.00014306279563
945	0.366892	112.554	55.99978676901754
946	0.386326	113.148	54.0000707038569
947	0.382248	114.167	53.999842336226756
948	0.399284	115.137	51.999791552672036
949	0.400257	115.781	51.999896356051515
950	0.418874	116.455	49.00004293503929
951	0.415838	117.578	49.99999999999999
952	0.451094	120.772	45.99990063922101
953	0.448245	121.943	46.00018041215978
954	0.463366	123.348	43.99990271427182
955	0.466620	123.982	43.99993547450436
956	0.481060	124.870	42.99991991671338
957	0.483613	126.345	42.00007914836361
958	0.626671	157.472	31.99997459865881
959	0.623025	155.442	33.000090065748
960	0.203395	98.270	108.00040704182356
961	0.202254	99.582	103.99971882468719
962	0.218875	99.841	95.99963942668845
963	0.218686	100.391	95.99964140211772
964	0.236489	99.756	94.00036088054854
965	0.235194	101.506	89.99960593462455
966	0.269947	102.976	77.9997280919826
967	0.268803	103.819	78.00017337866863
968	0.285717	103.819	73.99994220711045
969	0.284367	104.992	72.99984760743675
970	0.303164	105.525	68.0
971	0.301305	106.659	69.99971872978371
972	0.320002	106.680	65.0
973	0.317675	107.564	65.99977687702206
974	0.336950	107.961	62.000166726873594
975	0.334777	108.837	62.99971517039242
976	0.368882	111.740	57.00017898693395
977	0.367423	112.544	56.999928916690365
978	0.379528	113.756	53.99978902211752
979	0.384327	114.198	54.000070053766265
980	0.399683	115.835	51.00012949453965
981	0.401134	116.196	51.00003442459293
982	0.419015	116.650	50.0
983	0.417840	117.818	50.0
984	0.448887	120.898	45.9999338285166
985	0.450012	121.900	45.0
986	0.469716	122.832	43.99993487039209
987	0.467071	123.718	44.00006466318563
988	0.483002	124.974	41.99993598668522
989	0.483394	125.955	41.99992060656584
990	0.627395	157.109	32.0000763800928
991	0.625567	155.391	32.999980693862575
992	0.204394	99.131	103.00007061363246
993	0.203712	99.695	103.00015045889965
994	0.221344	99.954	94.9996998619365
995	0.220286	100.641	95.00004968154131
996	0.237554	100.990	87.99980196059016
997	0.236869	101.510	89.00009851246182
998	0.272045	103.603	76.99970078086542
999	0.270689	104.008	76.99984616567957
1000	0.287435	104.985	72.99995237414869
1001	0.287182	105.260	73.00019000570016
1002	0.304589	105.112	73.00022832787883
1003	0.301899	106.544	70.00018771587325
1004	0.322569	107.134	64.99990665895047
1005	0.320574	107.854	64.9999072820665
1006	0.338950	108.513	61.000064508399916
1007	0.336437	110.317	63.00026287879475
1008	0.368372	112.630	56.0001775725828
1009	0.370324	112.820	55.99982272646694
1010	0.386282	114.536	52.999930152965
1011	0.386873	114.691	53.99987793288052
1012	0.402112	115.700	51.99999999999999
1013	0.403276	116.325	51.99999999999999
1014	0.418712	117.660	50.0
1015	0.419956	118.424	49.99999999999999
1016	0.456477	120.711	45.999950294505055
1017	0.452611	122.083	45.999852559324395
1018	0.467696	123.773	43.99990304832233
1019	0.470430	123.538	44.99991905324677
1020	0.484989	125.407	42.999992025963465
1021	0.486306	126.590	42.00015799036259
1022	0.628825	157.185	32.99996819034895
1023	0.632316	158.059	32.00007592101684
