-1	0	90	0
0	1.803822	96.503	561.9980725987793
1	1.793300	98.458	565.0023360214508
2	1.944618	97.528	520.9990976950209
3	1.899655	99.076	532.9989099277323
4	2.097168	98.107	483.0022322566178
5	2.085468	99.863	485.9988183811823
6	2.390421	99.757	425.00175426285875
7	2.373299	101.487	427.0005025274173
8	2.542799	100.626	398.00051676505075
9	2.526969	102.364	400.99937478019615
10	2.681459	101.439	377.9995859580635
11	2.659490	103.314	379.99883849236306
12	2.813673	102.298	360.0001955072436
13	2.778769	104.214	365.0008636075767
14	2.978171	103.268	341.99848936747105
15	2.958625	105.066	342.99963832257816
16	3.266614	105.987	310.0012265655222
17	3.252452	107.526	312.0008184067109
18	3.413858	106.941	295.99872827072875
19	3.393267	108.758	297.99922764302397
20	3.570664	108.037	283.00026842655757
21	3.475736	109.849	290.9994628990705
22	3.710267	109.176	272.9995603429325
23	3.665578	110.877	276.9997384489119
24	3.992205	111.278	259.00088067722277
25	3.889766	113.557	259.99982387699566
26	4.137018	113.279	245.00039724926953
27	4.098733	114.945	246.99899952151029
28	4.336722	114.660	232.9993022850166
29	4.233672	116.168	239.00041319468355
30	5.469055	138.722	190.00014417323857
31	5.413107	142.387	186.9995154051985
32	3.571434	99.239	286.9990628684287
33	3.546830	100.679	289.9989074186275
34	3.864361	100.365	265.9991032730534
35	3.845329	101.749	266.99918426716727
36	4.147872	101.152	247.0005536222714
37	4.146557	102.791	246.9992509071806
38	4.717978	103.806	216.9990173978383
39	4.709724	105.147	218.00051356672085
40	5.033532	104.568	203.99931145283452
41	5.003507	106.223	204.99985878764488
42	5.328049	105.693	192.00041630003878
43	5.294387	107.375	194.00046565774156
44	5.529652	106.819	184.99985957554367
45	5.481145	108.505	187.000599050735
46	5.906392	108.142	173.00031440143513
47	5.874746	109.065	179.00059597487737
48	6.364117	110.978	160.00018021589867
49	6.463632	112.468	157.99960877760785
50	6.782380	112.151	150.99999108345
51	6.727095	113.894	152.00010536112526
52	7.079541	113.740	145.0
53	7.028671	115.225	145.99956606639185
54	7.363968	115.526	138.9998788151585
55	7.304760	116.864	140.00034227820373
56	7.948537	119.236	127.99993290616928
57	7.850944	120.476	131.00036521796872
58	8.231044	120.356	125.0
59	8.140103	122.336	125.99970572848548
60	8.454663	122.802	122.99962541326688
61	8.422393	124.552	121.99964673389427
62	10.473406	150.469	97.00004652121035
63	10.177523	152.094	100.0
64	5.355055	101.344	194.00063151247238
65	5.212203	103.151	198.00001938905103
66	5.777888	103.015	179.00014560986264
67	5.770459	104.439	179.9998085006559
68	6.217740	103.915	166.00009623249773
69	6.165734	105.682	168.00022709638347
70	7.086227	106.584	145.99939953463934
71	7.040123	108.116	146.99951903511044
72	7.527390	108.072	138.00059219779405
73	7.471507	109.729	138.99971748580595
74	7.863705	108.576	136.99988947833776
75	7.904912	111.055	130.0004502273648
76	8.401601	111.021	123.00015312418371
77	8.325470	112.310	123.99964384293473
78	8.842395	112.659	116.99997337096903
79	8.769422	113.830	117.99964859878766
80	9.716933	115.758	105.99958534183382
81	9.626087	117.374	106.99984664406087
82	10.159645	117.871	101.99964367825844
83	10.046171	119.452	103.00036834879282
84	10.586676	120.080	97.00033311125915
85	10.517096	121.471	98.00034576153979
86	11.036960	119.696	98.99996658200776
87	10.913461	123.077	94.99987812507617
88	11.886810	126.262	85.99974655874293
89	11.794352	127.913	86.99975764777622
90	12.297231	128.552	84.00024892650445
91	12.196198	130.435	83.99969333384445
92	12.761679	131.843	79.99969660884537
93	12.625765	132.327	81.9998942014857
94	15.413553	163.906	66.00002440423168
95	15.126870	163.901	68.00019523980939
96	7.111209	104.055	148.00057661813463
97	7.074510	105.154	149.00051353253323
98	7.681499	105.040	137.00019040365575
99	7.638778	106.680	137.00037495313086
100	8.276075	106.527	126.99972776854693
101	8.222181	107.795	128.00037107472517
102	9.416916	108.747	115.99952182588946
103	9.367685	110.873	110.99997294201474
104	10.012185	111.367	104.00028733826
105	9.916420	112.708	105.99957412073677
106	10.595884	112.901	98.00001771463494
107	10.489738	114.527	100.0
108	11.166189	114.605	93.00030539679769
109	11.059426	116.351	94.00005156809998
110	11.729425	116.752	88.99976017541455
111	11.653821	118.116	88.99979680991567
112	12.918755	121.058	79.9996695798708
113	12.771305	122.604	80.99980424782225
114	13.497853	123.383	77.0000729435984
115	13.325536	124.556	78.99980731558496
116	14.062352	125.488	73.99990437332653
117	13.910918	124.196	80.00016103578216
118	14.619927	127.839	71.00024249251011
119	14.469936	129.269	72.00024754581531
120	15.773795	133.350	66.0
121	15.592986	135.295	66.00022173768433
122	16.378518	136.209	64.00017619981058
123	16.170128	137.560	65.0
124	16.948424	138.824	62.00008644038495
125	16.704114	141.037	62.00004254202797
126	19.658670	169.428	53.00009443539439
127	19.295434	170.755	52.99991215484173
128	8.882263	105.805	120.0
129	8.833334	107.124	120.00018669952578
130	9.595347	107.245	109.99953377779849
131	9.535418	108.963	111.0000642419904
132	10.326120	108.985	102.0002752672386
133	10.230145	110.327	103.00017221532354
134	11.766431	112.278	89.99982187071376
135	11.691870	114.103	90.0002629203439
136	12.515481	114.905	83.99982594317045
137	12.384970	116.008	85.00017240190333
138	13.236883	116.627	80.00034297375394
139	13.129329	118.356	80.00016898171619
140	13.963113	118.612	75.999898829798
141	13.780053	120.088	77.0001998534408
142	14.668848	121.056	71.99973565952948
143	14.546154	122.529	72.00009793599882
144	16.125328	126.036	66.00019042178425
145	15.917991	127.350	66.0
146	16.818388	128.808	62.9999689460282
147	16.658567	129.664	64.00003084896348
148	17.606909	132.108	59.00021194780028
149	17.344567	133.103	60.00015025957341
150	18.288251	134.904	56.99979244499793
151	18.001384	135.778	58.99998527007321
152	19.683463	141.675	53.00017646020822
153	19.448509	142.487	54.000014036368235
154	20.399291	144.154	51.99994450379455
155	20.100328	145.846	52.00005485237853
156	21.066654	148.786	48.99990590512548
157	20.821332	149.648	50.0
158	24.388151	182.179	41.99990119607639
159	24.074891	182.270	42.9999451363362
160	10.518571	107.932	103.00003706037134
161	10.563621	107.864	106.00014833494029
162	11.442120	109.447	93.99983553683518
163	11.414667	110.652	94.00010844810757
164	12.361303	111.449	87.00033199041715
165	12.267427	112.862	88.00038985663909
166	14.091830	115.534	76.00013848737169
167	13.987234	117.145	75.99982927141576
168	14.987723	118.165	70.99987305885838
169	14.850407	119.268	72.0000335379146
170	15.864995	120.490	67.99983401112125
171	15.736991	122.028	67.00019667617268
172	16.714784	122.698	64.0002282025787
173	16.539660	124.380	63.99983920244413
174	17.595300	125.568	60.00015927624873
175	17.425923	127.038	60.99985831011194
176	19.261381	131.653	54.99988606412311
177	19.087323	133.129	55.000037557556965
178	19.911141	134.726	53.0001632943901
179	19.935128	136.025	52.99981621025547
180	20.997450	137.578	51.000159909287824
181	20.739553	138.327	51.00016627267272
182	21.841955	141.477	48.00002827314687
183	21.556504	142.482	48.99987366825283
184	23.589486	148.540	45.00000000000001
185	23.212980	150.416	44.999867035421765
186	24.442720	152.953	43.00013729707819
187	24.081322	153.709	44.00002602319968
188	25.169960	156.164	42.000076842294
189	24.781689	157.484	42.999923801783034
190	28.506866	187.284	36.99995728412465
191	27.966316	190.189	37.00003680549349
192	12.360958	109.738	89.00016402704624
193	12.302476	109.663	93.00037387268269
194	13.281245	111.798	80.99966010125405
195	13.246130	112.943	81.9997697953835
196	14.388175	113.825	75.00021963540522
197	14.209864	115.270	75.99982649431769
198	16.354027	118.995	66.00025211143326
199	16.264224	120.279	65.99988360395415
200	17.351993	121.740	62.00016428454082
201	17.186319	122.608	62.999967375701424
202	18.372627	124.662	58.0000320867626
203	18.225586	125.549	59.00007168515878
204	19.426533	126.805	56.00015772248728
205	19.220715	128.271	56.00018710386604
206	20.458338	130.673	52.000030610761215
207	20.011093	131.577	53.00014440213715
208	22.255188	136.810	48.000146188144136
209	22.071946	138.065	47.999855140694606
210	23.434347	140.296	44.99985744426071
211	23.203498	140.987	45.99998581429493
212	24.461528	143.650	44.0
213	24.113064	145.111	44.00011026042133
214	25.317605	147.910	41.99986478263809
215	24.995982	148.565	43.000033655302396
216	27.390769	156.003	38.99989102773665
217	26.848583	156.988	39.99987260172752
218	28.340989	160.566	37.99995017625151
219	27.838970	162.342	38.00002463934163
220	29.304900	164.732	37.000097127455504
221	28.767700	168.022	36.999916677577936
222	33.011024	201.025	32.0
223	32.317004	203.397	31.99998033402656
224	14.038473	112.605	77.00013320900493
225	14.051556	112.727	78.99970725735626
226	15.172188	113.656	71.99971844865206
227	15.130564	114.646	73.99996510999075
228	16.404043	116.113	67.00024975670253
229	16.293237	117.694	67.0000169932197
230	18.704966	121.619	57.99998355520108
231	18.602598	123.060	58.00016252234682
232	19.887595	124.889	53.99995195733812
233	19.671244	125.978	55.00007937893918
234	21.045362	128.253	50.9999766087343
235	20.575752	129.388	52.000185488607904
236	22.150893	130.759	49.000068828914266
237	21.886142	131.440	50.0
238	23.302292	134.493	46.00016357728655
239	23.091116	135.387	47.00008124856892
240	25.585177	141.443	41.999957580085265
241	25.322688	142.133	42.99986632238818
242	26.682397	145.917	40.00013706422144
243	26.387267	146.683	40.99997954773219
244	27.805562	149.279	39.00012727845176
245	27.482891	150.941	39.00000662510517
246	28.809632	154.586	37.00011644003985
247	28.539251	154.274	37.99992221631642
248	31.075600	163.643	34.99996944568359
249	30.676587	165.234	35.00006052023191
250	32.240498	169.585	32.999970516260284
251	31.821905	171.939	33.00007560820989
252	33.421671	174.722	31.999977106489165
253	32.918205	175.267	32.999937238613086
254	37.676885	213.357	28.00001874792015
255	36.865728	215.321	28.99995820194036
256	15.897328	114.093	68.99985099874664
257	15.825612	114.204	70.00017512521454
258	17.205117	115.713	63.999723453717394
259	17.093648	116.988	64.99982904229493
260	18.527474	118.608	59.00023607176581
261	18.427248	120.120	59.0001665001665
262	21.108350	125.192	52.00012780369353
263	21.002390	126.523	52.000031614805216
264	22.467595	128.990	48.99992247461043
265	22.259511	130.100	49.0
266	23.717895	132.833	45.999864491504376
267	23.615262	134.235	45.99992550378068
268	24.827406	136.940	42.99985395063531
269	24.893443	137.914	43.999883985672234
270	26.159494	141.036	41.99991491534077
271	26.076613	142.155	41.99992965425064
272	28.633015	150.042	38.00002665920209
273	28.814769	150.666	37.99994690241992
274	30.107254	155.219	36.00010308016415
275	29.927533	155.432	37.00010293890576
276	31.285796	159.743	34.99996869972393
277	31.240092	160.909	34.99990677960835
278	32.774743	165.555	32.999909395669114
279	32.205280	165.341	34.00003628863984
280	35.279693	176.716	31.00002263518866
281	35.136737	178.203	31.000039281044653
282	36.521809	182.510	30.000000000000004
283	36.346745	186.300	28.999999999999996
284	37.900922	192.168	27.999979184879894
285	37.473561	191.041	29.00005757926309
286	42.107189	242.564	25.000000000000004
287	41.984555	243.468	25.0
288	17.604752	115.752	63.000207339829984
289	17.620374	115.960	63.000172473266645
290	18.599880	117.342	59.999829558044006
291	19.023411	118.891	58.00018504344315
292	20.650071	120.393	53.99981726512338
293	20.500576	121.648	54.00006576351441
294	23.467950	127.523	47.00014899273073
295	23.251861	129.187	47.000085147886395
296	24.967246	132.009	44.00003030096433
297	24.842881	133.300	43.99999999999999
298	26.291694	135.640	42.000147449130054
299	26.311835	136.612	41.99997071999532
300	27.676720	139.498	39.999856628768875
301	27.656903	140.863	39.9998580180743
302	29.270285	143.768	38.00011129041233
303	29.157672	144.963	38.0000413898719
304	32.220552	153.288	34.00005218934294
305	32.003343	153.503	34.999967427346704
306	33.527528	158.258	32.99991153685753
307	33.399171	159.673	32.99994363480363
308	35.132613	163.768	30.999951150407895
309	34.944827	165.955	30.999969871350668
310	36.544850	169.113	30.000059132059626
311	36.346666	170.523	30.00005864311559
312	39.325234	181.111	27.999955828193762
313	39.324054	182.182	28.000021956065915
314	40.524339	188.052	26.999978729287644
315	39.798512	190.922	27.0000314264464
316	42.419968	197.928	25.0
317	41.939633	197.346	26.00002026896922
318	48.025349	250.514	21.999968065657008
319	47.780388	247.609	22.999971729622104
320	19.254655	117.186	58.000102401310734
321	19.285643	117.117	58.000119538581075
322	20.974277	119.004	53.99986555073779
323	20.814151	119.522	54.99991633339469
324	22.348589	122.092	51.00006552435868
325	22.313807	123.259	50.99992698301949
326	25.582873	129.395	44.00015456547779
327	25.768951	130.330	43.99984654338985
328	27.003632	133.978	41.00001492782397
329	27.212527	135.363	41.00012558823312
330	29.005878	137.295	38.999963582067814
331	28.377782	139.121	38.999863428238726
332	30.061769	142.011	36.99995070804374
333	29.906808	141.826	38.00008461072018
334	31.806580	146.754	35.00006814124317
335	31.635616	147.577	35.000033880618254
336	35.185858	157.739	30.99994294372349
337	34.390063	156.258	32.99991040458728
338	35.656516	161.816	31.00002471943442
339	36.401054	163.967	29.99993901211829
340	38.136311	167.617	29.000041761873796
341	37.885277	169.338	28.99998818930187
342	39.628569	173.639	28.000046072598895
343	39.360431	175.021	28.00006856320099
344	41.167827	188.419	26.00003184392232
345	42.302663	188.235	25.999946874916994
346	44.619332	192.752	25.0
347	43.433857	196.256	24.999999999999996
348	45.493930	203.279	24.000019677389204
349	45.589529	204.125	24.0
350	51.074316	261.471	21.000034420643207
351	51.345449	257.738	21.00000775981811
352	21.115599	118.981	54.000218522285074
353	20.821961	119.344	54.00020109934308
354	22.783180	120.760	50.0
355	22.621341	121.830	50.0
356	24.345476	123.891	47.00018564706072
357	24.085157	125.162	46.999888144964125
358	27.727518	132.378	39.99984891749385
359	27.950908	133.410	40.0
360	29.629013	136.276	38.00008805659103
361	29.612672	137.355	38.00007280404791
362	31.334035	139.983	36.00008572469514
363	31.188859	141.631	35.999887030381764
364	33.103218	144.800	33.99999999999999
365	32.729712	145.017	35.000034478716294
366	34.920185	150.072	31.99997334612719
367	34.634566	151.441	31.999920761220544
368	38.331281	158.287	29.99993682361786
369	38.135692	161.900	29.0
370	40.065765	165.493	27.999975829793406
371	40.165633	166.911	27.999952070264992
372	41.953905	172.915	26.00005783188272
373	42.346397	171.470	27.000058319239518
374	43.466067	179.508	24.999999999999996
375	43.698230	181.077	25.999988954974956
376	46.767852	191.775	24.0
377	46.817594	192.458	24.000041567510834
378	48.462542	199.417	23.000045131558494
379	48.916648	203.677	22.000029458407184
380	50.545861	208.295	22.000048008833627
381	50.631925	208.827	22.00002873191685
382	57.578759	263.795	18.999981045887907
383	56.686434	259.300	20.0
384	22.856643	120.382	50.0
385	22.705220	120.958	50.0
386	24.502486	122.740	47.000162946064854
387	24.699534	123.598	45.99993527403356
388	26.222434	125.732	43.99993637260204
389	26.376267	126.725	44.0
390	30.110874	134.013	38.00004477177587
391	30.313710	135.981	37.00002206190571
392	32.193303	139.060	35.0
393	31.277773	138.370	37.00007227000072
394	33.779138	142.871	33.99990200950508
395	34.092407	144.503	33.00000692027156
396	35.883045	147.125	32.0
397	36.010184	149.748	31.000080134626174
398	37.656928	153.587	29.999934890322752
399	37.918102	154.087	29.999935101598453
400	41.848174	164.189	26.99998172837401
401	41.476441	165.863	26.999993970927815
402	43.198851	170.527	25.999988271651997
403	43.418062	171.142	26.000046744808404
404	45.002255	176.764	25.0
405	45.412420	179.525	24.0
406	46.869905	183.292	23.99995635379613
407	47.184794	183.729	24.00002177119562
408	50.488393	199.523	21.999969928278947
409	50.696121	199.532	21.99997995309023
410	52.893534	206.533	21.000033892888787
411	52.566987	207.557	21.000014453860867
412	54.318562	212.505	20.999976471141856
413	54.366426	213.943	20.999985977573466
414	62.378752	277.429	17.0000252316809
415	60.992971	274.806	17.99997088855411
416	24.423227	122.311	46.99986101004816
417	24.438599	121.996	46.99990163611922
418	26.433531	124.593	43.00000802613309
419	26.068237	125.659	44.00003183218074
420	28.618707	128.402	40.000155760813705
421	28.420398	128.541	41.00014781276013
422	32.521021	136.434	35.00007329551285
423	32.613692	137.666	34.99992736042306
424	34.295901	140.482	34.00008542019618
425	34.523270	142.579	32.99995090441089
426	35.225280	144.724	33.00005527763191
427	36.057252	148.448	31.00008083638715
428	38.330568	151.147	29.99993383924259
429	38.356481	153.621	28.999941414259766
430	40.588131	156.311	27.999948819980677
431	40.499602	157.382	28.000025415867125
432	44.149591	168.069	26.00003569962337
433	43.786145	169.208	25.99995272091154
434	46.270412	176.783	24.00004525322005
435	46.622264	177.358	24.00004510650774
436	48.445049	179.804	24.000022246446132
437	48.567578	183.783	22.99995102920292
438	50.746425	189.427	22.000031674470904
439	50.751177	190.205	21.99994742514655
440	54.274132	202.686	20.999970397560755
441	54.453831	208.990	20.0
442	56.514617	212.325	20.0
443	56.252421	213.755	20.000000000000004
444	58.200683	224.653	18.99996884083453
445	58.599574	224.642	19.00000890305464
446	66.769499	284.931	16.000014038486512
447	66.421888	286.019	15.999986014915093
448	26.059546	123.282	45.000081114842395
449	26.052505	124.430	43.99983926705778
450	28.108610	126.910	40.99992120400284
451	28.209114	127.398	40.99985871049781
452	30.286176	129.972	38.99993844828116
453	30.409249	131.511	37.99986312931998
454	34.630532	139.933	33.00007860904862
455	34.772126	139.315	33.99992822022036
456	37.030600	144.048	31.00008330556481
457	36.991938	145.061	31.000062042864723
458	38.659419	149.170	30.000000000000004
459	39.066337	151.066	28.999907325275043
460	40.802207	153.355	29.000032604088556
461	41.144733	155.757	28.00002568102878
462	43.387710	161.531	25.999962855427132
463	43.343883	160.137	27.000006244653015
464	47.468920	172.842	23.999953714953538
465	47.669623	174.017	23.999954027480072
466	49.575151	179.491	23.000038999169874
467	49.112994	180.530	23.000055392455547
468	51.707735	186.800	22.0
469	51.903920	187.300	22.0
470	53.356885	195.348	20.999959047443536
471	54.037310	195.110	20.999948746860746
472	57.707788	213.595	18.99997659121234
473	58.377369	208.265	20.000000000000004
474	60.036278	219.221	19.00000456160678
475	60.276122	219.247	19.000031927460807
476	62.708039	230.528	17.999982648528597
477	62.393391	230.756	17.999965331345667
478	70.525172	292.600	16.0
479	71.641765	291.006	16.00001374542106
480	27.697148	125.007	42.999992000447975
481	27.795746	125.762	41.99996819389005
482	29.604946	128.197	40.00015600989102
483	29.974953	129.067	38.99989927711964
484	32.213450	132.958	36.00009025406519
485	32.279729	133.492	35.999910106972706
486	36.583201	141.838	31.999887195250924
487	36.705521	142.347	31.999971899653662
488	39.033228	146.973	30.00006803970797
489	39.018492	147.443	30.000067822819666
490	41.114896	152.882	28.000026163969597
491	41.244824	153.446	28.000078203407064
492	43.456140	157.263	26.99999364122521
493	43.566532	157.852	26.999974659807922
494	45.943897	164.708	25.0
495	46.013549	165.220	25.0
496	50.481439	177.009	22.999960453988216
497	50.992851	179.441	21.99998885427522
498	52.628629	184.159	22.000010860180605
499	52.841441	184.095	22.00005431978055
500	54.621699	191.495	21.000026110342308
501	54.760286	192.371	21.00004678459851
502	57.776901	199.695	20.0
503	56.456213	202.475	20.0
504	61.480874	215.447	19.000032490589334
505	62.038280	214.868	19.00003723216114
506	63.652140	225.622	18.00001772876758
507	63.901426	226.806	17.999964727564524
508	66.265571	232.744	18.000034372529473
509	65.634630	234.628	17.999982951736367
510	74.755289	308.557	14.000006481784565
511	75.500380	306.057	14.000006534730458
512	17.114242	122.108	64.9998362105677
513	17.104461	122.006	65.00008196318214
514	18.812580	124.000	60.0
515	18.801456	125.319	58.99983242764465
516	20.015118	128.580	54.99999999999999
517	19.569862	128.682	57.00020204846055
518	22.714339	136.500	49.0
519	22.539326	137.031	48.99986134524305
520	24.552782	141.949	44.99996477608155
521	24.688525	142.071	45.00003519367077
522	26.044314	145.956	42.999945188961064
523	25.534531	147.335	42.99996606373231
524	27.636077	151.788	39.99986823727831
525	27.400100	152.800	40.0
526	28.451764	159.013	38.000037732763985
527	28.095902	157.690	38.99993658443782
528	30.895424	170.743	34.99997071622263
529	30.745626	169.589	35.99997641356456
530	32.487223	175.985	34.000056823024686
531	32.218271	178.085	34.00005615296066
532	34.758407	182.678	32.00002189645168
533	34.421981	185.209	32.00006479166779
534	35.728052	190.600	31.000000000000004
535	35.106534	191.829	31.000005212976138
536	39.242054	206.579	27.999941910842825
537	38.299820	207.000	29.0
538	41.366894	218.027	25.999990826824202
539	41.272758	217.215	26.999976981331862
540	41.588244	227.650	25.999999999999996
541	41.369538	228.981	25.999973796952585
542	47.170890	288.095	22.00003471077249
543	46.573528	287.791	23.00002432320677
544	14.557175	122.480	76.00016329196603
545	14.249973	121.418	76.00026355235632
546	15.887592	123.561	68.999927161483
547	15.793024	124.519	68.99991166006794
548	17.163548	127.734	64.00018789045987
549	16.819008	127.706	65.00007830485646
550	21.421184	136.088	51.00008817823761
551	21.505645	137.486	51.00010182854982
552	21.620353	140.962	50.00000000000001
553	21.681455	140.863	50.99990771174829
554	24.371828	146.302	45.00006835176553
555	24.285629	146.267	44.999897447818036
556	23.012666	151.021	47.00008608074374
557	23.195890	151.138	47.00009263057603
558	27.551466	157.398	39.99987293358238
559	27.546781	157.870	40.0
560	26.671526	169.875	40.0
561	27.048680	170.150	40.0
562	31.303587	176.560	35.0
563	29.219056	177.005	37.00008474336883
564	30.885457	184.700	35.0
565	28.829355	184.057	36.99995110210424
566	34.032305	191.209	32.00006275855216
567	33.943041	192.075	32.0
568	38.562235	208.457	28.00001918860964
569	38.715611	207.596	28.000057804581974
570	37.157668	215.614	28.999972172493436
571	37.075893	217.290	28.999953978554007
572	37.264051	225.176	28.99998223611753
573	34.529963	225.203	31.000031083067277
574	43.882573	289.221	23.99998616974563
575	43.527017	288.283	24.000027750509048
576	16.977792	123.786	65.00008078457984
577	16.966516	121.362	66.00006591849179
578	16.263825	123.726	68.0002586360183
579	15.677204	125.259	69.00023152028996
580	16.760190	128.702	64.99976690338923
581	16.018032	128.151	68.00024970542562
582	22.054850	138.032	50.0
583	21.043608	137.810	51.99985487265075
584	24.024473	142.554	46.00011223816939
585	24.173160	142.024	45.999971835746074
586	21.569016	145.467	50.99988313500656
587	21.925151	146.056	50.0
588	26.659283	150.800	42.0
589	23.541294	152.909	45.99990844227613
590	24.697855	156.927	44.000076468676525
591	24.339786	157.833	45.00009503715953
592	27.427084	169.280	40.0
593	28.817641	171.074	37.99992985491659
594	29.953580	178.078	35.999955075865635
595	27.487534	176.605	40.0
596	32.795722	185.667	32.99994075414586
597	31.842878	183.771	35.00008162332468
598	32.377553	193.200	33.00000000000001
599	29.975204	191.217	35.999937244073486
600	33.490888	204.803	33.000004882740974
601	34.241019	207.138	31.999922756809468
602	37.581276	216.297	28.999939897455814
603	34.836530	216.819	31.000050733561174
604	37.469870	230.136	27.99996523794626
605	37.135874	228.028	28.99994737488379
606	44.306347	291.721	23.999986288268587
607	41.807758	295.144	25.0
608	16.118569	123.494	70.00016195118792
609	16.451824	121.929	68.00022964184075
610	18.264768	125.043	60.99981606327423
611	16.629337	125.559	66.00004778629966
612	18.655036	129.600	59.0
613	17.604001	128.686	62.99986012464448
614	25.134267	138.320	44.00014459224986
615	23.583746	138.704	47.000086515168995
616	23.441594	143.213	46.999923191330396
617	22.385414	142.702	49.00001401522053
618	26.492962	148.160	41.999865010799134
619	24.130656	147.383	45.99987786922508
620	24.801132	152.491	43.99997376894374
621	24.763746	153.648	43.99992189940644
622	26.522119	158.822	40.99998740728614
623	26.862710	160.303	39.999875236271315
624	29.269400	171.641	36.999900956065275
625	28.931878	171.500	38.0
626	36.648616	180.427	29.999944575922676
627	33.367678	179.785	32.99997218900353
628	35.274078	186.497	30.999962465884167
629	30.643044	187.337	35.00002668986906
630	38.861086	197.054	27.999939102987
631	35.416245	194.929	31.000005130073003
632	40.267418	211.656	26.999943304229504
633	38.468330	212.429	27.999943510537637
634	36.026496	218.417	29.999954216017983
635	35.115445	216.810	30.999953876666208
636	42.567677	234.660	25.0
637	38.953275	229.579	27.99994773041088
638	49.010297	293.227	22.00002046196292
639	51.086970	292.733	21.00002391257562
640	17.056322	124.674	64.99991979081445
641	17.066810	123.162	64.9997564183758
642	19.555781	125.928	57.00003176418271
643	17.663568	126.197	61.99988906233904
644	20.280320	130.245	55.00019194594802
645	20.405572	130.228	53.99990785391774
646	25.019190	139.305	43.99985643013531
647	25.176515	139.418	44.00005738139981
648	25.470038	144.479	43.00002076426332
649	24.357884	143.224	45.99997207171983
650	25.543846	148.560	43.00013462574044
651	25.390877	150.114	42.999986676792304
652	29.964533	155.230	36.999935579462736
653	29.384585	155.042	38.00002579946079
654	30.416761	160.572	36.000049821886755
655	31.142395	160.078	35.99995002436312
656	37.052513	173.827	29.999942471537796
657	35.278098	173.419	31.999953868953224
658	38.594617	180.634	29.00007750478869
659	35.810992	181.439	30.999950396552013
660	40.248517	187.854	27.999936120604296
661	39.440674	190.496	28.00006299344868
662	35.643250	194.945	31.00002564825977
663	34.683348	197.123	30.99993405132836
664	39.691560	210.704	27.99994304806743
665	37.860554	213.704	27.999943847564854
666	45.017746	220.148	25.0
667	42.858703	225.124	25.000000000000004
668	40.915076	230.852	26.999982672881327
669	39.300298	234.389	26.99998720076454
670	51.060283	296.105	20.999983114098036
671	50.652645	299.452	21.00002671546692
672	21.095864	125.100	54.0
673	20.694061	124.258	55.00008047771572
674	20.359037	125.853	54.99988081332984
675	19.348416	126.753	58.000205123350135
676	25.329957	131.129	44.99996186960932
677	24.711976	130.935	45.99992362622675
678	26.183401	139.209	43.000093384766785
679	26.589980	139.751	43.00005008908702
680	28.516433	144.456	39.00011076036994
681	27.712415	145.678	39.999862710910364
682	30.683556	148.827	37.0000067192109
683	28.489444	151.192	39.000079369278794
684	33.906835	155.882	32.99996150934682
685	32.128009	155.906	34.9999358587867
686	32.126171	160.251	35.000093603160046
687	32.653829	161.709	33.999962896313754
688	37.760987	174.333	30.000057361486352
689	33.505722	174.218	33.00003443961015
690	40.616548	184.196	27.000043431996353
691	40.540990	181.364	28.000044110187247
692	39.006678	187.679	29.000047954219703
693	36.733120	190.407	29.999947480922444
694	42.662173	198.742	26.000040253192584
695	42.487418	198.831	25.999969823619058
696	45.179845	216.167	23.999962991575956
697	45.563638	216.508	24.00003695013579
698	45.956019	225.417	23.999964510218838
699	41.618469	225.215	26.000044402015853
700	44.996669	237.604	24.000016834733422
701	43.084618	235.488	25.0
702	54.025149	297.055	20.0
703	53.023324	299.575	20.0
704	22.506731	126.302	50.0
705	22.197279	124.947	51.00002401018032
706	24.287880	126.977	46.99985036660182
707	24.579079	128.037	45.99998437951529
708	26.100052	131.795	43.00011381311886
709	24.960041	132.269	44.99996219824751
710	29.482233	141.103	37.99990078169847
711	29.800640	141.437	37.99995757828574
712	30.148277	144.134	38.0000555039061
713	29.028262	145.705	39.00003431591229
714	34.601179	150.461	32.999913598872794
715	30.102815	151.611	36.99995382920765
716	34.669154	156.975	32.0
717	33.565115	156.718	33.99992342934443
718	36.779583	161.181	30.999931753742686
719	35.237943	162.262	32.000098605958264
720	40.631271	177.967	26.999949428826692
721	40.299210	176.164	28.000045412229518
722	42.488987	182.174	27.000010978515043
723	38.802763	185.718	27.999978461969224
724	44.721172	192.484	25.0
725	43.783552	191.746	26.000020860930604
726	44.365885	199.776	24.999999999999996
727	45.602869	201.704	24.00001983103954
728	50.407769	219.264	21.999963514302394
729	44.971697	220.254	24.000018160850658
730	48.250908	224.965	23.000022225679547
731	48.466503	225.565	23.00002216655953
732	49.362460	233.335	22.99997857158163
733	50.129934	237.427	22.000025270925377
734	60.331128	301.517	17.99998010062451
735	59.274477	297.037	18.999989900248117
736	24.277677	125.742	47.9998727553244
737	24.006208	124.765	47.99983969863343
738	26.543361	127.705	42.99988254179554
739	26.479678	128.488	43.00012452524749
740	28.349412	130.720	40.99984700122399
741	28.101424	132.390	41.00007553440592
742	31.375696	140.141	36.999878693601445
743	30.955035	141.430	36.9999292936435
744	33.508549	144.151	35.000104057550764
745	32.647833	146.783	34.99996593610977
746	35.817369	150.887	32.00010603961905
747	35.427082	152.494	31.999947538919564
748	38.085858	156.507	29.99993610509434
749	37.544005	156.832	31.00005100999796
750	39.707513	164.304	27.99992696465089
751	39.727012	163.203	29.000079655398487
752	43.354983	176.588	26.000067954787415
753	43.944633	177.573	26.000011262973533
754	45.393664	184.520	25.0
755	45.483499	185.592	25.0
756	47.946740	194.035	22.99997423145309
757	47.083709	193.067	23.999958563607453
758	49.691581	202.605	21.999950642876534
759	49.611085	199.483	22.999954883373523
760	52.028980	214.845	22.00004654518374
761	50.891601	218.127	22.00002750691111
762	51.754808	223.805	21.999955318245792
763	51.571383	225.173	21.999973353821286
764	54.039137	235.400	20.999999999999996
765	53.841839	236.933	21.000029544217142
766	64.846158	302.241	17.000009925853874
767	64.091703	305.918	16.999980386901065
768	25.592621	126.570	45.999841984672514
769	25.369835	125.300	46.0
770	27.698264	127.421	42.00014126399886
771	27.336185	128.721	42.00013983732258
772	29.129024	131.327	40.000152291607975
773	29.304193	132.507	40.000150935422276
774	33.262778	140.506	34.99992882866212
775	33.302095	141.994	35.00007042551094
776	35.817420	146.266	31.99991795769352
777	34.720517	147.127	33.00006117164082
778	38.019851	151.770	30.0
779	38.023753	153.050	29.999999999999996
780	39.432112	157.245	28.999968202486567
781	39.302538	158.600	29.0
782	42.274632	163.078	26.999963207790138
783	42.063850	164.585	27.000030379439195
784	46.232528	175.708	25.0
785	46.457451	179.587	24.000066819981406
786	46.878749	181.620	25.0
787	46.919524	182.728	24.999999999999996
788	50.185946	194.209	22.000010298183916
789	49.755489	192.800	22.999999999999996
790	51.948201	198.873	21.999969829992004
791	51.830625	200.850	22.0
792	56.352663	217.715	20.0
793	54.752061	222.305	20.0
794	54.600700	224.348	20.999964341112914
795	54.608699	232.630	20.000000000000004
796	57.903928	236.490	20.0
797	56.122469	240.625	20.0
798	67.820496	309.275	16.0
799	67.556841	312.081	16.000012817185283
800	26.574387	126.209	44.00003169346084
801	26.432067	126.045	44.00015867348963
802	28.865000	128.040	40.00000000000001
803	28.785770	128.925	40.0
804	30.529642	131.484	38.000060843904954
805	30.436334	133.197	38.00010510747239
806	34.240060	141.256	33.99997168261879
807	33.789185	142.924	33.999888052391476
808	36.566701	147.316	31.00002715251568
809	36.895583	146.381	32.00005465190154
810	39.562660	151.852	28.999947317124565
811	39.360925	151.647	29.999934057383264
812	41.659294	156.925	27.999999999999996
813	39.802498	158.228	28.99992416007281
814	43.763353	164.523	26.00001215635504
815	43.097290	163.804	26.999951161143805
816	47.989209	176.708	24.000045272426828
817	46.288843	180.025	24.0
818	50.149573	183.939	23.000016309754866
819	49.414488	185.304	23.00004317230065
820	52.029771	191.845	22.00005212541375
821	51.486944	193.409	22.00001034078042
822	54.345354	200.476	21.000019952513018
823	52.554897	200.123	21.99997001843866
824	57.807354	218.020	19.999999999999996
825	55.967065	216.167	20.99996761762896
826	59.108814	224.485	19.999999999999996
827	57.087007	228.185	20.0
828	61.455529	243.961	18.00000819803165
829	58.739828	242.647	19.000028848491844
830	70.630592	311.040	15.0
831	68.940019	310.044	15.99998709860536
832	27.454283	126.495	43.00011858176212
833	26.708329	124.925	44.0
834	29.965828	128.077	38.99997657659065
835	29.969323	128.644	38.99987562575791
836	32.620228	131.833	36.00009102425038
837	31.881148	133.027	37.00000751727093
838	36.829326	139.476	32.99994264246178
839	36.150866	142.956	32.0000559612748
840	39.015953	145.750	30.0
841	37.865546	147.106	31.00009516946964
842	41.107121	152.282	28.000026267057166
843	39.555610	153.317	29.00004565703738
844	44.163812	156.348	27.00002558395374
845	43.692251	157.744	27.000076072624
846	45.873498	165.132	25.0
847	45.789182	163.062	25.99992640836001
848	50.664034	179.632	21.999977732252606
849	50.034793	178.843	23.000061506460973
850	52.999654	184.609	22.000010833708
851	52.480660	185.755	21.9999461656483
852	54.767692	194.005	20.999974227468364
853	53.588535	195.229	20.99995390029145
854	56.726881	204.115	20.0
855	56.452165	205.520	19.999999999999996
856	60.768369	220.189	19.00004087397645
857	59.542176	224.232	18.999964322665807
858	63.227686	230.450	18.000000000000004
859	62.081523	227.742	19.0000087818672
860	64.331830	239.889	17.999991662810714
861	64.278559	246.541	17.000012168361447
862	75.054797	308.307	14.999983782398713
863	71.440169	305.287	16.000026204849863
864	29.154430	126.702	41.00014206563433
865	28.958599	125.332	40.99990425430058
866	31.424152	128.954	37.00001550940645
867	31.287848	128.655	38.00007772725506
868	33.822735	132.183	34.999962173653195
869	33.750834	133.349	34.999887513217196
870	37.596928	142.248	31.000084359709803
871	37.129481	142.322	31.999971894717614
872	40.760637	147.114	28.999959215302418
873	40.608153	147.159	28.999925250919077
874	43.190631	152.441	26.999954080595113
875	43.166741	153.093	26.999928148249758
876	46.013335	156.442	26.000051137162654
877	45.391489	161.244	25.0
878	47.920716	162.492	25.000000000000004
879	47.584043	166.683	24.000047995296462
880	52.381796	179.468	22.00002228809593
881	51.758412	181.077	22.00003313507513
882	55.038218	185.481	20.9999946086122
883	54.650310	188.043	20.999984046202197
884	57.305319	193.570	20.0
885	57.039285	195.425	20.0
886	59.806279	202.437	18.999985180574697
887	59.702749	204.258	18.999990208461845
888	64.329421	218.644	18.000036589158633
889	63.274997	224.317	17.999973252138712
890	66.409130	231.800	17.0
891	64.908254	237.247	17.000004215016414
892	69.670446	243.456	16.000016430073607
893	69.018072	240.582	17.000024939521662
894	78.374055	301.260	15.0
895	77.584731	310.750	14.0
896	30.208706	126.825	40.0
897	30.263173	125.695	40.00000000000001
898	32.798247	127.659	37.000133167265915
899	32.510860	128.514	36.99985993743872
900	35.241160	132.638	34.00006031454033
901	35.114610	133.618	33.99991019174063
902	40.115746	141.533	30.000070654900274
903	39.792621	144.148	29.000055498515415
904	42.734700	146.761	27.99994548960555
905	42.123617	147.864	28.00005410377103
906	44.770802	151.696	27.000052737053053
907	44.650628	154.831	25.999961248070477
908	47.658813	157.832	25.000000000000004
909	46.834466	159.720	25.0
910	50.022931	165.765	23.00003016318282
911	49.733589	164.279	24.000024348821213
912	54.991825	179.386	20.99996655257378
913	54.786354	180.676	21.000022139077686
914	57.312607	182.971	21.00004918812271
915	57.736436	183.329	20.99995090793055
916	59.527054	195.868	19.000040843833602
917	59.444326	193.005	20.0
918	61.866113	199.384	19.000020061790316
919	61.947800	201.179	18.999995029302262
920	67.236685	214.083	18.000028026513082
921	66.734631	216.539	17.99999076378851
922	69.132588	225.894	17.000008853710145
923	69.455909	235.150	16.0
924	71.840571	239.456	16.00001670453027
925	71.517228	242.119	15.999983479198246
926	80.899651	306.550	13.999999999999998
927	81.861688	302.743	13.9999933937366
928	31.081112	125.990	38.999920628621325
929	31.167219	125.028	39.00006398566721
930	33.610701	128.744	36.00012427763624
931	33.829103	129.717	35.00003854544894
932	36.330951	133.033	33.000082686250785
933	36.238806	133.861	32.99990288433524
934	41.372177	142.266	28.99990159279097
935	41.611735	142.541	29.000077170778933
936	43.746848	147.844	27.000081166635105
937	43.398466	148.263	26.999993255228883
938	46.509055	152.319	26.000039391014912
939	46.020816	153.658	25.99994793632613
940	48.423993	160.383	24.000049880598315
941	48.573235	160.583	24.000049818473936
942	51.526375	165.322	22.999963707189607
943	51.528618	169.064	21.999952680641652
944	56.489090	177.695	21.000028138101804
945	56.485901	179.457	21.000016717096575
946	59.133013	189.426	19.00003167463812
947	58.825736	187.000	20.0
948	61.518974	193.532	18.99995866316681
949	61.733242	194.763	19.000015403336363
950	63.865673	198.116	18.999979809808394
951	64.127581	203.650	18.0
952	68.894211	219.224	16.99996350764515
953	69.242418	225.131	16.00001776743318
954	71.449653	230.069	15.99998261391148
955	72.033658	230.012	16.000034780794046
956	73.733857	237.781	16.000016822201943
957	73.995878	236.781	16.000016893247345
958	83.680592	313.431	12.999990428515368
959	84.392161	298.057	14.000006710125914
960	31.749241	126.124	37.99990485553899
961	31.776031	126.857	36.99992905397416
962	34.238332	129.560	35.0
963	34.232470	130.017	35.000038456509536
964	37.055739	133.866	31.99991035811931
965	36.970049	133.445	33.000112405860094
966	42.386615	143.111	27.999944099335483
967	42.605643	144.071	28.000083292265618
968	44.945240	147.230	26.999932079059974
969	44.994168	149.823	26.000013349085254
970	47.815358	153.376	25.0
971	47.321474	154.480	25.0
972	49.819038	159.033	24.000050304024953
973	49.905469	159.742	23.999949919244784
974	52.947094	166.650	22.0
975	52.937925	166.468	22.000024028642144
976	57.799693	181.275	20.0
977	58.339868	180.575	20.0
978	60.327633	188.042	19.000010635921765
979	61.004986	188.442	19.00001061334522
980	63.158140	191.916	18.999979157548093
981	63.150829	196.944	18.000040620684054
982	65.643005	199.972	18.00002000280039
983	65.731786	207.388	17.000019287519045
984	70.775468	223.331	16.000017910634888
985	70.918194	222.681	16.00001796291556
986	73.018973	221.347	17.00000451779333
987	73.564913	228.713	15.999965021664707
988	75.846067	242.200	15.0
989	75.069363	245.940	15.0
990	85.820393	303.131	12.999990103288678
991	86.344572	310.554	12.999993559896186
992	32.288986	127.159	37.00013369089093
993	32.977341	126.086	37.00014275970369
994	35.523995	129.771	33.99989211765341
995	35.668148	129.679	34.00010795888309
996	37.798810	133.550	32.0
997	38.041488	133.791	31.999910307868245
998	43.271717	144.737	27.000006909083375
999	43.825865	142.932	28.000027985335684
1000	46.229289	147.954	25.99997296457007
1001	46.577801	150.320	25.0
1002	48.637236	153.340	25.0
1003	48.957213	155.246	23.99997423444082
1004	51.881669	158.883	22.99994335454391
1005	51.954879	159.765	23.00003129596595
1006	54.847126	164.205	21.9999391005146
1007	55.049497	164.768	22.000024276558555
1008	59.674331	178.755	20.0
1009	60.311762	178.780	20.0
1010	62.559764	188.900	18.0
1011	62.589107	187.732	18.99995738606098
1012	64.800088	194.639	17.99998972456702
1013	65.203614	195.800	18.0
1014	66.618219	206.088	17.000019409184425
1015	68.112564	204.000	17.0
1016	72.507670	220.469	15.999981856859694
1017	73.529718	220.412	16.000036295664483
1018	75.199249	225.588	15.99996453712077
1019	76.679335	224.312	16.000035664610007
1020	77.906479	240.447	14.999979205396615
1021	78.408208	240.647	14.999979222678862
1022	87.612197	300.038	13.000019997466987
1023	88.635004	312.358	12.000012805818965
