-1	0	90	0
0	19.505324	94.464	25.0
1	19.587147	96.056	25.0
2	21.171274	95.704	23.000083591072475
3	21.152641	96.182	21.999958412176913
4	22.926028	96.671	21.000093099274856
5	22.797546	96.395	21.000051869910266
6	26.116346	98.716	18.9999594797196
7	26.159495	97.195	18.99994855702454
8	27.717380	99.067	17.999939434927878
9	27.695912	99.383	18.000060372498318
10	29.293618	100.147	17.000009985321576
11	29.444577	106.919	15.999962588501576
12	31.220195	106.327	14.99995297525558
13	31.159797	99.953	15.000050023511049
14	32.783895	101.064	14.000039578880711
15	32.968218	101.429	13.999940845320372
16	36.132113	103.169	13.000029078502264
17	36.189724	104.392	13.000038317112422
18	37.826814	105.223	13.000009503625634
19	37.891516	105.438	13.000056905479997
20	39.614797	106.475	12.000000000000002
21	39.457159	107.527	11.000027899969309
22	40.185082	106.091	10.999990574129757
23	41.038452	108.245	11.00004619151
24	44.410230	108.890	10.0
25	44.177919	110.820	10.000000000000002
26	46.109794	110.180	9.999999999999998
27	46.095467	111.460	10.0
28	48.055588	111.856	8.999964239736805
29	47.699448	112.322	9.000017805950748
30	62.141115	137.929	6.999978249679183
31	62.112293	135.971	7.0000220635282515
32	12.222048	96.478	39.999792698853625
33	12.330149	96.550	40.0
34	13.549415	97.536	36.00004101049869
35	13.415667	97.489	37.00007180297264
36	14.609184	98.991	34.000060611570746
37	14.572836	98.691	32.999969602091376
38	16.776070	101.007	28.99997029908818
39	16.808396	100.572	29.000119317503877
40	18.024563	102.304	25.999960900844542
41	18.055680	102.189	26.99997064263277
42	19.186551	105.342	26.000075943118606
43	19.051543	103.356	25.000000000000004
44	20.361273	104.379	24.00003832188467
45	20.401079	104.048	22.999961556204827
46	21.450324	105.157	22.99989539450536
47	21.632507	105.482	21.999962078838095
48	23.876618	107.375	20.0
49	23.719126	107.933	21.000064855048965
50	25.058362	109.947	19.000063667039573
51	24.791659	109.260	19.999999999999996
52	26.243044	110.642	19.000018076318213
53	26.230887	110.689	19.000081308892483
54	27.094100	111.683	18.00005372348522
55	27.306761	111.365	16.999955102590583
56	29.377494	115.456	16.000034645232816
57	29.595390	114.125	16.0
58	30.415562	116.119	15.999965552579681
59	30.685643	117.373	15.000042599234916
60	31.561123	117.827	14.999957564904479
61	31.553168	119.353	15.000041892537263
62	39.065511	139.667	11.999971360450214
63	39.028243	141.933	12.000028182311373
64	13.225557	98.200	37.0
65	13.170884	96.641	36.99982409122422
66	14.495253	98.885	34.00010112757243
67	14.454963	99.435	34.00010056821039
68	15.624475	99.897	30.99992992782566
69	15.596471	100.110	30.999900109879135
70	18.048634	102.219	26.00005869750242
71	18.131062	102.200	27.0
72	19.286952	106.032	25.000000000000004
73	19.108483	108.646	26.000036816817925
74	20.434554	104.317	23.00008627548722
75	20.381790	104.017	23.999923089494988
76	21.562974	104.941	21.999980941671986
77	21.598775	105.655	21.999905352325968
78	22.782990	106.852	21.000074869913526
79	22.666551	107.176	21.000037321788458
80	25.030780	110.063	19.000027257116376
81	24.976808	109.958	18.999981811237017
82	26.023037	111.361	18.00001795960884
83	26.099896	111.472	18.000035883450554
84	27.276624	113.133	18.0000530349235
85	27.281750	112.817	17.99994681652588
86	28.449650	115.362	16.000069346925333
87	28.474729	114.741	17.000026145841503
88	30.790850	117.669	15.999966006339818
89	30.780902	117.756	16.000033968545125
90	31.928096	119.340	14.999999999999998
91	32.037771	118.521	14.00005062394006
92	32.994939	121.887	14.999958978398023
93	33.168841	121.600	14.000000000000002
94	40.658304	147.118	11.00001359452956
95	40.557389	147.882	10.9999864757036
96	14.010633	99.694	35.00010030693924
97	13.872019	99.183	36.00012098847584
98	15.240158	99.922	31.999959968775645
99	15.253799	100.244	31.999920194724872
100	16.491993	103.121	28.999912723887473
101	16.488286	101.440	30.0
102	18.850193	102.919	26.0000582982734
103	18.920249	104.888	24.999999999999996
104	20.107967	106.004	24.000037734425113
105	20.012272	103.900	23.999999999999996
106	21.513554	105.977	22.0000566160582
107	21.524750	106.017	23.000084892045617
108	22.574680	108.062	20.999981492106386
109	22.534722	107.595	21.0000464705609
110	23.766044	108.920	20.0
111	23.860067	109.030	20.0
112	26.235934	112.111	18.000017839462675
113	26.400754	112.361	18.000017799770383
114	27.334686	113.888	17.00003512222534
115	27.121850	114.024	16.999929839332072
116	28.533503	115.471	16.999939378718466
117	28.570402	115.082	17.000052136737285
118	29.762507	117.500	16.0
119	29.824915	117.681	16.00003399019383
120	32.156628	120.121	14.00004994963412
121	32.128541	121.727	14.999958924478547
122	33.265087	123.329	13.999951349642014
123	33.295529	124.193	13.999983896032788
124	34.257391	126.823	13.000007885005086
125	34.501935	126.057	14.000015865838469
126	40.448811	146.442	11.999972685431775
127	40.266567	145.650	12.0
128	15.189839	100.678	32.000039730626355
129	15.250927	100.084	32.0001198992846
130	16.565493	101.441	29.000108437416824
131	16.364814	102.027	29.999901986729004
132	17.833235	102.133	27.00008812039204
133	17.865137	101.185	27.000049414438898
134	20.492455	104.908	24.000076257292104
135	20.344620	104.942	23.999923767414383
136	21.736007	106.700	22.0
137	21.779926	106.782	21.99996254050308
138	22.857914	107.633	21.000065035816156
139	22.959676	107.919	21.000009266208917
140	24.353013	109.620	20.0
141	24.325608	109.170	20.0
142	25.714312	111.174	18.99994603054671
143	25.711827	110.758	18.999981942613626
144	28.235806	113.553	16.999991193539582
145	28.148623	114.288	17.000034999300016
146	29.437191	116.794	15.999965751665327
147	29.415217	115.700	16.0
148	30.756263	119.460	15.000000000000002
149	30.800250	119.773	15.000041745635494
150	32.145881	121.379	13.999950568055429
151	31.808719	120.887	14.999958639059617
152	34.473728	126.046	13.000015867223077
153	34.535652	125.464	14.000031881655296
154	35.868271	126.954	12.999984246262427
155	35.654193	129.623	13.000007714680265
156	37.167724	131.167	11.999969504524765
157	37.130780	130.300	13.0
158	43.222332	153.355	10.99996739591145
159	43.052722	152.555	10.999967224935268
160	15.228217	101.109	32.0001186837967
161	15.255580	102.447	31.999960955420853
162	16.540674	101.737	29.999901707343444
163	16.515498	100.883	28.999930612689948
164	16.575620	104.103	29.00012487632441
165	17.814331	103.493	26.99989371261825
166	20.366657	105.421	23.999962056895683
167	20.332732	105.825	24.0
168	21.691228	107.018	22.00003737688987
169	21.675487	106.923	21.999943884851717
170	22.932022	109.405	20.999954298249623
171	22.926697	108.538	21.000018426726125
172	24.219369	111.042	19.000018011202968
173	24.095131	110.510	19.999999999999996
174	25.528916	111.963	19.000026794566065
175	25.497809	111.595	18.99995519512523
176	28.067117	116.153	16.99999139066576
177	27.995358	116.629	17.000060019377685
178	29.329330	119.013	15.999932780452555
179	29.397783	119.456	16.0000334851326
180	30.521732	120.025	16.0
181	30.854555	121.787	14.999958944714953
182	31.856628	123.800	14.0
183	31.840880	122.927	14.999959325453318
184	34.331857	126.586	13.999968400929014
185	34.393329	127.714	14.000031319980582
186	35.683973	132.177	12.999992434387224
187	35.690796	129.700	14.0
188	37.082797	133.231	12.999977482717986
189	36.996999	132.423	13.000007551558264
190	42.010636	155.536	11.000025717518774
191	42.053876	153.591	10.99999348920184
192	14.918746	102.018	33.000058813150616
193	14.899029	102.855	32.999854163628406
194	16.165534	106.993	30.0000934640584
195	16.142373	102.716	31.000038942326416
196	17.400348	103.879	27.99988448098268
197	17.362274	104.004	27.99988461982231
198	19.889272	106.717	23.99992503537393
199	20.035022	107.087	24.000112058419788
200	21.241281	108.778	23.000055158212138
201	21.124957	108.805	21.999908092458984
202	22.380479	110.014	21.999927281982295
203	22.326010	109.490	21.000091332541786
204	23.599842	111.848	20.999928474358057
205	23.584475	111.719	21.00000895102892
206	24.863949	114.132	18.999929905723196
207	24.874232	114.053	18.99993862502521
208	27.320759	118.118	16.999949203339035
209	27.364203	117.683	18.00005098442426
210	28.610803	119.606	16.999983278430847
211	28.516100	120.665	16.999958562963577
212	29.821540	122.037	16.000065553889392
213	29.797816	122.363	15.999934620759543
214	31.000044	125.273	15.000039912830378
215	31.003672	125.573	15.000039817476686
216	33.574054	131.100	14.000000000000002
217	33.539819	131.286	13.999969532166416
218	34.832398	132.693	13.99998492761487
219	35.077158	132.686	13.999969853639419
220	35.988774	135.408	12.99997045964788
221	36.293075	142.692	13.00002803240546
222	40.833323	159.483	12.00002508104312
223	41.027342	158.609	11.000006304812462
224	14.854575	102.721	33.000068145754035
225	14.844787	101.961	32.99987250026971
226	15.833303	103.735	31.000144599219166
227	16.054299	103.373	30.000096737058996
228	17.311064	104.696	28.00011461755941
229	17.303158	104.397	28.999875475348908
230	19.784672	107.167	23.99992535015443
231	19.790507	107.467	23.999925558543552
232	20.966362	109.487	22.999990866495565
233	20.983164	109.513	23.000009131336007
234	22.260831	111.282	21.999964055282973
235	22.407393	110.923	21.999945908422962
236	23.517962	113.148	20.999929296143105
237	23.444444	112.819	21.000008863755216
238	24.700800	115.421	19.00000866393464
239	24.713116	115.353	18.99993931670611
240	27.176639	119.572	18.000033452647777
241	27.156047	120.006	16.999983334166625
242	28.633924	122.259	16.999975461929182
243	28.436150	121.606	16.999983553443087
244	29.628855	125.038	15.999936019450088
245	29.597859	125.675	16.0
246	30.883012	128.180	15.0
247	30.853909	126.312	16.000063335233392
248	33.261637	134.293	13.99998510719099
249	33.492587	132.536	13.999969819520734
250	34.559221	136.393	13.999985336490875
251	34.489207	135.457	14.000014764833121
252	35.753267	138.793	13.99998559005137
253	35.793584	147.392	13.00002713851498
254	40.778108	185.545	11.000026947640734
255	40.615092	164.336	11.000024340375814
256	14.905779	104.091	32.999971179064474
257	14.786503	103.597	32.999990347210826
258	14.921732	104.421	33.00006703632411
259	14.905180	104.800	33.0
260	16.149076	105.816	31.000037801466696
261	15.880794	105.603	31.00006628599566
262	18.353350	107.767	26.99991648649401
263	18.341821	109.127	25.99998167272994
264	19.400747	109.120	25.0
265	19.087768	110.460	25.0
266	20.513502	111.267	23.999928100874474
267	20.343070	110.958	24.00007209935291
268	21.615154	113.559	22.000017611990245
269	21.506344	112.905	21.999911429963245
270	22.995702	115.700	20.999999999999996
271	22.749067	114.619	21.00000872455701
272	25.173368	116.558	18.999982841160623
273	25.289286	116.826	19.000051358430486
274	26.017794	118.426	19.000050664550013
275	25.378416	118.542	19.000016871657305
276	26.686947	119.050	18.0
277	26.806932	120.050	18.0
278	27.570035	123.183	18.000048708019776
279	26.984074	122.211	18.000016365138983
280	28.687550	127.719	15.999968681245548
281	29.586491	126.144	15.999968290208015
282	29.908459	126.981	16.00003150077571
283	29.891618	126.275	16.0
284	30.518709	128.527	14.999961097668196
285	30.564341	125.819	15.999968208299222
286	36.489049	147.346	13.000013573493682
287	38.184411	148.925	11.999999999999998
288	13.758911	105.126	34.9999048760535
289	14.078557	103.571	35.0001448281855
290	13.323571	103.949	36.99987493867185
291	12.532927	104.359	38.99999041769277
292	14.476540	105.200	34.0
293	13.868172	106.029	34.9998585292703
294	16.054709	108.813	30.000091900783914
295	15.862624	109.465	30.999862969899056
296	16.564852	109.383	28.9999360046808
297	16.931789	110.534	29.00012665786093
298	18.259101	111.463	26.999991028413017
299	17.889467	111.130	26.999910015297402
300	18.838509	112.942	26.000070832816846
301	20.073705	115.096	23.999965246403004
302	20.312694	117.121	23.99996584728614
303	20.535369	116.870	22.999914434842132
304	20.576232	119.313	23.000008381316366
305	19.790056	118.148	25.0
306	21.575153	124.727	22.000048105061452
307	21.265373	123.139	23.000024362712058
308	26.612975	137.056	17.999941629698807
309	20.487897	120.267	23.999933481337358
310	21.282358	122.523	21.999951029602606
311	21.542485	124.600	22.0
312	22.990569	129.024	20.999968998015873
313	22.952185	129.371	21.000069567368268
314	24.991554	138.237	18.999978298140153
315	22.618792	128.000	21.0
316	23.444744	130.685	20.0
317	23.310377	127.662	20.999984333630994
318	26.272436	154.389	17.999987045709215
319	27.037041	158.233	18.000037918765365
320	14.145167	104.957	35.000047638556744
321	13.599226	104.347	36.00007666727362
322	14.472710	105.524	33.99984837572495
323	13.403971	105.562	37.00005683863512
324	14.618050	106.924	33.99985036100408
325	15.092935	107.584	32.00011154074955
326	16.070798	110.213	30.999972779980585
327	17.680109	109.993	26.99989999363596
328	18.067574	112.181	27.000115884151505
329	17.252707	111.634	29.000125409821383
330	19.442596	113.412	25.0
331	17.121933	113.914	28.00007022841793
332	20.603056	117.204	23.00006825705607
333	19.092136	115.265	26.000086756604347
334	20.988069	119.009	22.999941180919087
335	19.115806	117.488	26.000102138090696
336	21.875522	124.177	22.000048318126545
337	21.972382	123.545	22.00008094216682
338	22.195459	126.624	20.999968410411928
339	20.594291	123.787	22.999991921607275
340	21.665038	124.905	21.999919939153756
341	21.481342	125.287	22.999992018325923
342	22.084895	129.624	20.999969141517003
343	20.963347	126.761	22.999976333414853
344	23.106754	134.519	21.000007433894098
345	22.599860	131.538	21.000015204731714
346	23.397252	136.419	21.000007330357207
347	22.247210	133.595	22.000074853100788
348	23.454807	139.429	20.999935451018082
349	23.047987	136.924	20.999970786713796
350	25.518554	169.884	19.000023545478093
351	25.299608	169.253	18.999958641796603
352	14.371673	105.706	34.99990539799065
353	14.119838	104.982	34.00011430530948
354	14.303752	105.688	34.00007569449701
355	14.185008	105.966	34.999905630107776
356	15.021985	107.270	32.99990677729095
357	15.106582	107.509	32.000111618562165
358	17.778494	112.722	27.000053228296164
359	17.368049	114.968	27.99996520770997
360	18.597942	112.369	26.000053395509436
361	18.448175	112.269	26.000053443069767
362	18.168808	114.378	26.999947542359543
363	19.569114	114.416	25.0
364	19.708200	115.429	24.000034653336684
365	19.864691	116.268	25.0
366	18.623571	119.127	25.999983211194778
367	20.070111	118.325	24.0
368	21.464944	124.436	22.000064290076825
369	19.366733	124.616	25.0
370	22.230063	126.464	21.999936740890686
371	20.991891	127.122	22.99995280124605
372	22.292613	130.629	20.999931102588246
373	19.284604	129.452	25.0
374	18.964096	131.981	25.999954538910906
375	21.920579	134.167	20.99994782621658
376	20.429939	138.771	23.999971175533794
377	21.877998	139.182	21.999971260651524
378	22.554568	143.205	20.99996508501798
379	23.214859	142.886	20.999958008482288
380	24.076212	145.060	20.0
381	23.551599	146.430	20.0
382	26.278161	174.839	17.999988560904605
383	23.808243	171.345	20.0
384	14.492206	105.747	34.00001891306609
385	14.437027	105.321	33.99986707304336
386	14.236135	106.291	34.00005644880564
387	14.478387	106.156	33.99996231960511
388	15.027792	108.078	32.000037010307366
389	15.142205	107.547	31.99996280695882
390	17.134320	110.125	28.0
391	17.000104	111.752	28.99992841291431
392	17.076479	113.514	28.00007047588844
393	17.776226	112.932	28.000035419544503
394	19.429170	114.968	24.999999999999996
395	18.552407	115.096	26.000034753596996
396	19.109143	116.476	25.0
397	19.782050	116.428	25.0
398	21.093240	118.483	22.999924039735657
399	20.736276	119.439	23.000025117423956
400	22.477671	123.318	22.000032436465073
401	20.789113	125.448	22.999968114278428
402	20.695789	127.609	22.99994514493492
403	22.035701	127.145	22.000078650359825
404	20.124281	130.362	24.00009205136466
405	22.312992	130.652	21.000061231362704
406	20.620986	132.517	23.999939630387047
407	20.390675	133.892	23.99994025035103
408	28.185160	146.182	17.00004104472507
409	24.659077	143.868	19.000055606528207
410	23.510563	142.329	20.99993676622473
411	22.955995	141.471	21.000063617278453
412	25.043148	146.895	18.999965962081756
413	21.478782	145.768	22.000027440864937
414	25.772972	171.989	19.000052328928014
415	23.716054	174.420	20.000000000000004
416	14.537385	105.585	34.000094710422886
417	14.520291	105.130	33.00009512032722
418	14.258721	106.653	33.99998124759735
419	14.277239	106.460	35.0
420	15.178163	107.956	32.0000741042647
421	15.501791	107.559	32.00011156667504
422	17.524080	111.025	27.999999999999996
423	17.575394	111.475	28.000000000000004
424	18.401443	113.308	25.99992939598263
425	18.355758	112.870	27.00008859750155
426	18.777467	113.804	25.99996485185055
427	19.340628	115.676	25.0
428	19.180671	117.284	24.999999999999996
429	19.671647	117.220	25.0
430	21.707373	119.641	21.999983283322607
431	20.613006	119.500	24.0
432	22.008602	124.345	22.000080421408178
433	20.850621	125.513	23.000007967302192
434	22.062418	127.805	21.99992175579985
435	21.284281	126.996	22.99993700588995
436	23.986151	130.215	20.0
437	21.011699	131.317	23.00006853644235
438	23.969644	133.620	20.0
439	22.419738	132.968	22.00003008242585
440	24.142702	140.895	20.0
441	23.878080	138.970	20.0
442	22.172201	142.182	21.99997186704365
443	23.217970	143.867	20.999951343949622
444	22.379859	144.564	21.999944661188128
445	25.092014	147.453	18.99995252724597
446	25.092394	172.558	18.999988409694133
447	26.657187	170.889	17.999988296496554
448	14.494233	105.956	33.9999622484805
449	14.512228	105.444	34.000037934827965
450	14.412664	106.318	33.99988713105965
451	14.523534	106.474	33.99984972857223
452	15.660806	108.277	31.000120062432465
453	15.534182	107.116	31.0000373426939
454	17.097195	110.928	28.9998918217222
455	17.320217	110.639	28.000072307233438
456	18.339584	112.841	26.9999379658103
457	17.931547	113.867	26.999920960418734
458	18.915647	113.880	25.0
459	18.759777	114.642	26.000069782453203
460	21.830874	122.186	22.00006547394955
461	19.462885	117.580	25.0
462	21.370542	118.873	21.999949525964684
463	20.941130	118.991	23.000058827978588
464	20.742586	124.571	23.999967889797784
465	21.622313	123.970	22.999919335323064
466	22.838433	127.219	21.000007860461096
467	21.494324	128.882	21.999968963858414
468	22.840100	130.948	20.99993890704707
469	22.822082	132.405	20.99996223707564
470	22.509922	132.650	22.0
471	22.285235	134.467	20.99994794261789
472	22.624646	140.033	21.000049988217064
473	23.230759	140.952	21.000056756910155
474	24.564595	142.180	20.0
475	24.044398	144.575	20.0
476	24.085426	146.635	20.0
477	24.494650	148.426	19.000040424184444
478	25.947056	170.842	19.00001170672317
479	26.544047	171.717	17.999965058788586
480	14.561500	106.803	33.00000936303287
481	14.473601	105.365	33.99990509182366
482	14.467417	106.900	34.0
483	14.411043	106.885	34.00009355849745
484	15.522388	109.758	31.000018221906377
485	15.414733	108.338	31.999852314054166
486	17.287649	111.671	28.000107458516535
487	17.545078	112.036	27.99992859438038
488	18.344588	113.285	25.99991172706007
489	18.177031	113.226	26.99998233621253
490	19.347308	114.572	25.0
491	19.045289	115.581	25.99994808835362
492	20.285221	117.226	23.000017061061538
493	20.231017	116.863	23.999897315660217
494	21.469044	118.613	23.000008430779086
495	20.916454	120.935	22.99995865547608
496	23.046293	124.780	20.0
497	21.158534	125.583	22.999928334249063
498	22.745980	127.971	21.000070328433786
499	21.885022	129.418	22.000030907601722
500	23.614528	130.095	20.0
501	23.011773	130.486	20.999954018055575
502	23.229245	133.060	20.0
503	23.035714	134.076	21.000029833825593
504	24.505597	140.400	20.0
505	23.805277	139.662	20.99998567971245
506	24.960036	142.605	20.0
507	25.006987	142.289	19.00006325155142
508	25.514677	146.458	18.999986344207894
509	25.147840	147.958	18.99998648265048
510	26.775089	174.161	18.00001148362722
511	26.704567	172.933	18.00003469551792
512	14.528069	106.262	33.9999247143852
513	14.477832	106.188	34.00007533807963
514	14.755520	107.079	32.99993462770478
515	14.542383	109.959	33.99994543420729
516	15.514661	108.122	31.99996300475389
517	15.392993	108.119	31.00010173974972
518	17.371612	111.796	28.00010733836631
519	17.295156	110.704	27.99989160283278
520	18.211165	113.763	26.9999912097958
521	17.997856	114.281	27.00011375469238
522	19.056008	114.572	25.0
523	18.961142	115.338	26.000104042032984
524	20.236561	117.913	23.000008480829088
525	20.066978	117.700	24.0
526	21.565477	119.400	22.999999999999996
527	20.789802	119.983	24.000066676112446
528	22.704335	124.738	21.00001603360644
529	21.850715	125.495	22.00007968444958
530	23.425259	125.695	21.000039778829706
531	22.222333	127.668	22.00003133126547
532	22.899891	131.757	21.000022769188735
533	22.451962	131.645	22.00007596186714
534	23.611298	133.770	20.0
535	22.994502	135.100	21.0
536	24.525378	140.237	18.999978607642777
537	24.023227	140.460	19.999999999999996
538	25.368256	142.084	19.000028152360574
539	25.027043	143.658	18.999986078046472
540	25.133146	147.432	18.999945737696024
541	24.498967	149.053	18.999953036839244
542	26.808338	173.961	18.00001149682975
543	27.273673	171.456	17.999953340798804
544	14.495775	105.915	33.99990558466695
545	14.532755	105.167	32.99989540445197
546	14.532518	106.800	33.0
547	14.714266	106.770	32.999906340732416
548	15.551028	108.452	30.99988935197138
549	15.703231	107.931	32.000074121429435
550	17.310841	111.289	28.000071884912256
551	17.426469	112.111	27.999928642149296
552	18.488056	113.800	26.000000000000004
553	18.436107	113.707	27.0000967398665
554	19.117769	115.324	25.0
555	19.281582	115.536	25.0
556	20.420828	116.525	23.999999999999996
557	20.452784	117.435	22.999957423255417
558	21.059127	119.200	23.0
559	20.771000	119.317	23.000075429318542
560	22.524248	123.873	21.999951563294662
561	22.481195	123.700	22.0
562	22.776477	127.629	20.999929483111202
563	22.184520	127.759	22.00001565447444
564	22.969037	129.124	20.99996902202534
565	22.719661	130.019	21.000007691183598
566	24.234590	132.670	20.000000000000004
567	23.132954	134.590	20.0
568	24.790622	139.447	19.00005019828322
569	26.156519	141.928	17.999971816695787
570	30.661440	157.440	15.0
571	25.436787	144.605	19.000034576951006
572	24.930295	149.626	19.000040099982623
573	25.589249	145.216	18.99997245482591
574	27.328100	172.835	17.000028929325655
575	26.715618	171.900	18.0
576	14.501891	105.650	34.0
577	14.479971	105.862	33.999924429918195
578	14.551473	106.332	34.00011285407968
579	14.632011	106.130	33.00009422406483
580	15.636041	107.341	31.999888206742998
581	15.539707	107.819	31.000102022834565
582	17.562410	112.350	28.000000000000004
583	17.812397	111.037	27.000009006007005
584	18.169640	113.115	26.999955797197543
585	18.047985	113.670	27.000087973959708
586	19.296009	114.316	25.0
587	18.817586	114.604	25.999965097204285
588	20.216894	117.948	22.999966086750096
589	20.421283	116.933	24.000068415246336
590	21.427041	119.195	22.000083896136587
591	20.707828	120.225	24.000000000000004
592	22.840532	124.852	21.000064075865826
593	22.342059	124.995	21.000040001600063
594	21.810683	128.868	22.0000310395133
595	21.358870	128.174	22.9999843962114
596	21.235048	153.318	22.000026089565477
597	23.406089	129.800	21.0
598	23.948216	131.995	20.0
599	23.007611	133.214	21.00004504031108
600	25.163200	139.395	18.9999641307077
601	24.778656	140.889	19.000063880075803
602	25.963695	143.517	17.999958193106046
603	25.151276	143.858	18.999986097401607
604	26.325968	148.200	18.0
605	25.750052	146.163	19.000020525030273
606	26.424876	176.156	17.999954585708124
607	27.292825	173.067	17.999965331345663
608	14.474129	106.424	33.999849657971886
609	14.559152	105.648	33.00015144631229
610	14.591661	106.570	32.999906164962
611	14.422006	107.282	34.00011185473798
612	15.588022	108.413	30.999972328041842
613	15.495603	106.858	31.000018716427405
614	17.560290	112.281	27.000115780942455
615	17.378207	111.961	27.99992854654746
616	18.348100	112.907	27.00009742531464
617	18.248798	113.865	26.000087823299523
618	19.003900	115.977	25.99998275520146
619	19.178260	115.528	24.999999999999996
620	20.288447	117.250	24.0
621	20.016229	116.096	23.999965545755238
622	22.027997	123.473	21.999951406380344
623	21.812117	125.450	22.0
624	21.723788	125.352	23.00003191014104
625	22.459411	124.573	21.999951835469965
626	22.893911	125.719	21.00000795424717
627	22.253017	128.136	22.000062433664233
628	23.316455	129.743	20.999976877365253
629	22.967966	129.833	21.000053915414416
630	24.169208	132.700	20.0
631	23.516590	133.155	20.0
632	25.090368	139.079	18.99999280984189
633	24.504628	140.658	18.99998578111448
634	25.157956	144.737	18.999979272749886
635	25.349318	143.858	18.999986097401607
636	26.309872	144.516	18.99997232140386
637	25.687025	145.026	19.000041371891935
638	27.332753	174.089	17.999988511623364
639	27.552941	171.050	18.0
640	14.527370	106.509	33.99994366673239
641	14.497344	105.368	33.999886113431025
642	14.514227	106.100	34.0
643	14.737073	106.403	33.000009398231256
644	15.596163	108.178	32.000036976094954
645	15.647962	107.484	30.999962785158722
646	17.277760	111.457	28.00003588827979
647	17.774231	111.611	27.999928322477174
648	18.470085	113.254	25.999964681159163
649	18.423989	114.473	26.000017471368796
650	19.172072	114.858	25.99993034877849
651	19.158710	116.116	25.0
652	20.579270	117.008	24.000068371393407
653	20.225453	117.050	24.0
654	20.804095	120.675	24.0
655	21.443190	120.264	21.999933479678045
656	22.190843	123.809	22.000016153914498
657	22.039281	125.505	20.99996016094976
658	22.970963	125.852	21.000063566729175
659	22.821908	127.062	20.99998425965277
660	23.342164	129.685	20.0
661	22.906745	130.186	20.999953912095002
662	23.014225	134.514	21.000044605022524
663	23.967747	133.755	20.0
664	24.816967	137.980	20.0
665	24.721096	138.315	20.0
666	25.459051	142.847	19.000049003479244
667	25.050760	142.300	18.999999999999996
668	25.911783	146.258	18.99998632553433
669	25.538565	145.874	18.999958868612637
670	27.949783	173.953	16.999994251320757
671	27.539095	171.056	17.999953231690206
672	14.508562	106.294	34.00003763147497
673	14.598047	105.452	32.99984827219968
674	14.571507	106.821	33.00006553018601
675	14.429268	106.906	33.999962583952254
676	15.566088	108.635	31.00013807704699
677	15.328180	108.225	32.0
678	17.422801	111.336	27.999928145433643
679	17.537161	115.868	27.99996547795768
680	18.394819	113.192	26.00007067637289
681	18.498856	113.050	26.000000000000004
682	19.183702	117.392	25.000000000000004
683	19.042636	115.320	25.0
684	20.184068	117.525	23.999999999999996
685	20.246693	117.154	24.000034143093703
686	20.858223	120.404	23.000066442975317
687	21.016836	120.113	23.000008325493493
688	22.552451	124.136	22.00006444544693
689	21.441241	125.483	22.99992827713714
690	22.421220	128.423	21.999953279396994
691	22.621086	126.527	22.000047420708622
692	23.925004	129.760	20.0
693	23.464339	128.686	20.999953374881493
694	24.053918	132.055	20.0
695	23.632531	133.315	20.0
696	25.269468	139.111	18.999935303462703
697	24.475340	141.453	18.999950513598154
698	25.326595	142.037	18.999978878742862
699	25.931982	146.183	18.000041044444295
700	25.706281	145.342	19.0000137606473
701	25.680876	144.937	18.999979301351622
702	27.715635	172.435	17.00002899643344
703	28.838982	180.031	16.00002221839572
704	14.570104	106.479	34.000131481324956
705	14.510714	106.191	34.00005650196344
706	14.552906	106.597	34.0000187622541
707	14.548822	105.952	32.99984898822108
708	15.631046	108.526	30.99994471370916
709	15.466540	108.184	32.00011092213266
710	17.326324	111.929	27.999892789178855
711	17.594512	112.133	27.000080261831933
712	18.282796	114.308	25.999930013647337
713	18.431292	113.615	26.999955991726445
714	19.266714	114.520	25.0
715	19.385060	114.264	25.0
716	20.666152	115.626	23.0000172971477
717	20.270485	116.863	23.999897315660217
718	21.032242	120.309	22.99994181648921
719	21.056854	121.065	23.000041300128032
720	22.889805	124.062	20.99998387902823
721	21.717227	124.374	22.9999839194687
722	23.706492	126.735	20.0
723	22.789316	127.457	21.00002353734985
724	24.046727	129.325	20.0
725	23.319016	128.610	20.999922245548557
726	24.050428	132.575	20.0
727	22.739824	137.219	21.00000728762052
728	25.729705	139.028	17.999971228817216
729	24.552333	139.142	19.000014373805175
730	25.821261	141.795	18.999964737825735
731	25.550003	141.353	18.99995047858906
732	24.716197	148.321	19.000006742133614
733	29.855370	156.519	15.999974443997216
734	30.294278	183.627	14.999972770888812
735	28.246382	172.094	17.00001162155566
736	14.483977	106.015	33.999905673725415
737	14.420740	105.162	33.99992392689374
738	14.468851	107.012	33.99992524202893
739	14.519685	106.644	34.00003750797044
740	15.812129	107.523	30.99987909563535
741	15.519549	108.359	32.0001107429932
742	17.559556	111.757	28.000035791941443
743	17.645990	112.063	26.99999107644807
744	18.005826	114.470	27.000087359133396
745	18.121507	113.778	26.999947265727997
746	19.107114	115.504	24.999999999999996
747	19.344362	115.512	25.0
748	20.192833	117.117	23.999931692239386
749	20.135790	117.229	24.00003412124986
750	21.107185	119.709	22.999941524864465
751	20.732550	118.700	23.0
752	22.118769	124.177	22.000048318126545
753	22.329468	123.559	22.000016186599115
754	22.146266	127.959	22.000015630006484
755	22.446109	126.127	22.000047571098975
756	23.038442	128.990	21.000077525389564
757	22.483874	131.586	22.000060796741295
758	25.275497	134.847	19.000051910683958
759	22.563779	134.714	21.999940614932374
760	25.339933	139.068	19.000057525814707
761	24.785409	138.160	20.0
762	25.883740	143.900	17.999999999999996
763	25.136137	142.663	19.000021028577834
764	26.051104	147.683	18.000040627560384
765	25.866089	148.189	17.9999865037216
766	27.655100	173.165	16.99997112580487
767	27.720871	173.406	16.99998846637371
768	14.503058	106.779	34.000131111922755
769	14.503779	105.753	33.99998108800696
770	14.662294	105.855	32.99985829672665
771	14.629449	106.674	33.99985001031179
772	15.699686	107.819	31.000102022834565
773	15.394483	108.334	32.00011076854911
774	17.677830	113.074	27.000017687532058
775	17.444947	112.246	28.000106908041268
776	18.339996	114.319	26.000052484713827
777	18.311948	113.600	27.0
778	19.494109	115.288	25.0
779	19.039415	115.819	26.00005180497155
780	20.240342	117.171	23.999965861860016
781	20.294374	117.600	24.000000000000004
782	20.534943	120.483	22.999925300664824
783	21.015174	119.322	22.999949715894807
784	24.464822	129.520	20.0
785	22.293713	129.968	22.0000307768066
786	23.044759	126.676	21.000031576620668
787	22.586427	126.014	21.9999365149904
788	22.836986	131.038	21.00001526274821
789	23.482601	129.740	20.0
790	24.500754	132.547	19.00005281145556
791	22.868952	135.381	20.999992613439108
792	24.647503	139.611	18.99993553516557
793	25.190854	138.921	19.000007198335744
794	26.709528	141.917	17.999957721766947
795	25.128538	141.955	19.999999999999996
796	26.485621	144.783	18.00004144132944
797	26.679177	145.306	17.999944943773826
798	28.273273	172.894	17.000011567781414
799	28.005155	170.882	17.000035111948595
800	14.518987	106.353	33.999981194700666
801	14.506695	105.853	33.99998110587324
802	14.646197	107.144	34.000037332935115
803	14.675483	105.991	32.99997169571001
804	15.766452	107.774	31.000055672054483
805	15.571445	108.081	30.999898224479786
806	17.521700	111.961	27.99992854654746
807	17.413836	112.732	28.000035482382998
808	18.198348	113.870	27.000087819443223
809	18.379817	113.115	26.000088405604917
810	19.233097	116.364	25.0
811	19.004443	116.508	25.999931335187284
812	20.116403	117.546	23.999965970768887
813	20.258777	118.075	24.0
814	20.361736	121.325	24.0
815	20.663008	120.265	23.000041574855526
816	22.037815	124.036	22.00006449740398
817	21.928890	126.305	21.9999208265706
818	21.797576	129.736	22.000061663686257
819	22.140460	128.277	22.00004677377862
820	22.999140	131.533	21.00005321858393
821	22.229648	131.852	21.00006067408913
822	23.067948	134.343	20.999977669100733
823	23.358566	135.230	20.0
824	24.298075	140.495	20.0
825	24.086046	142.915	20.000000000000004
826	24.673251	143.165	20.000000000000004
827	25.420981	144.722	18.00002763919791
828	25.284404	147.963	19.000020275339107
829	25.097341	148.637	18.999979816600174
830	26.589805	175.135	17.000028549404746
831	27.473211	173.733	18.000034535753137
832	14.586654	105.330	33.000094939713286
833	14.521355	104.529	34.00013393412355
834	14.892116	105.676	32.99992429690753
835	14.649005	106.647	34.00001875345767
836	15.475005	108.394	31.99992619517685
837	15.765337	108.265	30.999861451069133
838	18.362474	115.450	25.999999999999996
839	17.698547	114.600	28.000000000000004
840	18.165231	113.637	27.00000879995072
841	18.387466	113.226	26.99998233621253
842	19.399070	115.040	25.0
843	19.116195	115.408	24.999999999999996
844	20.600023	116.458	24.000068694293223
845	20.250930	117.192	23.99993173595467
846	21.758981	118.074	22.999983061469923
847	21.072483	119.374	22.99998324593295
848	21.948617	124.250	22.0
849	22.651873	123.786	20.999951529252098
850	23.889597	126.230	20.0
851	23.414816	125.285	20.0
852	23.307643	129.705	20.999961450984927
853	22.556616	131.423	21.99995434589075
854	24.625436	133.195	18.999962461053343
855	23.291782	135.060	20.0
856	25.353068	138.263	19.00002169777887
857	23.998848	141.470	20.0
858	25.947470	142.589	17.999985973672583
859	24.846525	143.811	18.99993741786094
860	26.344926	146.183	18.000041044444295
861	26.038802	148.174	18.999959507066016
862	26.521564	174.322	18.00002294604238
863	27.956089	169.529	17.000041290870588
864	14.540033	106.215	33.999905851339264
865	14.531737	105.521	33.99986732498744
866	14.883991	106.376	32.999924795066555
867	14.469085	106.859	33.99994385124323
868	15.785980	108.357	29.999907712468968
869	15.768020	108.328	32.000036924894765
870	17.396900	111.189	28.00007194956336
871	17.292353	111.882	28.000035751952947
872	18.066146	113.678	26.999947219338836
873	18.746493	112.373	26.000017797869592
874	19.068471	114.528	24.999999999999996
875	19.173871	115.492	25.0
876	20.303919	117.333	24.00006818201188
877	20.246740	132.158	24.00006053360372
878	20.474392	121.433	24.00006587995026
879	21.062226	118.991	23.000058827978588
880	23.202161	123.695	21.00004042200574
881	21.781463	123.273	21.99995132754131
882	22.207245	127.738	21.00001565704802
883	23.506287	125.948	20.999936481722617
884	23.496061	128.990	21.000077525389564
885	22.677255	131.976	21.000030308540946
886	23.647569	134.181	20.99999254738003
887	23.369456	133.924	20.999970132313848
888	25.773664	138.263	19.00002169777887
889	25.464378	137.584	19.00002907314804
890	25.921057	142.367	17.999957855401885
891	25.877084	142.522	18.000028065842468
892	26.467822	145.461	18.000013749389872
893	25.062930	148.411	18.999939357594787
894	32.286597	191.293	13.999989544834364
895	27.135693	172.383	18.00003480621639
896	14.526083	105.897	32.99999055686185
897	14.501714	105.697	32.999990538993536
898	14.527950	107.345	33.00013973636406
899	14.687029	106.509	33.99994366673239
900	15.657720	107.468	30.999925559236235
901	15.564290	108.334	32.00011076854911
902	17.804237	109.741	26.999936213448027
903	17.313403	112.321	28.000106836655657
904	18.148447	114.356	26.999895064535313
905	18.701368	113.035	25.999911531826427
906	18.695187	115.638	26.00010377211643
907	19.419387	115.332	25.000000000000004
908	19.852575	118.171	23.999966150747643
909	20.400382	116.854	24.00003423074948
910	20.332451	120.600	24.000000000000004
911	20.768292	119.921	23.999966644707765
912	23.063126	123.695	21.00004042200574
913	22.559060	123.314	21.999935124965535
914	22.443621	127.533	21.00005488775454
915	22.581127	127.833	21.00005475894331
916	23.987957	129.525	20.0
917	22.944826	130.619	21.00000765585405
918	23.301676	134.570	20.0
919	24.739834	136.105	19.000036736343265
920	25.857201	137.816	18.99997097579381
921	25.493962	137.547	19.000050891695203
922	25.709324	141.142	19.000014170126537
923	25.599644	143.311	18.000013955662858
924	25.006808	147.463	19.000020344086316
925	25.127019	147.684	19.000027084856857
926	28.365765	170.882	17.000035111948595
927	27.855624	170.129	17.000041145248606
928	14.538720	105.903	33.99998111479372
929	14.510650	104.771	33.99986637523742
930	14.757621	106.252	32.99984941459926
931	14.598210	106.706	33.99996251382303
932	15.597012	108.281	32.00007388184446
933	15.711005	108.068	30.99992597253581
934	17.959959	111.341	26.999937130077868
935	17.736619	111.296	27.000071880391026
936	17.897944	113.836	27.999929723461822
937	18.054073	114.946	26.00003479894907
938	19.378501	116.416	25.0
939	18.709328	116.012	25.999896562424578
940	19.681427	118.283	24.00006763440224
941	20.119119	116.967	23.999931604640622
942	21.245115	119.991	23.000058337708662
943	20.471368	121.487	22.999991768666607
944	22.045443	124.386	22.000064315919797
945	24.242562	134.725	20.0
946	22.380312	127.895	21.000039094569765
947	23.088922	127.186	20.999952824996463
948	22.351139	132.514	21.00004527823475
949	22.279498	132.505	21.99992453114977
950	24.291038	133.100	19.0
951	24.000064	132.275	20.0
952	25.480321	138.363	19.000021682097092
953	24.428729	140.215	20.0
954	25.810556	142.917	17.99995801759063
955	24.665106	144.235	19.999999999999996
956	25.312824	147.295	18.99996605451645
957	26.062409	145.794	18.000054871942602
958	26.506411	173.206	17.999953812223595
959	27.021959	175.353	16.99999429721761
960	14.527423	106.068	33.999886865029985
961	14.471707	105.082	34.00011419653224
962	14.486249	106.994	34.00003738527394
963	14.439677	106.724	33.99985008058169
964	15.607305	107.568	30.999925628439684
965	15.778827	108.019	31.00010183393662
966	17.206628	112.332	28.000035608731263
967	17.458366	111.536	27.999928274279156
968	17.797231	114.782	28.000034848669653
969	18.244985	113.481	25.99994712771301
970	19.117184	115.031	25.99994784014744
971	18.886721	116.740	25.0
972	19.109526	117.523	26.000017017945424
973	19.753457	119.212	24.00010066100728
974	21.121176	120.665	23.000041437036423
975	20.912051	121.178	23.000049513938173
976	23.052662	123.890	20.0
977	21.874877	124.282	21.999967815130105
978	21.947466	128.350	22.0
979	22.214950	127.290	21.000078560766752
980	22.922331	130.238	21.000015356501176
981	23.686825	129.690	20.0
982	23.745248	134.595	20.0
983	23.778268	134.460	19.999999999999996
984	25.714806	139.206	17.999942531212735
985	25.391602	138.758	18.99998558641664
986	25.062978	143.574	18.999958209703706
987	24.639392	145.979	18.999993149699613
988	26.600281	145.889	17.999986290947227
989	25.419410	147.211	18.999938863264294
990	27.696897	171.206	16.99998831816642
991	26.938928	174.956	17.99995427421752
992	14.475482	106.076	34.000150835250196
993	14.569876	105.273	32.9999145079935
994	14.479129	106.682	34.00011248383045
995	14.539925	106.562	33.99992492633397
996	15.383492	108.647	31.99996318352094
997	15.582230	108.042	30.99998148868033
998	17.340215	112.186	27.999928689854347
999	17.373802	112.268	27.999964370969465
1000	19.448675	119.376	25.0
1001	18.284328	113.811	27.000026359490732
1002	19.200145	115.858	25.99993094995598
1003	19.131240	114.800	25.0
1004	19.294918	118.104	25.0
1005	19.822117	117.762	24.00010190044327
1006	21.271490	118.752	23.000033683643224
1007	20.412115	121.070	22.9999174031552
1008	22.394902	123.127	22.000048730172914
1009	21.260818	126.232	21.999968312313833
1010	23.873156	125.930	19.999999999999996
1011	23.120532	126.714	21.000047350726835
1012	23.717271	129.635	20.0
1013	22.728834	131.705	20.99996203636916
1014	23.798010	133.175	20.0
1015	22.875157	135.471	21.000066434882743
1016	25.376654	139.994	18.00005714530623
1017	24.222386	141.160	20.0
1018	25.446682	142.889	19.00006298595413
1019	24.984604	143.537	18.99997909946564
1020	25.398040	146.968	19.000054433618203
1021	25.839122	148.617	17.99995962776802
1022	26.609177	174.172	18.000022965803918
1023	27.322090	171.294	18.00004670332878
