-1	0	90	0
0	0.566112	97.455	444.0008208916936
1	0.567883	98.818	442.9982391871926
2	0.610877	98.454	411.99951246267295
3	0.610494	99.569	412.0007231166327
4	0.658205	99.048	383.0011711493417
5	0.656804	100.346	382.99882406872223
6	0.748038	100.975	336.9992572418916
7	0.746900	102.099	336.99938295184086
8	0.795022	101.727	315.9996854325793
9	0.792749	103.146	316.99920501037366
10	0.836788	102.674	300.0
11	0.835565	104.105	300.9989914029105
12	0.882058	103.723	285.0004338478447
13	0.879784	105.052	286.0002665346685
14	0.926654	104.675	270.9997611655123
15	0.925382	106.121	273.00063135477427
16	1.014850	107.190	248.00074633827785
17	1.010695	108.912	248.9991920082268
18	1.056434	108.465	238.00027658691744
19	1.055929	109.705	237.00104826580375
20	1.099930	109.546	228.00102240154817
21	1.101095	109.596	228.0010219351071
22	1.141323	110.785	220.00090264927562
23	1.141134	111.647	224.99932823989894
24	1.226946	113.241	204.99995584638074
25	1.223874	114.721	204.99995641600054
26	1.269822	114.854	197.0005398157661
27	1.266942	116.202	197.9991738524294
28	1.313910	115.566	196.00055379609918
29	1.308945	117.432	191.99962531507597
30	1.654050	143.449	151.00000697111864
31	1.646124	144.681	153.00004838230313
32	1.088104	100.604	231.99972168104648
33	1.088937	101.683	230.99928208255065
34	1.174552	101.364	215.0003946174184
35	1.171247	102.722	214.9997079496116
36	1.247178	102.271	200.99930576605294
37	1.256078	103.754	199.99999999999997
38	1.427231	105.045	176.99938121757344
39	1.425789	106.485	177.00051650467202
40	1.507012	105.691	171.99950799973507
41	1.514351	107.520	166.00074404761907
42	1.588670	107.362	158.0000372571301
43	1.594996	108.661	156.99929137409006
44	1.675887	108.465	150.99986170654128
45	1.668169	109.941	149.99954521061295
46	1.740822	109.852	145.0005461894185
47	1.749506	110.975	142.99977472403694
48	1.901429	112.738	133.00040802568788
49	1.900744	113.996	132.00024562265344
50	1.968845	113.951	127.00020184114224
51	1.978003	115.498	126.0004502242463
52	2.049476	115.765	121.99974085431693
53	2.037212	116.796	123.99996575225178
54	2.113525	117.440	119.00034059945504
55	2.121449	118.426	119.00005066455002
56	2.249336	120.711	110.9998260307677
57	2.271072	121.812	110.9997373001018
58	2.335900	122.627	107.00008970292025
59	2.349842	123.875	106.99979818365289
60	2.416610	125.126	103.99996803222352
61	2.414339	125.588	104.99968149823232
62	2.896556	153.098	85.99981711060889
63	2.873414	153.272	87.00023487655933
64	1.629433	103.209	155.0000484453875
65	1.630362	104.239	153.99994243996966
66	1.743986	104.877	145.00033372426748
67	1.750678	105.908	143.99950900781812
68	1.870686	105.985	134.0000943529745
69	1.873304	107.016	134.00052328623758
70	2.129266	109.035	117.99972485899023
71	2.130404	109.988	118.00014547041496
72	2.261843	110.309	111.00000906544344
73	2.256068	111.241	111.00044048507294
74	2.380668	111.724	104.99982098743331
75	2.373159	111.737	110.99993735289117
76	2.496246	113.373	101.00023815194093
77	2.499793	114.423	100.99979899146152
78	2.624047	115.048	95.00034768096795
79	2.620533	115.913	95.99958589631879
80	2.854694	118.458	87.9999662327576
81	2.857976	119.432	87.99986603255408
82	2.980159	120.306	83.99996675145047
83	2.979238	121.568	83.99990128981311
84	3.087717	122.628	82.00003261897773
85	3.085742	124.094	80.9998871822973
86	3.213009	124.624	78.0002246758249
87	3.189027	125.404	78.99987241236325
88	3.421823	129.188	72.99981422423137
89	3.441561	130.303	72.99985418601261
90	3.550883	131.997	70.00007575929754
91	3.554222	132.565	70.99988684796138
92	3.672086	134.718	67.99982185008685
93	3.652610	135.459	67.99991141230926
94	4.355465	166.134	58.000168538649525
95	4.302108	167.491	58.000131350341206
96	2.159988	106.441	117.0000281846281
97	2.158412	107.197	117.00047575958283
98	2.325416	107.283	109.00049402048786
99	2.323140	108.516	107.99974197353386
100	2.484339	108.877	101.00021124755459
101	2.485612	110.132	100.99970943958158
102	2.823691	112.346	89.00005340644081
103	2.831798	113.337	88.00038822273397
104	2.966066	113.999	84.99986841989842
105	2.981589	115.336	83.99979191232573
106	3.154415	116.082	79.00018952120054
107	3.159475	117.052	78.99993165430749
108	3.313330	118.104	75.99996613154508
109	3.311667	117.296	81.0002046105579
110	3.463078	120.392	71.99980065120607
111	3.481268	121.268	72.000032984794
112	3.796758	124.598	66.00025682595226
113	3.771402	125.448	66.0002550857726
114	3.939817	126.877	63.99977931382363
115	3.940379	127.873	64.00021896725657
116	4.101338	129.831	61.00006932088639
117	4.064687	130.113	61.00005379938976
118	4.248214	131.605	59.000037992477495
119	4.243637	132.480	58.99984903381643
120	4.548720	138.056	55.00014486874891
121	4.554374	137.875	54.99981867633726
122	4.700710	141.125	52.99982285208149
123	4.668096	141.165	53.999929160910995
124	4.844043	144.075	52.0
125	4.827214	144.146	52.00005549928545
126	5.478550	174.007	44.999913796571406
127	5.476258	173.133	45.99989603368508
128	2.669434	108.741	94.0004230235146
129	2.662050	109.307	95.00032019907235
130	2.870116	110.449	87.99989135256996
131	2.864076	111.189	87.99971220174659
132	3.085154	112.211	81.00008020604041
133	3.069658	113.005	81.99991150834033
134	3.480800	115.907	71.99996548957354
135	3.481671	116.771	71.99989723475863
136	3.675884	118.316	68.99996619223097
137	3.689150	119.085	68.00016794726456
138	3.883302	120.446	65.00008302475798
139	3.869908	121.300	65.0
140	4.083384	122.820	60.99983716007165
141	4.072284	123.616	61.00019414962465
142	4.275843	125.431	58.99976879718729
143	4.285206	126.053	58.999785804383876
144	4.643328	130.213	53.00008447697235
145	4.663315	131.281	53.000053320739475
146	4.849165	133.362	51.99982003869169
147	4.850155	133.979	51.999940289149784
148	5.019337	136.088	50.0
149	5.032287	135.710	50.0
150	5.214730	138.904	48.0000575937338
151	5.186041	139.952	48.00002858122785
152	5.583068	145.882	45.00006854855294
153	5.568254	146.658	44.99993181415266
154	5.777951	149.142	42.99995976988374
155	5.720373	151.567	43.000125357102796
156	5.925280	153.740	42.00013008976194
157	5.903735	153.790	42.00013004746733
158	6.684234	185.630	36.99994612939719
159	6.694657	186.503	36.99994101971551
160	3.173559	111.459	79.99982056182094
161	3.165320	111.350	80.0
162	3.403578	112.384	73.99985763097949
163	3.411721	113.205	74.00026500596265
164	3.661127	114.758	68.99998257202112
165	3.654687	115.977	68.9998879088095
166	4.135554	119.798	60.000166947695284
167	4.130831	120.211	61.00024124248197
168	4.376775	122.288	56.999869161324085
169	4.376039	122.919	57.00013830245934
170	4.612760	124.581	54.00020869956092
171	4.602214	125.367	53.99985642154634
172	4.836876	127.283	51.9998742958604
173	4.827915	127.506	51.9999058867818
174	5.069571	130.594	48.99995405608222
175	5.054267	131.155	49.00003812283177
176	5.497401	136.544	45.000146472931796
177	5.498224	136.257	45.999838540405264
178	5.721729	138.832	43.99994237639738
179	5.714256	139.716	43.99997137049443
180	5.955187	143.357	42.000041853554414
181	5.930553	144.607	41.00008989882924
182	6.169651	146.418	39.99986340477263
183	6.154543	146.320	40.99986331328595
184	6.573412	153.747	38.00009105868732
185	6.556682	154.897	38.000090382641375
186	6.744355	158.084	36.99994939399307
187	6.787416	158.200	37.0
188	6.972872	162.792	35.999926286303996
189	6.944989	163.464	35.99997552978026
190	7.746528	193.741	31.99993806163899
191	7.714620	194.234	32.00006178115057
192	3.650947	114.361	68.9999213018424
193	3.652550	114.193	68.99985112922859
194	3.929016	114.880	65.0
195	3.916033	116.569	63.9998627422385
196	4.210000	118.217	59.99983081959448
197	4.199697	118.495	59.99999999999999
198	4.748887	123.070	52.99991874542943
199	4.735385	124.058	53.00020957939029
200	5.027644	125.934	50.0
201	5.008532	126.198	51.0000158481117
202	5.269247	128.610	48.00015550890288
203	5.266005	129.290	47.99984530899528
204	5.550082	131.502	45.00007604447081
205	5.538105	132.660	45.0
206	5.815036	135.393	43.00000738590621
207	5.792853	135.565	43.000036882676206
208	6.267158	141.590	40.0
209	6.279449	142.260	40.0
210	6.539242	145.153	37.99990355004719
211	6.538603	145.189	38.000123976334294
212	6.803074	149.658	36.00008018281682
213	6.772842	149.111	36.9999530551066
214	7.021965	152.144	36.000105163529284
215	7.041353	154.154	35.00006487019474
216	7.474563	162.247	34.00001232688431
217	7.499887	162.788	32.999975428164234
218	7.704666	167.075	32.0
219	7.733686	166.250	32.0
220	7.975339	172.752	30.99993053626007
221	7.890026	172.806	31.000081015705472
222	8.830721	204.539	28.000039112345327
223	8.797874	206.861	27.999961326687973
224	4.125251	116.489	60.99975104945531
225	4.127555	116.608	61.00010290889133
226	4.423611	117.319	57.00014490406498
227	4.414953	118.998	57.00011764903611
228	4.734278	121.208	52.99980199326777
229	4.730612	122.006	52.99985246627215
230	5.326920	126.689	47.00013418686705
231	5.334776	127.060	46.99984259405006
232	5.635396	129.684	44.00003084420592
233	5.624394	130.484	44.00003065509947
234	5.944584	133.362	41.99997000644861
235	5.909080	133.305	42.99988747608867
236	6.224147	136.008	39.999852949826476
237	6.186122	137.120	40.0
238	6.455581	138.985	38.99989207468431
239	6.470300	139.738	39.00012881249195
240	7.051368	146.997	35.00003401429961
241	7.028395	146.903	35.99994554229662
242	7.304573	151.253	33.999986777121784
243	7.334175	151.818	33.99992095798917
244	7.563873	156.050	32.0
245	7.554635	155.052	32.99989680881253
246	7.819139	158.822	31.99997481457229
247	7.814400	160.200	32.0
248	8.294471	169.047	29.999940844853796
249	8.292997	170.937	29.999941498914804
250	8.523925	175.024	29.00002285400859
251	8.539414	176.200	29.000000000000004
252	8.840818	181.632	28.00002202255109
253	8.759337	182.418	27.99997807233935
254	9.743679	220.292	25.0
255	9.709300	218.516	25.0
256	4.485403	118.232	56.000067663576694
257	4.504723	118.064	56.00013551971813
258	4.812436	120.729	51.999933735887815
259	4.825788	121.465	52.0001646564854
260	5.152752	124.255	49.00004023982938
261	5.169982	124.663	49.00010428114196
262	5.816973	129.616	43.99996913961239
263	5.790892	130.898	42.99989304649422
264	6.125861	134.617	41.00002228544687
265	6.116493	134.832	40.999911000356
266	6.421065	138.676	38.000086532637226
267	6.455453	139.223	39.00002154816373
268	6.765457	142.514	36.999873696619275
269	6.754409	142.865	36.99996500192489
270	7.065377	145.953	35.99994518783444
271	7.065481	147.989	34.999898641115216
272	7.683380	156.188	31.999897559351552
273	7.634256	156.109	33.00001921734173
274	7.944304	161.332	31.000049587186673
275	7.947073	161.150	32.0
276	8.212542	166.377	29.999939895538446
277	8.216230	166.240	29.999999999999996
278	8.460743	170.017	29.999941182352355
279	8.501736	172.462	29.000011596757545
280	9.084125	183.570	27.0000544751321
281	9.037925	182.482	28.000021919970187
282	9.354861	189.377	25.99998943905543
283	9.331526	187.674	27.000010656777174
284	9.621421	196.296	26.000020377389248
285	9.551004	194.477	25.999989716007548
286	10.618419	242.835	22.99997940988737
287	10.589885	243.952	23.000016396668197
288	4.912982	121.925	51.00020504408448
289	4.920710	121.210	50.99991749855623
290	5.258209	123.163	47.999805136282816
291	5.248391	122.871	47.99993489106462
292	5.592069	126.460	45.0
293	5.594553	127.113	45.000118005239436
294	6.293791	133.415	40.00000000000001
295	6.272231	132.643	39.99984921933309
296	6.629355	137.516	37.999941824951286
297	6.610398	138.103	37.99989862638755
298	6.949115	141.153	35.999943323910934
299	6.948743	140.562	37.0000426857899
300	7.316519	146.362	33.999945341003816
301	7.274262	145.771	35.00010290112574
302	7.613420	150.461	32.999913598872794
303	7.590845	150.267	32.99992679696807
304	8.216376	158.930	29.999999999999996
305	8.222853	159.152	30.999924600382027
306	8.496532	164.721	28.999945362157828
307	8.477341	164.583	28.99995746826829
308	8.808871	170.339	28.000046965169457
309	8.784263	170.786	27.999953157752977
310	9.106224	174.707	28.000022895476427
311	9.078155	175.359	27.000039918110843
312	9.526116	189.000	25.0
313	9.623155	186.373	26.000010731168143
314	9.877689	193.432	25.000000000000004
315	9.876521	193.684	25.000000000000004
316	10.059302	200.016	25.0
317	10.146803	203.054	24.00001969919332
318	11.343550	250.986	22.00003187428781
319	11.372181	248.850	22.0
320	5.377691	124.236	47.000064393573524
321	5.374015	123.585	47.00004045798438
322	5.771066	125.195	44.000159750788775
323	5.781120	126.007	43.99993651146365
324	6.162426	130.183	40.999976955516466
325	6.186172	130.471	40.99991569007672
326	6.922698	137.703	35.99994190395271
327	6.961921	137.489	35.99997090676345
328	7.265879	141.697	34.00001411462487
329	7.311516	140.809	34.99989347271836
330	7.626903	145.264	32.999917391783235
331	7.666862	145.997	32.999993150544185
332	7.949086	150.206	31.000093205331346
333	7.935108	150.987	31.00001986926027
334	8.371165	154.870	30.0
335	8.329378	155.430	29.999999999999996
336	9.045970	164.825	28.000000000000004
337	9.062284	166.730	26.99994002279134
338	9.430851	171.415	26.000058337951756
339	9.393399	170.085	27.00002939706617
340	9.729010	176.948	24.999999999999996
341	9.665757	175.196	26.0000228315715
342	10.024576	182.064	25.000000000000004
343	10.076117	183.567	23.999956419182098
344	10.735109	195.013	23.000005127863272
345	10.663685	194.661	22.999984588592476
346	10.962707	200.604	23.000039879563715
347	11.011145	200.309	22.999965053991584
348	11.281179	210.968	22.000018960221457
349	11.370900	212.476	21.000018825655605
350	12.733071	262.600	18.999999999999996
351	12.789281	265.363	19.000011305268632
352	5.700304	125.940	45.0
353	5.681786	125.233	45.00011977673616
354	6.121122	127.445	42.00007846522029
355	6.135306	128.441	41.000147927842356
356	6.550701	132.453	37.99989430212981
357	6.566223	132.033	39.00009846023343
358	7.387017	138.809	33.99995677513706
359	7.383626	141.115	33.999929135811215
360	7.820715	145.003	32.00002758563617
361	7.828270	144.847	31.999972384654154
362	8.195469	149.843	30.000066736517557
363	8.243157	149.590	29.999999999999996
364	8.621795	154.597	28.999915910399295
365	8.629245	155.090	28.99993552131021
366	9.073898	160.574	27.00001245531655
367	9.041819	159.604	27.999924813914433
368	9.758565	170.104	25.999976484973896
369	9.785146	171.940	25.0
370	10.125593	176.463	23.999931997075876
371	10.117369	175.632	25.0
372	10.467105	182.639	23.00001642584552
373	10.513290	181.517	23.999955926993064
374	10.806109	189.543	23.000058034324663
375	10.833556	187.491	23.00003733512542
376	11.574447	202.567	20.99996544353226
377	11.529554	200.641	21.99999003194761
378	11.858594	212.510	20.0
379	11.852080	209.900	20.999999999999996
380	12.175533	220.660	20.0
381	12.152321	220.960	20.0
382	13.544280	272.844	18.000029320784037
383	13.557125	275.433	18.000021783882108
384	6.067719	128.374	41.99993768208516
385	6.077059	127.845	42.00007821971919
386	6.508823	129.913	38.99994611778652
387	6.515728	130.246	39.00004606667383
388	7.005807	134.956	35.99988144284063
389	7.014333	135.517	35.99991145022396
390	7.900135	143.037	32.0001118591693
391	7.882877	143.375	32.0
392	8.305222	146.194	30.999904236835988
393	8.342233	149.090	29.999999999999996
394	8.706727	152.907	28.99998038023112
395	8.724505	152.968	27.999973850740027
396	9.123303	158.537	27.00000630767581
397	9.120986	158.226	26.999987359852366
398	9.475716	162.070	27.000061701733816
399	9.485661	164.004	25.999975610350972
400	10.084894	173.308	25.0
401	10.186012	173.796	25.0
402	10.468470	179.843	23.00006116446011
403	10.469199	178.388	23.999932730901183
404	10.815096	185.330	23.000053957804997
405	10.833765	186.887	22.99999464917303
406	11.206805	192.141	21.999989590977464
407	11.198645	192.577	22.00003115636862
408	11.826343	206.281	20.99999515224378
409	11.850104	208.280	20.0
410	12.195785	212.519	21.000004705461627
411	12.165034	212.281	20.999995289262813
412	12.467615	219.505	20.000000000000004
413	12.497212	224.540	20.0
414	13.872869	273.533	18.00002193519612
415	13.893176	281.700	17.0
416	6.360203	129.838	39.999845961890976
417	6.341396	129.025	40.0
418	6.832029	132.330	36.999924431345875
419	6.847920	131.592	36.99996960301537
420	7.324286	136.968	33.99991238829507
421	7.325068	137.118	33.99991248413775
422	8.258768	146.183	30.000068407407156
423	8.271138	146.048	31.000082164767747
424	8.681848	151.148	29.00005292825575
425	8.697447	151.607	28.999980211995492
426	9.064458	156.141	26.999955168725705
427	9.022281	154.643	27.999974133973087
428	9.398539	159.478	26.999962377255795
429	9.398769	160.685	25.99993776643744
430	9.768585	164.327	25.999987829145546
431	9.741844	165.836	24.999999999999996
432	10.455493	175.304	24.00002281750559
433	10.424428	176.758	24.000045259620496
434	10.730825	182.726	23.000010945349867
435	10.738555	181.978	23.000032971018474
436	11.086529	188.786	22.000042376023647
437	11.083028	188.564	21.999957574086253
438	11.438999	194.059	22.00001030614401
439	11.421751	196.933	21.000035545083865
440	12.112582	208.210	20.999951971567164
441	12.095712	212.555	20.0
442	12.424832	218.890	20.000000000000004
443	12.456715	215.495	19.999999999999996
444	12.740843	228.005	19.000021929343657
445	12.751282	227.689	19.00003952760125
446	14.131840	282.800	17.0
447	14.155987	282.647	17.000003537982007
448	6.613812	131.072	38.99993896484375
449	6.606735	131.163	38.00004574460785
450	7.091221	134.617	35.000037142411436
451	7.110819	134.417	35.000037197675894
452	7.638932	139.185	32.99996407658872
453	7.616896	139.315	33.000035889889816
454	8.498115	146.533	30.000068244013296
455	8.458468	148.157	29.99993250403288
456	8.910625	153.032	28.000026138324007
457	8.865720	152.975	28.000000000000004
458	9.318919	157.011	27.000019106941554
459	9.253348	157.496	27.00005079494082
460	9.579123	162.519	26.000036918760266
461	9.606858	162.815	26.00006141940239
462	9.964354	168.096	24.999999999999996
463	9.968556	168.468	25.0
464	10.659848	178.617	23.999955211430045
465	10.645562	176.125	24.0
466	10.972735	185.141	21.999989197422504
467	10.955412	184.317	23.00004882891974
468	11.297897	191.145	22.000052316304373
469	11.335536	188.723	21.999968207372707
470	11.690229	196.857	21.00001523948856
471	11.687848	196.781	20.999994918208564
472	12.341931	211.895	19.999999999999996
473	12.370860	212.900	20.0
474	12.699950	222.468	19.000035960227986
475	12.642352	222.140	20.000000000000004
476	13.022029	226.437	18.999986751281813
477	13.034152	228.411	18.999960597344263
478	14.440317	286.018	16.999979022299296
479	14.464701	281.188	17.000014225358125
480	7.122682	133.592	35.99991017426193
481	7.127570	134.044	36.00011936379099
482	7.600450	137.473	32.99993453259913
483	7.624632	136.827	33.00006577649148
484	8.103936	142.300	31.0
485	8.037592	141.529	31.000007065689715
486	8.883350	151.521	28.000079196943002
487	8.885458	151.614	28.000052765575738
488	9.284395	154.770	27.00006461200491
489	9.255310	155.048	27.000025798462413
490	9.672698	160.912	25.99992542507706
491	9.733688	162.308	25.999950710993915
492	10.130477	167.068	24.999999999999996
493	10.134385	167.792	23.99995232192238
494	10.593120	171.775	24.0
495	10.595480	170.658	24.000046877380495
496	11.433942	184.927	22.00003244523515
497	11.498877	184.041	21.999989132856268
498	11.798322	192.190	21.000052031843488
499	11.850096	193.965	20.0
500	12.348060	197.740	20.0
501	12.248849	198.485	19.999999999999996
502	12.936990	206.547	19.00003389059149
503	12.811720	207.768	19.000038504485772
504	13.737796	223.656	17.99996423078299
505	13.867976	227.433	18.00002638139584
506	14.149438	231.922	18.000017247177933
507	14.071654	235.735	17.00002121025728
508	14.480999	245.688	17.000016280811437
509	14.670987	242.100	17.0
510	16.305805	306.260	15.0
511	16.378175	301.580	15.0
512	7.035915	132.911	36.00003009532695
513	7.126031	133.531	35.00011233346564
514	7.592866	137.318	33.000043694198865
515	7.592231	136.627	33.000065872777704
516	8.110016	141.781	30.999922415556384
517	8.106393	141.510	30.999929333616002
518	8.971798	150.268	27.999973380892804
519	8.989110	150.429	27.9999202281475
520	9.374525	154.993	26.999929029052925
521	9.352682	155.869	26.000038493863435
522	9.865247	161.700	25.0
523	9.830390	161.248	25.0
524	10.239074	165.108	25.0
525	10.204289	166.971	23.999976043744123
526	10.711364	171.933	24.00004652975287
527	10.793608	173.909	22.999959749064168
528	11.566095	186.176	21.000021485046407
529	11.628360	186.386	20.999967808741
530	12.124276	192.260	20.0
531	12.095116	191.438	21.000010447246627
532	12.466753	200.665	20.0
533	12.543509	197.710	20.0
534	13.051165	209.411	18.99995702231497
535	12.975901	206.100	20.0
536	13.949221	228.953	16.99999563229134
537	13.935019	227.439	17.999991206433375
538	14.265274	230.961	18.000008659470648
539	14.336979	232.317	17.99997417322021
540	14.905925	243.412	16.999983566956434
541	14.906924	251.844	15.999984117151888
542	16.722696	314.150	14.000000000000002
543	16.679771	313.179	13.999980841627313
544	7.085302	132.875	36.0
545	7.129243	133.437	35.0000374708664
546	7.619778	136.921	33.000051124370984
547	7.570166	136.312	33.000029344445096
548	8.094358	139.762	32.00011448033084
549	8.152163	140.935	31.00010643204314
550	9.050727	149.339	28.000053569395803
551	9.075047	151.248	27.0000264466307
552	9.508204	153.656	26.99992190347269
553	9.505569	155.133	27.000058014735743
554	10.028667	160.760	25.0
555	10.004394	161.524	25.0
556	10.477042	166.667	23.999952000096
557	10.482085	165.262	24.000072611973714
558	11.018689	171.409	22.99995916200433
559	10.963623	174.136	22.000045941103505
560	11.902973	184.276	21.00002170657058
561	11.899124	187.262	20.99998931977657
562	12.229830	193.950	20.0
563	12.338233	195.765	20.000000000000004
564	12.871065	200.937	18.999985069947297
565	12.775844	202.542	19.000009874495166
566	13.312885	209.084	19.00001913106694
567	13.243546	208.142	19.000009608824744
568	14.173185	227.871	16.999969280865052
569	14.166773	228.465	16.999978114809707
570	14.649440	236.518	16.999974631951904
571	14.659101	233.959	16.999987177240456
572	15.100430	249.962	16.00003200486474
573	15.005790	250.500	16.0
574	16.902667	313.514	14.00001275860089
575	16.816681	312.586	13.99998720352159
576	7.136197	133.203	35.99993994129262
577	7.093717	132.931	35.99987963680405
578	7.596679	135.952	32.99988231140402
579	7.635366	135.239	33.00009612611746
580	8.154165	140.145	31.000035677334186
581	8.120778	140.506	31.000099639873028
582	9.119176	149.686	27.99994655478802
583	9.098245	151.004	26.999947021270962
584	9.638893	154.065	26.00006490766884
585	9.628828	153.873	26.000012997731897
586	10.131908	158.868	25.0
587	10.097003	160.708	25.0
588	10.664525	166.148	22.999975925078846
589	10.632687	165.892	23.99995177585417
590	11.161984	173.564	21.999953907492337
591	11.180489	172.955	21.999942181492294
592	12.054314	187.535	20.0
593	12.025219	186.562	20.99998927970326
594	12.545383	194.111	18.99995363477598
595	12.490341	193.245	20.0
596	12.999339	203.205	19.000024605693756
597	12.994016	203.058	18.999990150597366
598	13.420028	206.300	18.999999999999996
599	13.473008	212.761	18.000009400219025
600	14.380630	230.100	17.0
601	14.338524	223.728	17.999982121147106
602	14.770182	232.253	16.99999569435056
603	14.805489	239.788	15.99996663719619
604	15.278364	246.481	16.0000162284314
605	15.263335	250.144	15.999984009210696
606	17.077445	303.987	14.999983551928207
607	17.109408	306.914	14.00001303296689
608	7.119916	132.656	35.99987938728742
609	7.128740	131.219	36.00012193356145
610	7.628270	135.421	33.00005169065359
611	7.656380	136.533	33.00008056660295
612	8.164088	140.252	30.999914439722783
613	8.180220	140.310	30.999928729242395
614	9.191088	149.037	27.000006709743218
615	9.188120	149.046	28.000080512056684
616	9.695890	154.912	25.999922536665977
617	9.724094	155.827	25.999987165253774
618	10.215347	160.508	24.999999999999996
619	10.171658	162.142	23.99995066053213
620	10.790407	165.850	24.0
621	10.742313	168.635	22.999970350164556
622	11.261443	174.414	21.999954132122422
623	11.309251	174.645	22.000057259011136
624	12.169857	188.225	20.0
625	12.244123	185.652	21.00004309137526
626	12.699746	196.184	19.000020389022552
627	12.642000	195.211	18.999953896040694
628	13.133750	200.011	18.999955002474863
629	13.102129	202.621	19.000004935322597
630	13.543340	206.526	19.00002905203219
631	13.567556	207.411	18.000009642690117
632	14.476375	225.859	16.99998671737677
633	14.572695	229.006	16.99999126660437
634	15.065996	234.735	17.000021300615586
635	15.042361	235.312	16.999983001291902
636	15.416647	250.644	15.999984041110102
637	15.556372	252.694	15.999984170577854
638	17.228732	305.071	14.000019667552799
639	17.206578	312.343	13.999993596783023
640	7.163624	132.917	35.00003761746052
641	7.143503	131.939	35.99996968295955
642	7.680674	135.379	32.99994829330989
643	7.682024	135.406	33.000014770394216
644	8.212982	139.719	31.000078729449825
645	8.245961	140.687	31.000021323931847
646	9.265713	150.104	26.99994670361882
647	9.210596	150.085	27.00003331445514
648	9.730488	154.292	26.000051849739453
649	9.819399	155.728	24.999999999999996
650	10.251537	161.150	24.0
651	10.317703	160.850	24.0
652	10.868152	166.296	22.999951893010056
653	10.783138	166.009	22.999957833611433
654	11.403887	172.145	22.000058090563186
655	11.349451	173.364	21.999953854318083
656	12.312196	187.520	20.0
657	12.271011	187.815	20.0
658	12.756601	194.532	18.999958875660557
659	12.769469	193.800	18.999999999999996
660	13.268993	201.174	18.999970175072324
661	13.229131	199.253	18.999964868784915
662	13.762452	211.294	18.00003786193645
663	13.680962	207.683	18.0000288901836
664	14.730715	225.824	16.999964574181664
665	14.631233	230.119	15.99998261768911
666	15.071078	237.637	16.000033664791257
667	15.116217	238.956	16.00001673948342
668	15.699933	251.453	15.000019884431683
669	15.679746	248.975	16.0
670	17.420916	305.929	13.999980387606277
671	17.393425	313.857	14.000006372328798
672	7.172502	133.509	34.99988764802374
673	7.194879	131.471	35.00011409360239
674	7.734350	136.241	31.999911920787422
675	7.754617	136.234	32.00008808373827
676	8.312962	138.239	30.999934895362376
677	8.308996	141.170	30.000000000000004
678	9.294682	147.874	27.000013525028066
679	9.299245	148.941	26.999953001524094
680	9.769078	152.377	25.999986874659562
681	9.792969	155.120	25.0
682	10.380164	159.472	25.0
683	10.313505	161.904	24.000024705998616
684	10.920606	167.813	23.000005959013905
685	10.932313	164.557	22.999933153861583
686	11.374304	171.077	22.000035071926675
687	11.437433	172.582	21.999976822611863
688	12.375294	188.165	20.000000000000004
689	12.451341	189.026	19.00003174166517
690	12.954581	192.711	18.999953297943552
691	12.937547	193.916	18.99997937251181
692	13.356608	200.289	17.99999001442915
693	13.290615	200.032	18.999960006398975
694	13.832598	210.594	18.000037987786925
695	13.848417	212.753	16.999995299713756
696	14.806795	226.541	17.00001324263599
697	14.787765	224.724	16.999964400776065
698	15.204531	238.931	16.000016741234916
699	15.328566	235.962	16.000033903764166
700	15.880805	249.367	14.999979949231454
701	15.752646	248.369	15.999983894930526
702	17.493315	305.700	14.000000000000002
703	17.542595	315.314	14.000012685767201
704	7.255482	133.477	35.00003745963724
705	7.271479	132.563	34.999962282084745
706	7.789978	136.106	32.00005877771736
707	7.800085	136.091	31.999911823706192
708	8.428530	138.937	29.999928024932164
709	8.417270	140.433	30.000071208334226
710	9.354044	150.100	27.0
711	9.317853	150.289	26.99998003845924
712	9.842133	155.876	25.0
713	9.870504	154.123	26.00001297664852
714	10.494387	161.867	23.99995057670804
715	10.463201	162.226	23.00001232848002
716	11.032058	165.113	23.000006056458304
717	10.985515	167.548	22.99997612624442
718	11.525723	174.514	21.00003438119578
719	11.538090	173.452	21.00004612227014
720	12.513318	184.215	20.0
721	12.462234	184.157	21.000016290447824
722	13.020924	190.495	18.99997375259193
723	13.001084	193.705	19.00002581244676
724	13.499856	200.078	17.99998000779696
725	13.483738	201.394	18.000039723129785
726	13.962413	208.722	18.00001916424718
727	14.014791	210.689	17.999990507335458
728	15.049159	226.218	16.999973476911652
729	14.939254	224.900	17.0
730	15.486963	241.800	15.0
731	15.578166	239.194	15.999983277172504
732	15.794119	252.207	14.999980175014969
733	16.013896	253.967	14.999980312402792
734	17.726560	317.915	13.000015727474324
735	17.846651	316.362	12.999981034384659
736	7.297059	132.151	35.00011350651906
737	7.283452	131.631	35.000113954919435
738	7.843507	134.764	32.99991095544804
739	7.809408	136.234	32.00008808373827
740	8.479579	139.750	30.0
741	8.468693	140.783	30.0000710313035
742	9.469787	149.644	27.000080190318354
743	9.467896	150.892	26.000053018052647
744	9.961415	154.164	25.0
745	10.015543	154.496	25.0
746	10.575284	158.679	24.00002520812458
747	10.563237	161.775	24.0
748	11.177777	167.582	21.999976131088065
749	11.128577	167.359	22.00001195035821
750	11.684267	171.936	22.000046528941
751	11.671686	170.645	22.0000586011896
752	12.658829	188.021	19.000005318554845
753	12.621442	186.800	20.0
754	13.098899	195.932	18.99995916950779
755	13.141627	192.463	19.000015587411607
756	13.573806	200.572	18.000019942963124
757	13.675232	203.244	18.00003936155557
758	14.156719	210.871	16.99996680434958
759	14.068529	208.971	16.99996650252906
760	15.069732	224.962	16.00003556156151
761	15.173384	227.231	16.000017603231953
762	15.563610	237.469	15.999983155696112
763	15.668080	234.644	15.99998295289886
764	16.162248	253.840	15.0
765	16.100702	246.375	16.0
766	17.896923	305.793	13.99999345962792
767	17.903740	303.121	14.000019794075634
768	7.421416	133.459	33.99995504237256
769	7.413270	132.106	33.99996972128443
770	7.993394	136.890	31.00007305135511
771	7.983770	135.337	32.00011822339789
772	8.618173	140.107	29.999928625978715
773	8.606750	142.107	28.999978889146913
774	9.584990	150.031	25.99996000826496
775	9.598408	151.681	25.99996044329876
776	10.062572	155.816	25.0
777	10.064014	156.425	23.999999999999996
778	10.658840	159.133	24.000050272413638
779	10.634537	161.304	23.000049595794277
780	11.076916	165.313	23.00000604913104
781	11.258657	167.955	21.999940460242325
782	11.751488	174.595	21.000028637704403
783	11.737132	174.243	20.999982782665587
784	12.668289	187.437	18.99998399462219
785	12.718065	187.947	19.000037244542344
786	13.129218	193.089	19.00004661063033
787	13.222149	196.589	17.9999898264908
788	13.660425	198.044	18.000040395063724
789	13.761381	202.489	17.99999012292026
790	14.223081	209.247	17.000004779041035
791	14.262595	211.171	16.99996685150897
792	15.196673	227.494	15.999982417118694
793	15.171670	230.275	16.0
794	15.669024	240.580	14.999999999999998
795	15.680392	236.981	16.000016878990298
796	16.239932	244.987	14.999979590753796
797	16.236800	249.360	15.0
798	17.927417	311.746	13.000006415479268
799	17.895449	312.692	13.000012792140508
800	7.519809	132.288	34.00006047411708
801	7.534970	132.488	34.00006038282713
802	8.115095	136.281	30.99991928441969
803	8.148280	136.148	31.00008813937774
804	8.722600	141.190	28.999929173454213
805	8.714791	142.090	28.99992962207052
806	9.726900	150.773	26.0000132649745
807	9.712379	151.984	24.999999999999996
808	10.232152	154.756	25.0
809	10.301999	157.379	24.000025416351612
810	10.839518	161.587	22.999993811383344
811	10.815078	161.274	22.999987598744994
812	11.390007	167.327	22.000035857930875
813	11.426400	169.027	22.000035497287417
814	11.916919	175.395	21.00002850708401
815	11.878508	172.705	20.99997104889841
816	12.807186	185.170	20.000000000000004
817	12.871469	185.170	20.000000000000004
818	13.368342	192.468	19.000041565351125
819	13.449164	196.694	18.00004067231334
820	13.886664	202.600	18.0
821	13.942841	201.100	18.0
822	14.393596	214.165	16.999976653514814
823	14.394676	208.988	17.00001913985492
824	15.400640	226.206	16.000017682996916
825	15.368335	230.412	16.000034720413865
826	15.856158	234.869	15.999982969229656
827	15.979115	234.863	15.999965937589149
828	16.394971	244.153	15.000020478961964
829	16.349124	249.727	14.999979978136125
830	18.188227	316.246	13.000006324190663
831	18.085194	316.731	12.999990528240053
832	7.660941	134.691	32.99997772679689
833	7.642811	133.327	33.0000675032064
834	8.265045	137.653	30.00007264643706
835	8.263944	138.027	29.99992755040681
836	8.792693	140.597	28.999907537145173
837	8.851635	142.268	27.99997188404982
838	9.934844	152.452	25.0
839	9.895653	152.572	25.0
840	10.469293	155.792	23.99994864948136
841	10.500228	157.467	23.999949195704495
842	11.067485	163.314	21.999951014609895
843	11.032268	162.274	22.999987675166693
844	11.585666	169.362	20.999988190975543
845	11.571453	168.495	22.000059348942106
846	12.015834	176.120	20.0
847	12.084947	175.071	21.000051407714583
848	13.082105	189.621	19.000005273677495
849	13.027722	186.237	18.9999838914931
850	13.554989	194.356	17.99995883842022
851	13.627149	195.444	18.000040932441006
852	14.009783	203.033	18.000029551846254
853	14.047524	205.335	17.0000243504517
854	14.467149	209.029	17.000033488176282
855	14.513470	211.253	16.999995266339415
856	15.494970	232.106	16.000017233505382
857	15.543496	226.963	15.999964751963978
858	15.978817	239.793	15.000020851317595
859	16.001823	241.453	15.00002070796387
860	16.488001	253.020	15.0
861	16.385255	247.793	15.000020178132553
862	18.215367	316.023	13.000003164326646
863	18.227518	303.893	13.999993418736201
864	7.804191	134.947	31.999970358733428
865	7.758938	134.141	31.99991054189249
866	8.378933	136.894	30.999897731091206
867	8.406447	137.810	30.0
868	8.957234	141.771	28.000084643544874
869	9.025416	141.800	28.0
870	10.093962	153.163	23.99992165209613
871	10.184258	152.476	25.0
872	10.688660	158.678	23.000037812425163
873	10.654182	157.400	22.999999999999996
874	11.161542	160.926	23.000012428072534
875	11.222968	164.395	22.00006082910064
876	11.656482	169.138	21.000011824663883
877	11.755208	169.319	21.00000590601173
878	12.284956	174.365	20.0
879	12.194913	174.000	21.0
880	13.166737	190.463	19.000015751090764
881	13.206589	186.842	19.000010704231382
882	13.635224	195.950	18.0
883	13.725649	198.611	18.000010069935705
884	14.152472	206.053	16.999995146879687
885	14.176684	205.706	16.999990277386175
886	14.689155	211.276	17.000037865162156
887	14.643736	214.941	17.00001395731852
888	15.683569	225.931	16.000017704520406
889	15.712247	232.493	15.000021506023838
890	16.064410	238.433	15.000020970251601
891	16.219029	241.840	15.0
892	16.577955	253.460	15.0
893	16.558702	245.767	14.99997965552739
894	18.347991	314.423	13.000003180428912
895	18.393573	315.262	12.999980968210567
896	7.920567	134.044	31.999940318104496
897	7.919136	133.709	32.00008974713744
898	8.531947	138.493	29.00002166174464
899	8.768003	139.741	29.00007871705512
900	9.155083	143.363	26.999993024699542
901	9.177150	143.111	27.999944099335483
902	10.316586	153.208	24.000052216594433
903	10.337344	153.408	24.000052148518986
904	10.777882	156.987	24.0000764394504
905	10.757225	159.517	23.00005642031884
906	11.280006	163.382	21.999975517498868
907	11.335125	164.145	22.000060921746016
908	11.810409	169.043	20.999982253036208
909	11.806060	169.438	21.000011803727617
910	12.394075	176.240	20.0
911	12.487954	177.380	20.0
912	13.361353	190.917	17.99996857273056
913	13.431474	191.911	18.000010421497464
914	13.913691	197.000	18.0
915	13.998727	195.706	17.999959122357005
916	14.349285	205.824	16.999961131840795
917	14.295917	206.147	17.000004850907363
918	14.812513	214.244	15.999981329698848
919	14.946853	213.763	15.999962575375532
920	15.824804	229.531	16.000017426839946
921	15.720116	228.394	15.999982486405072
922	16.129165	243.047	14.999979427847288
923	16.174306	238.500	16.0
924	16.682875	248.073	15.000020155357495
925	16.654429	253.557	14.000007887772771
926	18.424221	316.031	12.999990507260362
927	18.465068	306.177	12.99999673391535
928	8.103194	136.165	30.999889839532923
929	8.099553	135.087	31.000022207910458
930	8.718564	137.790	28.999927425792876
931	8.679757	139.176	28.999971259412543
932	9.358287	143.707	27.000076544635963
933	9.322509	143.785	27.000034774141948
934	10.440736	153.392	23.999947846041515
935	10.433979	153.358	24.000052165521197
936	10.912773	158.717	23.000056704700818
937	11.056226	160.227	22.00003744687225
938	11.491201	163.364	21.999951029602606
939	11.431103	164.891	21.99998787077524
940	11.916113	169.400	21.0
941	11.944703	171.262	20.999988321986198
942	12.501517	178.542	19.000011201846064
943	12.538117	175.830	19.999999999999996
944	13.487842	191.161	18.00001046238511
945	13.506557	191.778	17.99997914255024
946	13.990842	197.528	17.999979749706373
947	14.026210	195.544	18.000040911508407
948	14.395178	205.094	17.000009751626084
949	14.480329	206.882	17.00002900203981
950	14.913433	208.800	17.0
951	14.960648	215.388	15.999962857726521
952	15.878224	231.720	15.0
953	15.811015	230.147	14.999978274754831
954	16.271754	237.733	15.000021031998081
955	16.379927	242.733	15.000020598764898
956	16.681730	246.480	15.0
957	16.693545	255.093	13.999992159722142
958	18.484870	315.323	13.000003171351281
959	18.580542	307.923	13.000003247565138
960	8.343623	135.135	31.000111000111
961	8.333620	134.529	31.00000743334151
962	8.929876	139.436	27.999942626007627
963	8.893942	139.097	28.999906540040403
964	9.509827	144.238	26.000083195829113
965	9.552327	144.122	27.00004163139562
966	10.690328	154.804	23.000051678251207
967	10.766533	156.326	23.000012793777106
968	11.094367	159.257	22.999930929252717
969	11.202806	161.436	22.000049555241706
970	11.718480	165.452	21.000048352392234
971	11.700790	165.614	21.000036228821234
972	12.245992	170.090	21.000058792404023
973	12.186972	171.805	20.0
974	12.753400	176.035	20.0
975	12.888311	181.505	19.000027547450483
976	13.719942	192.367	17.999968809619112
977	13.718737	188.342	19.000010618980365
978	14.194565	195.922	18.000020416288116
979	14.274666	201.882	17.00002972033168
980	14.678466	208.188	17.00001921340327
981	14.611914	204.865	16.999975593683644
982	15.133026	213.519	15.99998126630417
983	15.135550	214.525	16.0
984	15.735958	229.847	14.99997824639869
985	15.801802	230.333	15.000021707701459
986	16.105969	236.820	15.000000000000002
987	16.403081	240.547	14.99997921404133
988	16.493267	244.100	15.0
989	16.989985	252.750	14.0
990	18.343416	316.615	13.00001579205028
991	18.540544	310.277	12.99999677707339
992	9.473984	141.607	27.000077679775718
993	9.374590	140.967	26.99993615527038
994	10.075412	144.924	25.0
995	10.128458	144.952	25.0
996	10.738954	149.800	23.999999999999996
997	10.762368	151.109	22.99995367582341
998	12.086581	161.248	20.999950386981546
999	12.051151	160.729	20.99994400512664
1000	12.745747	167.145	20.0
1001	12.819623	169.221	19.000005909432044
1002	13.345302	173.463	19.000017294754503
1003	13.349284	176.439	17.999988664637637
1004	13.987404	180.239	17.999988903622413
1005	13.958401	181.656	17.99995596071696
1006	14.438238	184.867	17.999967544234504
1007	14.553094	184.429	17.000037954985388
1008	15.827898	200.969	15.999980096432784
1009	15.654417	204.973	15.000024393456698
1010	16.261879	209.720	15.000000000000002
1011	16.275392	212.173	15.00002356567518
1012	16.679647	220.757	14.000009059735364
1013	16.745077	219.313	15.00002279846612
1014	17.181232	223.540	15.0
1015	17.267744	225.187	14.999977796231576
1016	18.216020	242.443	13.999991750638292
1017	18.519757	243.815	13.000020507351886
1018	18.829995	254.515	13.000019645207551
1019	18.849294	256.923	13.000003892216734
1020	19.170974	270.983	12.000014761073574
1021	19.164937	269.246	13.000007428151207
1022	21.201773	330.025	12.000000000000002
1023	21.049292	336.317	11.999988106459085
