-1	0	90	0
0	0.082439	96.405	137.00015559358954
1	0.082099	98.071	136.99972468925574
2	0.089252	97.579	125.00025620266656
3	0.088895	98.847	127.0003136159924
4	0.096234	98.244	117.00052929440984
5	0.095806	99.578	116.9997388981502
6	0.110003	100.543	100.99957232228995
7	0.109501	101.663	101.99974425307143
8	0.116894	101.232	96.00027659238185
9	0.116377	102.724	95.99996106070635
10	0.123817	102.118	89.99980414814236
11	0.123204	103.284	90.99957399016303
12	0.130725	102.975	85.00024277737315
13	0.130067	104.594	86.00015297244585
14	0.137505	104.052	82.00034598085571
15	0.136960	105.701	82.0001702916718
16	0.151238	106.355	74.0002820741855
17	0.150599	107.827	74.00001854823003
18	0.158227	107.285	71.99981358064967
19	0.157295	108.808	71.00029409602234
20	0.165091	108.662	67.99985275441276
21	0.164138	110.453	67.99996378550152
22	0.171964	110.912	65.00018032313906
23	0.171056	111.369	65.00013468739057
24	0.185655	120.417	59.99983391049437
25	0.184761	118.130	60.00000000000001
26	0.192553	113.655	58.00008798557037
27	0.191415	115.631	58.99974920220356
28	0.199397	115.352	55.99989597059435
29	0.198280	117.004	55.999794878807556
30	0.247779	139.818	44.999928478450556
31	0.246691	141.024	45.00014181983209
32	0.156536	99.520	70.99979903536978
33	0.155218	99.972	72.00016004481255
34	0.167461	100.295	66.00029911760306
35	0.170923	101.722	64.99970507854741
36	0.181504	101.233	60.99987158337696
37	0.184544	102.361	60.99979484373931
38	0.208411	103.509	53.00022220290023
39	0.208508	105.175	53.000237699072976
40	0.221794	104.552	50.0
41	0.219810	106.218	49.99999999999999
42	0.235494	105.909	46.99978283243161
43	0.231173	106.785	48.00018729222269
44	0.247074	107.205	43.99981344153724
45	0.249743	108.772	43.00003677416982
46	0.264482	108.724	41.99992641918987
47	0.260781	109.898	41.99985441045333
48	0.286144	111.303	37.99987421722685
49	0.282143	112.803	38.99984929478826
50	0.301094	112.936	36.000035418290004
51	0.299968	114.343	37.00007871054633
52	0.309737	116.161	36.000034434965265
53	0.316723	116.094	35.000086137095806
54	0.306977	116.169	34.9998708777729
55	0.316960	118.720	35.0
56	0.352510	127.216	31.999905672242487
57	0.352669	121.458	31.000016466597504
58	0.353801	121.568	30.999934193208738
59	0.356470	125.727	29.99992046258958
60	0.383644	130.968	27.99996945818826
61	0.374068	125.047	29.999920030068697
62	0.463964	153.996	22.999948050598714
63	0.465613	159.730	23.00006260564703
64	0.228720	100.998	46.99994059288302
65	0.226492	102.829	48.99979577745578
66	0.246034	102.739	43.99984426556614
67	0.240190	104.313	46.000019173065674
68	0.266146	103.741	41.00018314841769
69	0.264207	105.361	40.99999050882205
70	0.305349	106.333	36.00011285301835
71	0.308143	107.009	34.99985982487455
72	0.320144	107.835	34.000092734269955
73	0.310911	109.291	35.00013724826381
74	0.340175	108.422	31.999963107118482
75	0.341219	110.556	32.00007236151815
76	0.355578	110.577	31.000117565135607
77	0.340317	112.091	31.999892944125758
78	0.381352	113.032	28.00003538820865
79	0.374622	113.076	28.99996462556157
80	0.420136	115.208	25.999930560377752
81	0.407558	117.044	27.000102525545948
82	0.441103	117.529	24.000034034153273
83	0.437986	119.452	25.000000000000004
84	0.458317	120.491	23.000058095625402
85	0.452447	121.050	24.0
86	0.471502	122.478	23.000048988389754
87	0.457612	123.646	23.999967649580253
88	0.506817	126.986	20.999952750696924
89	0.503396	129.076	21.00003098949456
90	0.514888	129.600	21.0
91	0.531563	130.176	21.000030727630286
92	0.541977	130.865	20.0
93	0.538416	132.430	20.0
94	0.642467	158.835	17.00003147920798
95	0.641510	161.212	16.000049624097464
96	0.292129	103.129	37.99998060681283
97	0.294310	105.127	37.00000951230417
98	0.315705	105.074	35.00009517102232
99	0.320198	108.215	33.99990759136904
100	0.342086	106.503	32.000037557627486
101	0.343694	107.203	32.00003731238864
102	0.396588	111.137	27.000008997903485
103	0.394009	110.886	27.999927853831867
104	0.423356	111.192	25.000000000000004
105	0.414937	111.438	26.00010768319604
106	0.441414	114.056	25.0
107	0.442682	114.016	25.0
108	0.448452	114.629	24.00003489518359
109	0.447538	116.579	24.000034311496925
110	0.492714	116.964	21.999931602886356
111	0.479647	118.013	23.000008473642733
112	0.535706	121.595	20.0
113	0.534245	122.030	20.0
114	0.559112	122.895	18.99995931486228
115	0.567180	124.089	19.00007252858835
116	0.592260	125.256	17.999936130804112
117	0.587685	126.894	18.000063044746007
118	0.601297	128.606	17.999937794504145
119	0.613274	130.083	18.0000461243975
120	0.666456	133.019	15.999969929107872
121	0.666404	133.894	15.999970125621761
122	0.672813	138.181	16.00002894753982
123	0.684282	137.162	16.000058325192107
124	0.693455	139.493	15.000035844092537
125	0.711056	139.627	14.999964190307033
126	0.843428	171.042	11.99997661393108
127	0.811632	171.531	12.999982510450007
128	0.358237	105.857	29.99990553293594
129	0.358887	107.083	30.0000933855047
130	0.383601	106.161	27.99992464275958
131	0.390565	108.207	28.000036966185185
132	0.421048	108.381	25.99994463974313
133	0.420423	109.885	25.9999089957683
134	0.477644	112.341	21.999982197060735
135	0.462727	113.035	22.999955765913214
136	0.515467	113.895	21.000043900083412
137	0.501366	114.529	20.99992141728296
138	0.537935	116.050	20.0
139	0.544585	117.530	20.0
140	0.561956	117.695	18.999957517311696
141	0.560349	119.695	18.9999582271607
142	0.584533	119.667	17.999949860863897
143	0.578903	122.033	18.00004916702859
144	0.650088	124.700	16.0
145	0.661376	126.588	15.999936802856512
146	0.680183	129.360	15.0
147	0.689717	127.640	15.0
148	0.693284	130.273	15.00003838093849
149	0.718106	132.813	15.000037646917095
150	0.730786	137.133	15.000036460953963
151	0.743729	139.200	15.000000000000002
152	0.807893	157.346	13.000012710841077
153	0.806816	145.338	13.000041283078067
154	0.837076	142.054	12.999985920847003
155	0.828066	143.908	12.999972204463964
156	0.851194	147.492	11.999972879885012
157	0.845801	146.631	12.999979540479162
158	0.978409	175.982	10.999988635201328
159	0.980407	175.200	11.000000000000002
160	0.424151	107.748	24.999999999999996
161	0.419868	108.942	26.000073433570158
162	0.456039	107.979	24.000037044240084
163	0.453199	110.533	24.00007237657532
164	0.498145	111.090	21.00009001710325
165	0.490942	111.777	22.00005367830591
166	0.559732	113.311	18.99992057258342
167	0.565540	116.789	19.00007706205208
168	0.594759	116.333	18.000051576079017
169	0.595544	117.721	19.000008494661103
170	0.630516	118.924	16.999932730146984
171	0.616567	120.659	16.99997513654182
172	0.647314	120.647	17.000008288643727
173	0.665396	122.788	17.000032576473274
174	0.705283	124.893	15.000040034269336
175	0.671477	125.106	16.000031972886994
176	0.770414	129.454	12.999984550496702
177	0.759743	131.114	14.00003050780237
178	0.805597	131.838	13.000045510399127
179	0.799443	135.185	12.999963013647964
180	0.841265	137.225	12.0
181	0.834520	137.700	12.000000000000002
182	0.871074	138.483	12.000028884411805
183	0.865450	141.017	11.999971634625613
184	0.933405	144.827	11.000020714369558
185	0.933523	148.173	10.999979753396369
186	0.983284	151.270	10.0
187	0.974384	152.380	10.0
188	0.992259	155.300	10.0
189	0.990419	156.990	10.0
190	1.122929	186.189	8.999994629113429
191	1.162887	184.189	8.999994570794131
192	0.466611	109.417	23.0000822541287
193	0.475457	110.665	23.000045181403333
194	0.520248	112.145	20.0
195	0.517176	112.119	21.000008919094892
196	0.554413	112.063	19.00002677065579
197	0.538985	112.500	20.0
198	0.632226	118.047	17.000008471202147
199	0.628176	118.706	16.99998315165198
200	0.672749	120.181	16.000033283131277
201	0.660287	120.994	15.999966940509447
202	0.703684	122.673	15.000040758765172
203	0.714797	124.657	14.000016044024806
204	0.743655	124.850	14.000000000000002
205	0.748419	127.207	14.000015722405214
206	0.794967	128.692	13.000031081963137
207	0.778434	130.808	12.999969420830531
208	0.873635	134.942	11.999970357635132
209	0.855658	133.792	13.00002989715379
210	0.913546	136.150	12.0
211	0.928509	137.783	12.000029031157691
212	0.942370	140.364	10.9999715026645
213	0.914699	144.782	10.999986186128108
214	0.964229	146.840	10.0
215	0.982518	147.118	11.00001359452956
216	1.057424	152.700	10.0
217	1.062877	151.980	10.0
218	1.083043	158.911	9.000006292830578
219	1.107911	161.233	9.00001860661279
220	1.148415	164.122	9.000012186056713
221	1.073567	163.170	10.000000000000002
222	1.307977	193.600	8.0
223	1.300053	194.325	8.0
224	0.534350	112.085	20.0
225	0.537247	112.955	20.0
226	0.579907	114.167	17.999947445408917
227	0.570134	112.653	18.99993786228507
228	0.616295	115.659	16.99997406168132
229	0.627158	118.894	17.00001682170673
230	0.708809	127.927	14.999960915209455
231	0.702674	127.647	14.999960829475036
232	0.748354	123.907	14.000016141138113
233	0.738492	122.836	13.999967436256473
234	0.776633	124.750	14.0
235	0.792804	125.486	13.999968123934144
236	0.830156	126.769	13.000023665091623
237	0.820215	130.333	12.000030690615578
238	0.877041	130.758	12.000030590862508
239	0.882942	134.825	12.000000000000002
240	0.959651	137.564	10.999970922625106
241	0.948220	140.264	10.999971482347574
242	0.988836	141.355	10.999964628064095
243	1.014724	142.790	10.000000000000002
244	1.042419	144.900	10.0
245	1.047497	145.430	10.0
246	1.084191	150.789	8.999993368216515
247	1.087168	152.667	8.999980349387883
248	1.159263	160.912	8.000024858307645
249	1.167919	161.456	8.99997522544842
250	1.212336	161.411	9.000006195364628
251	1.199243	165.011	9.000006060202047
252	1.276009	168.463	7.999976255913762
253	1.226775	171.275	8.0
254	1.442511	202.214	7.000009890512032
255	1.437592	209.171	7.00001434233235
256	0.565125	112.140	20.0
257	0.578127	113.089	19.000079583337016
258	0.630603	113.441	17.000026445465043
259	0.614819	116.165	16.999956957775577
260	0.655268	117.688	17.000033988172117
261	0.670030	119.381	16.000033506169324
262	0.765343	124.771	14.000048088097394
263	0.763618	125.485	12.999960154600151
264	0.821512	127.138	13.000047192814106
265	0.794665	127.377	12.999992149289119
266	0.870489	131.867	11.999969666406304
267	0.850479	129.377	12.999992270650889
268	0.903264	133.017	11.999969928655737
269	0.895639	134.018	11.000014923368504
270	0.960408	136.618	11.000014639359382
271	0.954406	136.182	10.999985313771278
272	1.059514	145.580	9.999999999999998
273	1.042534	144.500	10.0
274	1.080483	147.940	10.0
275	1.076416	149.980	10.0
276	1.169513	152.633	9.00001965498942
277	1.149933	156.333	9.000019189806375
278	1.203137	155.522	9.000012859916925
279	1.179701	157.200	9.0
280	1.237067	171.225	8.0
281	1.276464	169.912	8.000023541598003
282	1.302717	177.343	6.999994361209634
283	1.288497	172.850	8.0
284	1.368622	184.071	7.000016298058902
285	1.339847	183.857	7.000005439009665
286	1.577514	234.733	6.000008520318831
287	1.558589	225.929	6.99998672149215
288	0.631405	114.359	16.999973766822027
289	0.618949	115.067	17.999947856466232
290	0.686075	116.487	16.000068677191447
291	0.674487	118.344	15.999966200229839
292	0.728158	118.100	15.0
293	0.703939	119.733	15.000041759581736
294	0.824833	126.062	12.999952404372452
295	0.833088	127.046	13.000015742329548
296	0.881630	130.758	12.000030590862508
297	0.869222	130.125	12.0
298	0.940901	132.418	11.000015103686808
299	0.917101	135.191	10.999992603057896
300	0.975588	136.445	11.000036644801936
301	0.972631	135.736	11.000029468969176
302	1.013983	140.420	10.000000000000002
303	1.027518	138.550	10.0
304	1.149126	148.856	8.999973128392542
305	1.131976	150.800	9.0
306	1.178052	150.733	9.000019902741933
307	1.163559	151.167	8.999980154398777
308	1.202081	159.088	7.999974856683094
309	1.192913	160.938	7.9999751457082855
310	1.287891	165.457	7.0000060438663825
311	1.298917	165.050	8.0
312	1.360180	173.200	8.0
313	1.358180	174.429	6.999982801025059
314	1.434713	182.414	7.000010964070741
315	1.390725	176.643	6.999994338864263
316	1.483658	187.157	7.000005343107658
317	1.466989	186.457	7.000005363166843
318	1.772139	233.383	6.00000856960447
319	1.696184	236.067	5.999991527828964
320	0.675252	116.769	15.999965744332828
321	0.660402	116.041	17.00002585293129
322	0.683430	122.080	15.0
323	0.700674	119.913	15.000041696896918
324	0.774184	123.271	14.00004867324837
325	0.774764	123.292	13.000032443305324
326	0.883791	127.483	12.000031376732583
327	0.879442	129.408	12.00003090999011
328	0.944561	129.145	11.000038716171744
329	0.938990	132.309	11.000007558064834
330	0.996794	135.210	9.999999999999998
331	0.998789	136.200	10.0
332	1.038781	139.820	10.0
333	1.007568	137.682	10.999985473772899
334	1.090776	141.330	9.999999999999998
335	1.099960	142.640	10.000000000000002
336	1.189371	149.256	8.999973200407354
337	1.186309	150.456	8.999973414154304
338	1.233663	157.938	7.999974673606099
339	1.256996	155.644	9.000025699673614
340	1.307756	159.688	7.999974951154752
341	1.305047	157.875	8.0
342	1.353503	168.786	6.999988150676004
343	1.331463	162.638	7.999975405501789
344	1.466435	180.271	7.000016641611797
345	1.436413	179.643	6.999994433404029
346	1.460132	176.686	6.999988680484022
347	1.526869	187.867	5.99998935417077
348	1.560500	193.683	6.000010326151495
349	1.567146	186.600	7.000000000000001
350	1.844837	234.250	6.0
351	1.821108	242.060	5.0
352	0.709872	116.227	14.999956980735973
353	0.707039	117.313	15.000042621022393
354	0.770296	120.757	14.00001656218687
355	0.772137	119.500	14.0
356	0.836073	122.985	12.999959344635524
357	0.817397	123.092	13.000032496019237
358	0.954049	130.136	11.000030737075061
359	0.929049	132.036	11.000030294768093
360	0.992428	134.240	10.0
361	0.998347	135.470	10.0
362	1.053462	138.490	10.0
363	1.056533	137.360	9.999999999999998
364	1.128242	141.944	9.000028180127375
365	1.118751	140.180	10.0
366	1.151402	143.400	8.999999999999998
367	1.158626	145.056	8.999972424442973
368	1.266424	153.900	8.0
369	1.293385	151.750	8.0
370	1.327284	161.771	7.0000185447329875
371	1.341602	162.714	7.000012291505341
372	1.356821	165.286	6.999987899761625
373	1.341673	161.338	7.999975207328714
374	1.403528	165.488	7.999975829063135
375	1.429886	170.257	7.00000587347363
376	1.548281	177.100	7.000000000000001
377	1.537707	180.314	7.000011091762149
378	1.625259	184.933	6.000010814727496
379	1.584961	192.150	6.0
380	1.648841	190.017	5.999989474625954
381	1.645127	199.167	5.999989958175802
382	1.972293	244.820	5.0
383	1.793817	238.817	5.999991625386802
384	0.747756	118.986	13.999966382599633
385	0.746837	117.636	13.9999659968037
386	0.818006	121.377	12.99999176120682
387	0.800474	122.731	12.99997555629792
388	0.877725	125.883	12.000031775537602
389	0.849501	123.500	13.0
390	0.996032	132.800	10.0
391	0.976883	133.450	10.0
392	1.048267	134.490	10.0
393	1.046287	136.680	10.0
394	1.111693	138.030	10.0
395	1.114099	138.933	9.00002159314202
396	1.164062	141.200	9.0
397	1.168075	141.344	9.000028299750962
398	1.260248	149.825	8.0
399	1.205882	144.989	8.99999310292505
400	1.306192	154.438	7.999974099638691
401	1.354362	160.057	7.000006247774231
402	1.422164	163.871	7.0000183070830095
403	1.396215	160.050	8.0
404	1.455132	166.757	7.000005996749761
405	1.480426	171.133	6.000011686816686
406	1.553232	173.983	6.000011495375985
407	1.508070	177.033	6.000011297328747
408	1.641615	188.267	5.999989376789347
409	1.634379	186.000	6.0
410	1.663058	184.550	5.999999999999999
411	1.690795	196.580	5.0
412	1.782341	203.540	5.0
413	1.730170	205.640	5.000000000000001
414	1.984268	255.000	4.0
415	1.995553	258.600	4.0
416	0.777615	118.093	13.999983064195167
417	0.788934	121.492	13.000032923978534
418	0.848571	121.615	13.000041113349505
419	0.868337	122.125	12.0
420	0.921719	126.367	11.999968346166325
421	0.905182	124.658	12.0000320877922
422	1.050339	135.600	10.0
423	1.062054	133.380	10.0
424	1.104837	137.800	9.0
425	1.090404	138.878	8.999985598870953
426	1.182053	148.238	7.999973016365575
427	1.126243	143.811	9.000006953571006
428	1.186723	151.950	8.0
429	1.197697	151.525	8.0
430	1.297043	151.638	7.999973621387778
431	1.261022	149.775	8.0
432	1.428670	163.957	7.000006099160146
433	1.391251	159.786	6.999987483258859
434	1.445495	167.471	7.000017913549211
435	1.454939	162.629	6.999981553105536
436	1.515677	174.450	6.000000000000001
437	1.510525	174.450	6.000000000000001
438	1.627129	182.133	6.0000109809864215
439	1.565514	175.471	7.000017096842213
440	1.670939	188.817	5.999989407733414
441	1.752416	184.933	6.000010814727496
442	1.739633	191.367	5.999989548877289
443	1.787132	194.533	6.000010281032011
444	1.827918	199.350	6.0
445	1.813612	205.560	5.0
446	2.075957	265.800	4.0
447	2.115832	263.000	4.0
448	0.830959	121.869	13.000024616596509
449	0.812907	120.977	12.99999173396596
450	0.887582	123.683	12.000032340742058
451	0.866816	124.067	11.999967759355831
452	0.956822	127.373	10.999976447127725
453	0.943313	125.882	10.999984112104988
454	1.081467	133.890	10.000000000000002
455	1.079428	134.920	10.000000000000002
456	1.120157	137.710	9.999999999999998
457	1.129601	137.722	9.000014522008103
458	1.201526	142.956	8.999972019362602
459	1.209199	143.922	9.000013896416114
460	1.257991	146.575	8.0
461	1.274692	151.000	8.0
462	1.349862	150.887	8.000026509904762
463	1.320173	149.787	8.00002670458718
464	1.468983	158.243	6.9999936806051455
465	1.448222	163.514	7.000012231368567
466	1.501154	165.414	7.000012090875018
467	1.534947	166.300	6.999999999999999
468	1.568509	169.943	6.999994115674078
469	1.558522	172.467	5.999988403578655
470	1.640195	180.333	6.000011090593513
471	1.614190	175.750	6.0
472	1.786432	195.220	5.0
473	1.757409	197.340	5.0
474	1.766337	201.280	5.0
475	1.867475	204.400	5.0
476	1.860762	199.067	5.999989953131358
477	1.887433	208.880	5.000000000000001
478	2.229658	268.275	4.0
479	2.181563	258.500	5.0
480	0.857104	121.700	12.0
481	0.844322	120.638	13.000049735572539
482	0.913732	124.073	10.99997582068621
483	0.904885	126.617	11.999968408665504
484	0.992137	126.727	11.000023672934734
485	0.979267	127.609	11.00000783643787
486	1.119647	136.900	8.999999999999998
487	1.113630	134.730	10.0
488	1.197263	139.178	8.999985629912773
489	1.180700	139.233	9.000021546616104
490	1.259604	144.475	8.0
491	1.265183	145.688	7.9999725440667735
492	1.344833	146.875	8.0
493	1.332045	147.712	8.000027079722704
494	1.368863	151.863	7.999973660470293
495	1.369997	153.537	8.0000260523522
496	1.522383	162.243	6.999993836405886
497	1.512105	163.629	6.999981665841631
498	1.559730	163.550	8.0
499	1.581921	170.800	5.999999999999999
500	1.666185	179.350	6.0
501	1.657508	173.617	5.999988480390746
502	1.738618	186.640	5.000000000000001
503	1.731759	189.450	6.000000000000001
504	1.839257	195.560	5.0
505	1.846952	202.320	5.0
506	1.917179	206.975	4.0
507	1.864161	207.160	5.0
508	1.991707	204.260	5.0
509	1.977835	202.420	5.0
510	2.276571	272.150	4.0
511	2.301158	258.075	4.0
512	0.842090	120.800	13.000000000000002
513	0.856334	120.238	13.000049901029623
514	0.914025	122.658	12.00003261099969
515	0.929678	125.036	11.000031990786654
516	0.993735	128.290	10.000000000000002
517	0.991873	128.480	10.0
518	1.101513	134.956	8.999970360710158
519	1.126304	136.111	9.000007346944773
520	1.188757	140.287	8.000028512976968
521	1.185821	140.100	8.0
522	1.266575	142.525	8.0
523	1.235113	144.675	8.0
524	1.347611	146.625	8.0
525	1.345018	148.112	8.000027006589608
526	1.407400	155.057	7.000006449241248
527	1.401695	154.471	7.000019421121116
528	1.541639	165.817	5.999987938510526
529	1.506952	166.817	5.999988010814245
530	1.524598	170.917	5.99998829841385
531	1.599897	172.200	6.000000000000001
532	1.640520	169.317	5.999988187837015
533	1.671573	178.617	5.999988802857511
534	1.680726	179.117	5.999988834114015
535	1.726741	177.433	6.000011271860364
536	1.852559	198.540	5.0
537	1.832438	192.200	6.000000000000001
538	1.923794	200.920	5.0
539	1.892591	198.267	5.999989912592615
540	1.960524	209.920	5.0
541	1.994016	203.820	5.0
542	2.198988	270.100	4.0
543	2.305983	273.350	4.0
544	0.850019	121.069	13.00002477925811
545	0.858804	123.100	12.000000000000002
546	0.903994	127.275	11.999999999999998
547	0.925286	124.533	12.000032120000322
548	0.985117	130.718	11.000015300111693
549	1.009428	130.190	10.0
550	1.148841	135.389	8.999992613875573
551	1.139146	134.978	8.999985182770525
552	1.218534	139.912	8.00002858939905
553	1.190264	140.667	8.99997867303632
554	1.285377	142.450	8.0
555	1.274203	145.375	8.0
556	1.340953	145.025	8.0
557	1.348561	147.312	8.00002715325296
558	1.394321	154.029	6.999980523148238
559	1.398518	152.100	8.0
560	1.514261	161.229	6.999981392925589
561	1.514277	162.643	6.9999938515644695
562	1.616821	165.317	5.999987902030644
563	1.552488	172.383	6.00001160207213
564	1.669829	174.450	6.000000000000001
565	1.679204	169.817	5.99998822261611
566	1.738997	184.920	5.000000000000001
567	1.700365	183.933	6.000010873524598
568	1.853454	192.340	5.0
569	1.830215	196.960	5.0
570	1.935470	195.700	5.0
571	1.920810	205.680	5.0
572	2.022662	208.740	5.0
573	1.967767	208.380	5.000000000000001
574	2.261043	270.475	4.0
575	2.303999	269.625	4.0
576	0.880720	121.733	12.000032858797532
577	0.877368	122.117	11.99996724452779
578	0.922389	122.417	11.99996732479966
579	0.958991	125.509	11.00000796755611
580	0.986272	126.573	10.999976298262663
581	0.997181	128.420	10.000000000000002
582	1.147491	136.311	9.000007336165092
583	1.152760	134.300	9.0
584	1.221567	140.162	8.000028538405559
585	1.204654	139.938	7.999971415912762
586	1.293752	144.857	7.000006903359865
587	1.285042	146.850	8.0
588	1.373776	146.375	8.0
589	1.324023	146.375	8.0
590	1.413120	151.400	8.0
591	1.404285	153.357	7.000006520732669
592	1.550987	163.983	6.00001219638621
593	1.555563	168.000	6.0
594	1.662489	172.133	6.000011618922577
595	1.615666	172.183	6.000011615548573
596	1.708187	176.000	5.0
597	1.671794	179.050	5.999999999999999
598	1.741761	178.800	5.999999999999999
599	1.726743	178.233	6.000011221266544
600	1.867462	196.220	5.0
601	1.877181	193.420	5.0
602	1.935879	203.860	4.999999999999999
603	1.933496	203.920	5.0
604	2.037716	201.960	5.0
605	1.982734	200.980	5.0
606	2.324078	270.475	4.0
607	2.327220	264.325	4.0
608	0.880405	121.017	11.9999669467926
609	0.880157	120.217	11.999966726835638
610	0.952212	123.836	11.000032300784909
611	0.946340	126.255	10.999960397608016
612	1.008562	128.390	10.000000000000002
613	1.010559	129.160	10.0
614	1.157966	136.011	9.0000073523465
615	1.152679	135.722	9.000014736004479
616	1.238781	138.750	8.0
617	1.194051	142.225	8.0
618	1.293619	144.200	8.0
619	1.306136	142.450	8.0
620	1.361931	149.600	7.000000000000001
621	1.362138	146.488	7.999972694009066
622	1.420841	150.562	8.000026567128492
623	1.433698	152.429	6.999980318705758
624	1.580649	166.617	5.999987996422934
625	1.547945	166.150	6.0
626	1.587903	163.814	7.000012208968709
627	1.641313	169.650	6.0
628	1.708248	174.480	5.0
629	1.718798	176.950	6.000000000000001
630	1.777443	177.883	6.0000112433453445
631	1.773446	177.083	6.000011294138907
632	1.869374	188.520	5.0
633	1.893225	198.060	5.0
634	1.933078	191.260	5.0
635	1.938454	206.160	5.0
636	2.021494	206.720	5.0
637	1.940812	201.400	5.0
638	2.304156	267.775	4.0
639	2.305807	257.650	4.0
640	0.878656	121.133	12.00003302155482
641	0.882834	121.542	11.999967089565747
642	0.963201	124.275	11.999999999999998
643	0.964122	123.645	11.000040438351732
644	1.034504	128.470	10.0
645	1.026459	128.060	10.0
646	1.158036	133.511	9.000007490019549
647	1.151621	134.189	8.999992547824338
648	1.253099	140.587	8.000028452132844
649	1.239817	137.644	9.000029060474848
650	1.291922	141.700	8.0
651	1.292013	145.600	8.0
652	1.349201	146.275	8.0
653	1.391505	148.229	6.999979761045409
654	1.469286	153.657	7.0000065080015865
655	1.431631	152.229	6.9999802928482735
656	1.590909	165.233	6.000012104119637
657	1.588285	163.357	7.000006121561978
658	1.641789	166.350	6.0
659	1.598906	163.529	6.999981654630066
660	1.735353	173.983	6.000011495375985
661	1.692021	178.717	5.999988809122803
662	1.794879	189.900	5.0
663	1.754759	184.400	6.0
664	1.930961	187.940	5.0
665	1.834303	197.520	5.0
666	1.955354	204.500	5.0
667	1.972928	201.980	5.0
668	2.007759	198.400	5.0
669	2.001049	199.320	5.0
670	2.339580	268.233	3.000003728102061
671	2.411339	274.350	4.0
672	0.895670	119.492	11.999966524955646
673	0.874580	122.208	12.000032731081435
674	0.970645	125.518	11.00001593396963
675	0.957587	123.218	11.000016231394763
676	1.035898	129.220	10.0
677	1.033023	126.364	10.999968345414834
678	1.167724	131.989	8.99999242361106
679	1.172907	133.211	9.000007506887568
680	1.242159	140.387	8.000028492666699
681	1.238716	138.089	8.999992758293564
682	1.331211	141.287	8.000028311168048
683	1.309779	141.138	7.9999716589437275
684	1.395555	150.271	7.000019963931831
685	1.376527	145.350	8.0
686	1.461269	150.271	7.000019963931831
687	1.433556	155.600	7.000000000000001
688	1.612133	161.250	6.0
689	1.558585	164.283	6.000012174114182
690	1.675242	170.267	5.999988253742652
691	1.656100	167.683	6.000011927267523
692	1.695750	171.860	4.999999999999999
693	1.719710	175.317	5.99998859209318
694	1.774145	178.917	5.999988821632377
695	1.776696	181.800	5.999999999999999
696	1.919423	189.760	5.0
697	1.876616	186.000	6.0
698	1.996096	200.780	5.0
699	1.937940	198.560	5.0
700	2.044714	208.300	4.0
701	2.027142	210.625	4.0
702	2.377636	267.800	4.0
703	2.439007	265.300	4.0
704	0.911306	119.633	12.000033435590513
705	0.888637	120.958	12.00003306932985
706	0.988772	121.518	11.000016458467059
707	0.991045	125.910	10.0
708	1.042783	127.690	10.000000000000002
709	1.051626	129.200	10.0
710	1.184091	134.089	8.999992542266703
711	1.157857	137.122	9.00001458555155
712	1.226945	137.167	8.999978128850234
713	1.254991	138.567	8.99997834982355
714	1.324249	141.488	7.999971729051228
715	1.325353	142.175	8.0
716	1.394780	142.625	8.0
717	1.356066	147.237	8.000027167084362
718	1.474507	150.514	7.00001328780047
719	1.470128	150.971	7.000019871366024
720	1.594401	165.117	5.999987887376831
721	1.566492	158.800	6.999999999999999
722	1.663255	165.100	6.0
723	1.649999	170.700	6.000000000000001
724	1.696111	170.683	6.000011717628586
725	1.726763	169.900	6.0
726	1.822702	180.040	5.000000000000001
727	1.813050	177.983	6.0000112370282555
728	1.909623	188.320	5.0
729	1.938017	185.320	5.0
730	2.030673	205.040	5.0
731	2.040449	204.100	5.0
732	2.055913	203.580	5.0
733	2.105416	206.820	5.0
734	2.485269	271.267	2.9999963135950924
735	2.446391	272.950	4.0
736	0.910146	118.608	12.000033724537973
737	0.907508	121.900	11.0
738	0.984806	123.282	10.99998377703152
739	0.984715	122.845	11.00004070169726
740	1.032365	125.960	10.0
741	1.050484	127.600	9.000000000000002
742	1.202649	134.222	9.00001490068692
743	1.173701	132.711	9.000007535170408
744	1.279340	138.775	8.0
745	1.262581	137.988	7.999971011972057
746	1.322683	144.057	7.00000694169669
747	1.325103	144.625	8.0
748	1.411181	146.757	7.0000068139850224
749	1.400680	150.514	7.00001328780047
750	1.496826	153.417	5.99998696363506
751	1.470844	155.314	7.000012877139215
752	1.578685	161.057	7.000006208981914
753	1.592578	159.633	6.000012528737791
754	1.687024	169.183	6.000011821518711
755	1.658720	167.933	6.000011909511532
756	1.733434	166.867	5.999988014406684
757	1.715634	167.883	6.000011913058499
758	1.849133	184.840	5.0
759	1.775779	176.100	6.0
760	1.943735	186.420	5.000000000000001
761	1.905262	198.240	5.0
762	2.076413	196.000	5.0
763	2.029244	191.720	5.0
764	2.043628	214.225	4.0
765	2.061979	215.025	4.0
766	2.384728	269.675	4.0
767	2.398060	253.975	4.0
768	0.923368	120.591	10.999991707507194
769	0.927110	120.827	11.000024828887582
770	0.992422	123.545	11.00004047108341
771	0.961133	123.936	11.000032274722436
772	1.092416	125.360	10.0
773	1.068285	127.360	10.0
774	1.213351	136.963	7.999970795032236
775	1.212645	137.562	8.000029077797647
776	1.307807	139.471	7.000021509847925
777	1.269380	140.938	7.999971618725965
778	1.368935	140.537	8.000028462255491
779	1.339914	147.388	7.9999728607485
780	1.425684	148.357	7.000006740497583
781	1.377482	152.886	6.99998691835747
782	1.500388	157.643	6.999993656553098
783	1.506518	153.771	7.000019509530407
784	1.661701	161.167	5.999987590511705
785	1.646008	165.620	5.0
786	1.722380	167.833	6.00001191660758
787	1.723537	169.767	5.99998821914742
788	1.757140	169.983	6.00001176588247
789	1.767508	169.467	5.999988198292292
790	1.872794	175.750	6.0
791	1.842310	178.960	4.999999999999999
792	1.993931	195.160	5.0
793	1.972298	194.540	5.0
794	2.104573	194.740	5.0
795	2.063477	198.820	5.0
796	2.138177	203.360	4.999999999999999
797	2.122360	209.140	5.000000000000001
798	2.459114	258.825	4.0
799	2.521067	264.725	4.0
800	0.937561	120.991	10.999991734922434
801	0.935252	119.608	12.000033442579092
802	1.001053	124.890	10.0
803	0.997166	125.070	10.000000000000002
804	1.111020	128.333	9.000023376684096
805	1.066770	128.380	10.0
806	1.231391	132.644	9.000030155906034
807	1.237342	134.688	7.999970301734379
808	1.307806	138.188	7.999971053926536
809	1.287608	137.525	8.0
810	1.399511	144.486	6.999986157828441
811	1.393533	145.043	6.9999931054928535
812	1.442677	144.014	7.000013887538711
813	1.439868	147.929	6.999979720000811
814	1.534219	149.257	7.000006699853273
815	1.514905	148.957	7.000006713346806
816	1.665011	164.383	6.000012166708236
817	1.634571	163.800	5.999999999999999
818	1.712932	162.667	5.999987704943227
819	1.701299	173.050	5.999999999999999
820	1.804699	172.560	5.0
821	1.808283	177.820	5.0
822	1.843254	180.260	5.0
823	1.873984	177.017	5.999988701650124
824	1.971742	188.860	4.999999999999999
825	2.032348	185.660	5.0
826	2.091314	205.600	4.0
827	2.017042	205.025	4.0
828	2.105641	213.500	4.0
829	2.142994	213.425	4.0
830	2.561919	242.400	4.0
831	2.497937	250.000	4.0
832	0.942966	123.073	10.999975624223023
833	0.933715	120.000	12.0
834	1.044317	124.350	10.0
835	1.021002	123.109	11.000008122882974
836	1.101902	126.890	10.0
837	1.080786	125.000	10.0
838	1.261408	134.987	8.000029632483129
839	1.256245	136.012	8.000029409169779
840	1.338033	136.562	8.000029290725092
841	1.326388	137.912	8.00002900400255
842	1.416730	143.343	6.999993023726307
843	1.412669	142.863	7.999972001147953
844	1.481316	146.243	6.999993162065877
845	1.490422	151.750	6.0
846	1.546229	151.850	6.0
847	1.548887	155.417	5.999987131394892
848	1.661525	165.233	6.000012104119637
849	1.692672	163.883	6.00001220382834
850	1.770971	163.800	5.999999999999999
851	1.728277	164.917	5.999987872687473
852	1.843612	174.780	5.0
853	1.813427	173.400	6.0
854	1.909823	177.300	5.0
855	1.914963	182.700	5.0
856	2.081736	190.360	4.999999999999999
857	2.048986	192.640	5.000000000000001
858	2.101743	195.300	5.0
859	2.140147	198.880	5.0
860	2.145554	203.225	4.0
861	2.149491	215.225	4.0
862	2.556853	245.550	4.0
863	2.496760	252.200	4.0
864	0.964029	119.609	11.000008360574874
865	0.973743	121.745	11.000041069448438
866	1.043420	124.150	10.0
867	1.034538	124.430	9.999999999999998
868	1.084456	125.890	10.0
869	1.105227	127.300	10.0
870	1.257171	132.878	8.999984948599469
871	1.273996	135.113	7.999970395150727
872	1.350143	139.743	6.999992844006498
873	1.341887	141.314	7.000014152879404
874	1.406136	142.529	6.999978951651945
875	1.383826	144.571	7.000020751049657
876	1.494909	149.314	7.000013394591265
877	1.490900	148.786	6.999986557875069
878	1.572977	148.514	7.000013466743875
879	1.542022	150.414	7.000013296634623
880	1.678136	157.783	6.0000126756367935
881	1.697902	166.350	6.0
882	1.828807	167.320	5.0
883	1.764038	171.240	5.0
884	1.873994	176.680	5.0
885	1.875606	171.117	5.999988312090559
886	1.931713	173.740	5.0
887	1.853777	182.160	5.0
888	2.099804	188.160	5.0
889	2.056908	190.700	5.0
890	2.050498	192.720	5.0
891	2.087428	196.840	5.0
892	2.216330	201.250	4.0
893	2.212294	211.950	4.0
894	2.494618	245.200	4.0
895	2.445532	243.850	4.0
896	0.962895	121.855	10.999958967625457
897	0.972195	119.733	12.000033407665388
898	1.050567	121.100	10.0
899	1.056262	122.740	10.000000000000002
900	1.111505	128.144	9.000031214883256
901	1.131203	127.720	10.0
902	1.253907	133.100	9.000000000000002
903	1.241018	135.950	8.0
904	1.350834	139.200	7.0
905	1.294106	144.550	8.0
906	1.430220	143.525	8.0
907	1.402925	145.671	7.000020594353029
908	1.500567	149.583	6.000013370503333
909	1.456792	148.971	7.0000201381476925
910	1.575303	149.386	6.999986611864566
911	1.584054	154.929	6.999980636291462
912	1.742611	163.017	5.999987731340903
913	1.757401	163.750	6.0
914	1.826126	167.380	5.0
915	1.804113	170.860	4.999999999999999
916	1.862573	178.100	5.0
917	1.819828	170.067	5.999988239928968
918	1.905213	177.620	5.0
919	1.953635	181.920	5.000000000000001
920	1.982964	191.440	5.0
921	2.050173	192.420	5.0
922	2.160239	195.120	5.0
923	2.190462	201.925	4.0
924	2.281961	215.325	4.0
925	2.262848	205.975	4.0
926	2.585198	273.467	2.9999963432516537
927	2.592461	273.600	2.9999999999999996
928	0.984144	122.500	10.0
929	0.979730	122.500	11.0
930	1.079213	123.010	9.999999999999998
931	1.063107	125.580	10.0
932	1.131856	126.360	10.0
933	1.146079	127.067	8.999976390408209
934	1.289842	134.688	7.999970301734379
935	1.284079	135.150	8.0
936	1.375490	138.271	7.000021696523494
937	1.344664	140.029	6.999978575866428
938	1.416581	142.686	6.999985983207883
939	1.410597	145.029	6.999979314481932
940	1.521600	143.886	6.99998610010703
941	1.518701	149.783	6.000013352650168
942	1.598392	153.767	5.999986993308057
943	1.604384	151.329	6.999980175643795
944	1.733237	161.317	5.99998760205062
945	1.732591	161.467	5.999987613568097
946	1.808788	165.820	5.0
947	1.814020	170.480	5.0
948	1.833783	176.240	5.0
949	1.916913	169.983	6.00001176588247
950	1.967308	178.920	5.000000000000001
951	1.958705	174.180	5.0
952	2.147826	199.175	4.0
953	2.110522	188.040	5.000000000000001
954	2.209195	192.140	5.000000000000001
955	2.198512	198.800	4.0
956	2.241185	210.600	4.0
957	2.235971	198.700	4.0
958	2.571395	272.200	3.0
959	2.635258	273.500	3.0
960	0.989735	119.945	11.000041685772647
961	0.994216	120.464	10.999966795059104
962	1.082463	123.989	8.999991934768408
963	1.072388	125.811	9.000007948430582
964	1.157181	128.422	9.000015573655604
965	1.154563	128.944	9.000031021218515
966	1.323443	135.543	6.999992622267472
967	1.322372	136.263	7.999970645002677
968	1.396209	137.475	8.0
969	1.392571	139.529	6.999978499093379
970	1.500397	144.943	6.999993100736151
971	1.452967	143.043	6.999993009095166
972	1.521880	149.817	5.99998665038013
973	1.521824	149.500	6.0
974	1.620347	154.767	5.999987077348531
975	1.642110	150.367	5.999986699209269
976	1.796562	163.620	5.0
977	1.821402	167.440	5.0
978	1.775284	164.183	6.000012181529148
979	1.841091	165.350	6.0
980	1.963349	174.120	5.0
981	1.926433	167.840	5.0
982	2.045816	183.680	5.0
983	2.013545	180.700	5.0
984	2.170944	188.220	5.0
985	2.163410	195.700	4.0
986	2.222448	203.200	4.0
987	2.211888	199.200	5.0
988	2.277990	205.950	4.0
989	2.288170	199.340	5.0
990	2.612020	259.825	4.0
991	2.641624	264.700	3.0
992	0.982135	135.173	10.999977806218698
993	0.961509	133.800	10.999999999999998
994	1.078543	139.760	10.0
995	1.037930	141.530	10.0
996	1.173203	143.422	9.000013944862015
997	1.117166	146.267	8.999979489563607
998	1.300916	155.838	7.999974332319461
999	1.356329	154.763	7.999974154029063
1000	1.458900	165.429	6.999981865331955
1001	1.446739	162.800	6.999999999999999
1002	1.366268	169.743	6.999994108740862
1003	1.439510	172.229	6.999982581330669
1004	1.584075	173.529	6.999982711823384
1005	1.601738	175.700	7.000000000000001
1006	1.597835	182.714	7.00001094606872
1007	1.686339	183.367	5.999989092912029
1008	1.764019	203.767	5.999990184868011
1009	1.787869	201.383	6.000009931324888
1010	1.961874	206.860	4.999999999999999
1011	1.921810	208.760	5.0
1012	1.988910	222.600	5.0
1013	2.003214	215.460	5.0
1014	2.063369	233.100	4.0
1015	2.113337	231.050	4.0
1016	2.249953	254.825	4.0
1017	2.239102	241.960	5.0
1018	2.377077	259.500	4.0
1019	2.373259	247.800	4.0
1020	2.337079	279.925	4.0
1021	2.380036	264.725	4.0
1022	2.789982	327.950	4.0
1023	2.785006	345.933	3.0000028907331764
