0	0.0010329422727647808	0	219.63299999999998	219.63299999999998	26252.175633	12.8	14	511	10
0.0010329422727647808	0.06980040727485892	0	179.12900000000002	179.12900000000002	402.694653	12.6	13	1020	15
0.06980040727485892	0.35221469663275	47.929	93.9	45.971000000000004	62.112293	11.4	7	31	11
0.06980040727485892	0.43416839498898024	0	47.929	47.929	62.141115	11.4	7	30	51
0.06980040727485892	0.7788211105198934	93.9	207.9	114.0	68.112564	11.2	6	1015	8
0.7788211105198934	2.6317827080786174	35.7	141.95600000000002	106.256	12.059741	10.6	3	1009	26
0.7788211105198934	2.688731477710566	0	35.7	35.7	15.762095	12.4	12	149	46
0.7788211105198934	4.527019644898084	141.95600000000002	201.75600000000003	59.80000000000001	10.738954	11.6	8	996	22
0.7788211105198934	6.393104499820358	201.75600000000003	219.53400000000005	17.778000000000006	10.2224	12.4	12	104	57
6.393104499820358	8.574924951962506	0	60.91399999999999	60.91399999999999	13.905161	12.2	11	248	37
6.393104499820358	8.628057594713615	60.91399999999999	101.57	40.656000000000006	11.169851	12.2	11	210	12
6.393104499820358	10.830428615807364	101.57	155.23399999999998	53.66399999999999	9.155157	10.8	4	812	25
6.393104499820358	12.914392237551304	197.74999999999997	219.33899999999997	21.589	11.227319	12.4	12	137	50
6.393104499820358	13.119955164478366	155.23399999999998	197.74999999999997	42.51599999999999	7.932762	10.8	4	998	60
13.119955164478366	21.697233569756158	0	98.03999999999999	98.03999999999999	2.110522	11.8	9	953	18
13.119955164478366	21.94628440995455	98.03999999999999	188.73999999999998	90.69999999999999	2.013545	11.8	9	983	0
13.119955164478366	30.531607340382262	188.73999999999998	208.52799999999996	19.787999999999997	0.61875	10.2	1	1006	6
13.119955164478366	36.94922911851572	208.52799999999996	217.76699999999997	9.239000000000004	3.571434	11.2	6	32	38
36.94922911851572	37.35268283039803	0	47.929	47.929	62.141115	11.4	7	30	20
37.35268283039803	38.64308803637717	0	182.22899999999998	182.22899999999998	15.716876	10.6	3	1021	21
38.64308803637717	54.15673304915747	64.595	129.19	64.595	1.088948	10.2	1	863	75
38.64308803637717	54.941141809642346	0	64.595	64.595	1.088948	10.2	1	863	32
38.64308803637717	76.66205927928222	129.19	168.994	39.804	0.854594	10.2	1	893	28
38.64308803637717	94.43421478952658	168.994	214.537	45.543000000000006	1.323443	11.8	9	966	55
94.43421478952658	94.70216616917504	0	210.038	210.038	87.612197	11.2	6	1022	40
94.70216616917504	95.03165171499946	0	47.929	47.929	62.141115	11.4	7	30	29
95.03165171499946	95.03274536870188	0	219.63299999999998	219.63299999999998	26252.175633	12.8	14	511	90
95.03274536870188	95.43781145260115	0	47.929	47.929	62.141115	11.4	7	30	79
95.43781145260115	95.65612624087274	0	210.038	210.038	87.612197	11.2	6	1022	34
95.65612624087274	95.68419917602591	0	179.12900000000002	179.12900000000002	402.694653	12.6	13	1020	35
95.68419917602591	151.46310078593552	96.761	175.553	78.792	0.287143	12.0	10	362	62
95.68419917602591	152.19760233620812	0	96.761	96.761	0.330979	12.0	10	553	4
95.68419917602591	207.84409670294127	175.553	185.017	9.463999999999999	0.3574	10.4	2	582	13
95.68419917602591	240.62934542448065	212.20600000000002	219.779	7.572999999999993	0.559244	10.6	3	32	36
95.68419917602591	249.86344438477073	194.458	212.20600000000002	17.748000000000005	0.424151	11.8	9	160	97
95.68419917602591	256.72285440224107	185.017	194.458	9.441000000000003	0.352682	10.4	2	70	7
256.72285440224107	257.5847617091715	0	100.025	100.025	23.326929	12.4	12	254	27
257.5847617091715	257.585688168692	0	219.63299999999998	219.63299999999998	26252.175633	12.8	14	511	83
257.585688168692	257.65724755690474	0	179.12900000000002	179.12900000000002	402.694653	12.6	13	1020	16
257.65724755690474	259.2343031580092	0	53.19999999999999	53.19999999999999	19.186001	12.4	12	156	87
257.65724755690474	259.2694949813468	53.19999999999999	145.79999999999998	92.6	11.08972	10.6	3	1006	47
257.65724755690474	260.81831071508003	145.79999999999998	216.529	70.72900000000001	12.051151	11.6	8	999	58
260.81831071508003	260.8995947623791	0	179.12900000000002	179.12900000000002	402.694653	12.6	13	1020	67
260.8995947623791	260.9004494354375	0	219.63299999999998	219.63299999999998	26252.175633	12.8	14	511	48
260.9004494354375	261.78063136120784	182.22899999999998	195.39799999999997	13.168999999999997	36.132113	11.4	7	16	70
260.9004494354375	261.81238978933425	0	182.22899999999998	182.22899999999998	15.716876	10.6	3	1021	72
261.81238978933425	269.0824965993369	174.7	181.957	7.257000000000005	3.101002	12.2	11	36	85
261.81238978933425	271.07128797554964	0	174.7	174.7	2.641624	11.8	9	991	39
261.81238978933425	280.1562306516803	181.957	193.301	11.343999999999994	2.23484	10.8	4	97	65
280.1562306516803	280.1578495082455	142.475	211.415	68.94	17656.541319	12.8	14	219	9
280.1562306516803	280.1578531648711	0	142.475	142.475	22983.948092	12.8	14	319	30
280.1578531648711	280.1585763148247	0	219.63299999999998	219.63299999999998	26252.175633	12.8	14	511	68
280.1585763148247	280.2336467619808	0	179.12900000000002	179.12900000000002	402.694653	12.6	13	1020	5
280.2336467619808	280.2349364039772	0	219.63299999999998	219.63299999999998	26252.175633	12.8	14	511	31
280.2349364039772	371.9260464003805	75.936	87.47300000000001	11.537000000000006	0.252754	11.0	5	230	33
280.2349364039772	376.0225901756804	0	75.936	75.936	0.278322	12.0	10	392	1
280.2349364039772	470.0132331238401	87.47300000000001	97.22900000000001	9.756	0.236489	11.0	5	964	23
280.2349364039772	537.9154581777182	97.22900000000001	106.67000000000002	9.441000000000003	0.352682	10.4	2	70	3
280.2349364039772	540.4891108984616	165.43200000000002	217.632	52.19999999999999	0.222455	12.0	10	512	24
280.2349364039772	562.862772897975	106.67000000000002	165.43200000000002	58.762	0.234004	12.0	10	356	41
562.862772897975	599.5251475474441	0	21.953999999999994	21.953999999999994	0.588702	10.4	2	56	80
562.862772897975	600.1965060621999	21.953999999999994	40.467	18.513000000000005	0.33895	11.0	5	1006	63
562.862772897975	637.8396319262504	40.467	124.37499999999999	83.90799999999999	0.579583	10.0	0	1007	54
562.862772897975	660.950514261429	193.382	204.59300000000002	11.210999999999999	0.371499	10.2	1	736	76
562.862772897975	663.3260998025078	204.59300000000002	215.43	10.837000000000003	0.264244	10.2	1	0	49
562.862772897975	675.1385575673487	124.37499999999999	193.382	69.007	0.516008	10.0	0	588	14
675.1385575673487	684.7457483651385	108.69999999999999	206.92	98.22	2.170944	11.8	9	984	93
675.1385575673487	684.9680931685048	0	108.69999999999999	108.69999999999999	2.235971	11.8	9	957	69
675.1385575673487	693.9359443799016	206.92	219.83599999999998	12.915999999999997	2.66305	10.8	4	129	17
693.9359443799016	694.2197478155986	0	47.929	47.929	62.141115	11.4	7	30	44
694.2197478155986	695.252995444416	182.22899999999998	193.29299999999998	11.063999999999993	32.783895	11.4	7	14	45
694.2197478155986	695.2975880600294	0	182.22899999999998	182.22899999999998	15.716876	10.6	3	1021	52
694.2197478155986	696.115611146604	193.29299999999998	200.48799999999997	7.194999999999993	26.159495	11.4	7	7	56
696.115611146604	697.5468882442304	137.572	176.597	39.025000000000006	6.341396	11.6	8	417	91
696.115611146604	697.5751060298684	0	137.572	137.572	16.096272	10.8	4	1024	84
697.5751060298684	698.7946646480956	0	92.0	92.0	22.388729	12.4	12	158	82
697.5751060298684	698.8358851271687	92.0	165.225	73.225	20.803905	12.4	12	127	64
697.5751060298684	700.0571153229243	165.225	216.445	51.22	18.339359	12.4	12	185	98
700.0571153229243	728.3206822317811	0	50.452	50.452	0.83969	10.4	2	862	86
700.0571153229243	734.2252280251137	50.452	72.499	22.046999999999997	0.60291	10.4	2	984	42
700.0571153229243	768.4327838909701	72.499	189.21699999999998	116.71799999999999	0.675394	10.0	0	1015	89
700.0571153229243	802.31032698413	189.21699999999998	211.27999999999997	22.063000000000002	0.554413	11.8	9	196	71
802.31032698413	803.5839247970748	0	180.983	180.983	19.170974	11.6	8	1020	66
803.5839247970748	814.2970950663288	0	174.7	174.7	2.641624	11.8	9	991	74
814.2970950663288	814.493750178504	0	210.038	210.038	87.612197	11.2	6	1022	59
814.493750178504	815.7300963731406	0	180.983	180.983	19.170974	11.6	8	1020	43
815.7300963731406	958.8213807502169	0	9.756	9.756	0.236489	11.0	5	964	61
815.7300963731406	959.8023694080198	9.756	61.95599999999999	52.19999999999999	0.222455	12.0	10	512	53
815.7300963731406	1096.4176331889735	61.95599999999999	114.15599999999998	52.19999999999999	0.222455	12.0	10	512	19
815.7300963731406	1220.9153037798965	166.35599999999997	218.55599999999995	52.19999999999999	0.222455	12.0	10	512	77
815.7300963731406	1222.8264197008634	114.15599999999998	166.35599999999997	52.19999999999999	0.222455	12.0	10	512	81
1222.8264197008634	1278.613093714278	135.227	161.537	26.310000000000002	0.417947	11.0	5	854	88
1222.8264197008634	1279.6105574475503	0	135.227	135.227	0.486539	12.0	10	1001	95
1222.8264197008634	1335.4067222779097	161.537	186.17000000000002	24.632999999999996	0.389861	11.0	5	340	99
1222.8264197008634	1380.6887957934819	186.17000000000002	201.913	15.742999999999995	0.487423	10.4	2	112	92
1222.8264197008634	1390.2844721998217	201.913	213.829	11.915999999999997	0.419019	10.4	2	76	2
1390.2844721998217	1390.2855971487102	0	219.63299999999998	219.63299999999998	26252.175633	12.8	14	511	73
1390.2855971487102	1469.2825568949906	118.55600000000001	130.472	11.915999999999997	0.419019	10.4	2	76	96
1390.2855971487102	1469.953583047945	0	118.55600000000001	118.55600000000001	0.404503	12.0	10	973	78
1390.2855971487102	1548.45239351673	130.472	215.63	85.15799999999999	0.299203	12.0	10	364	94
