0	0.028454198989493817	0	179.12900000000002	179.12900000000002	402.694653	12.6	13	1020	154
0.028454198989493817	0.12888228471300184	164.887	215.658	50.77099999999999	195.618705	12.6	13	996	157
0.028454198989493817	0.13047064046071058	103.827	164.887	61.06	222.171433	12.6	13	999	443
0.028454198989493817	0.13047231862663308	0	103.827	103.827	306.298653	12.6	13	1008	159
0.13047231862663308	0.34180149969651513	0	210.038	210.038	87.612197	11.2	6	1022	0
0.34180149969651513	0.3424366831960382	0	219.63299999999998	219.63299999999998	26252.175633	12.8	14	511	49
0.3424366831960382	0.34417798468994804	150.066	187.316	37.25	12967.894162	12.8	14	207	4
0.3424366831960382	0.3442162653526329	0	102.78	102.78	20458.163477	12.8	14	348	27
0.3424366831960382	0.3442352569889904	102.78	150.066	47.286	14909.257364	12.8	14	240	46
0.3424366831960382	0.3528305574118954	187.316	217.546	30.230000000000004	11178.228795	12.8	14	230	22
0.3528305574118954	0.4977335361003914	65.90700000000001	125.876	59.968999999999994	221.09807	12.6	13	998	23
0.3528305574118954	0.49950412536095723	125.876	171.76500000000001	45.88900000000001	179.57202	12.6	13	994	2
0.3528305574118954	0.5106735523975691	0	65.90700000000001	65.90700000000001	236.469752	12.6	13	1000	67
0.3528305574118954	1.2753301252609817	171.76500000000001	215.227	43.46199999999999	165.934419	12.6	13	992	24
1.2753301252609817	1.376025070659381	59.968999999999994	119.93799999999999	59.968999999999994	221.09807	12.6	13	998	42
1.2753301252609817	1.3788564998458097	0	59.968999999999994	59.968999999999994	221.09807	12.6	13	998	71
1.2753301252609817	1.3831117844902456	119.93799999999999	170.70899999999997	50.77099999999999	195.618705	12.6	13	996	75
1.2753301252609817	1.934457470357237	170.70899999999997	217.45099999999996	46.74199999999999	180.382536	12.6	13	995	51
1.934457470357237	1.9836147153761232	0	179.12900000000002	179.12900000000002	402.694653	12.6	13	1020	74
1.9836147153761232	2.326623374268248	91.94200000000001	137.913	45.971000000000004	62.112293	11.4	7	31	420
1.9836147153761232	2.3873582437665695	45.971000000000004	91.94200000000001	45.971000000000004	62.112293	11.4	7	31	445
1.9836147153761232	2.3959187433362574	0	45.971000000000004	45.971000000000004	62.112293	11.4	7	31	133
1.9836147153761232	4.422911849539958	178.659	197.54899999999998	18.89	44.41023	11.4	7	24	54
1.9836147153761232	4.582146038918935	159.769	178.659	18.89	44.41023	11.4	7	24	446
1.9836147153761232	4.586091748400616	137.913	159.769	21.855999999999995	48.055588	11.4	7	28	58
4.586091748400616	5.256362408500332	0	57.22999999999999	57.22999999999999	44.94524	11.2	6	968	7
4.586091748400616	5.268372898117427	57.22999999999999	101.02099999999999	43.791	38.041488	11.2	6	997	90
4.586091748400616	5.271720235832505	101.02099999999999	144.05399999999997	43.03299999999999	36.330951	11.2	6	932	78
4.586091748400616	8.3326908824774	184.786	219.81400000000002	35.028000000000006	31.167219	11.2	6	929	10
4.586091748400616	8.388642329981613	144.05399999999997	149.75799999999998	5.7039999999999935	21.171274	11.4	7	2	18
4.586091748400616	8.482653635660906	149.75799999999998	184.786	35.028000000000006	31.167219	11.2	6	929	5
8.482653635660906	8.783389436887811	162.463	169.658	7.194999999999993	26.159495	11.4	7	7	64
8.482653635660906	8.79245319142091	0	87.695	87.695	56.48909	11.2	6	944	87
8.482653635660906	8.79872081723922	87.695	162.463	74.768	55.049497	11.2	6	1007	80
8.482653635660906	10.369272210392971	169.658	213.44899999999998	43.791	38.041488	11.2	6	997	13
10.369272210392971	10.452936817039804	0	179.12900000000002	179.12900000000002	402.694653	12.6	13	1020	103
10.452936817039804	10.453994716176055	0	219.63299999999998	219.63299999999998	26252.175633	12.8	14	511	120
10.453994716176055	13.403838895399677	35.55600000000001	90.48000000000002	54.92400000000001	10.075412	11.6	8	994	41
10.453994716176055	13.496060888170131	17.778000000000006	35.55600000000001	17.778000000000006	10.2224	12.4	12	104	436
10.453994716176055	13.54262070766206	0	17.778000000000006	17.778000000000006	10.2224	12.4	12	104	72
10.453994716176055	28.916455021277677	166.88800000000003	219.03200000000004	52.144000000000005	7.52139	10.6	3	964	81
10.453994716176055	28.941314957378722	90.48000000000002	150.02400000000003	59.54400000000001	7.718141	10.6	3	807	141
10.453994716176055	28.97897483393151	150.02400000000003	166.88800000000003	16.864000000000004	9.20478	12.4	12	133	394
28.97897483393151	31.684629465634284	17.778000000000006	35.55600000000001	17.778000000000006	10.2224	12.4	12	104	36
28.97897483393151	31.685741152668378	0	17.778000000000006	17.778000000000006	10.2224	12.4	12	104	25
28.97897483393151	31.69991049806077	35.55600000000001	96.55600000000001	61.0	8.265406	10.6	3	903	19
28.97897483393151	44.859280439133414	96.55600000000001	114.33400000000002	17.778000000000006	10.2224	12.4	12	104	82
28.97897483393151	46.083828154147106	165.30100000000004	219.58800000000005	54.287000000000006	7.697321	10.6	3	997	92
28.97897483393151	46.100257317128964	114.33400000000002	165.30100000000004	50.96700000000001	9.37459	11.6	8	993	35
46.100257317128964	48.86243567407273	0	50.96700000000001	50.96700000000001	9.37459	11.6	8	993	96
46.100257317128964	48.95064053288954	66.44900000000001	81.93100000000001	15.482	8.72202	12.4	12	73	158
46.100257317128964	48.96153633440272	50.96700000000001	66.44900000000001	15.482	8.72202	12.4	12	73	50
46.100257317128964	62.54042554605925	175.18200000000002	219.711	44.528999999999996	8.33362	11.6	8	961	3
46.100257317128964	62.99631094318825	129.721	175.18200000000002	45.46100000000001	6.902195	10.6	3	931	45
46.100257317128964	63.07200923483666	81.93100000000001	129.721	47.78999999999999	8.718564	11.6	8	930	53
63.07200923483666	65.13913846674122	0	19.900000000000006	19.900000000000006	10.472234	12.4	12	134	69
63.07200923483666	65.18034388104554	19.900000000000006	82.207	62.30699999999999	8.460841	10.6	3	935	31
63.07200923483666	65.18201136953537	82.207	143.207	61.0	8.265406	10.6	3	903	29
63.07200923483666	75.07515458682391	143.207	158.701	15.494	3.392576	10.8	4	193	385
63.07200923483666	75.21601302584719	158.701	174.183	15.482	8.72202	12.4	12	73	26
63.07200923483666	75.43044140544711	174.183	219.644	45.46100000000001	6.902195	10.6	3	931	34
75.43044140544711	75.97376424641142	47.929	93.9	45.971000000000004	62.112293	11.4	7	31	16
75.43044140544711	76.01584107004713	0	47.929	47.929	62.141115	11.4	7	30	30
76.01584107004713	76.01681706448989	0	219.63299999999998	219.63299999999998	26252.175633	12.8	14	511	422
76.01681706448989	76.78506648651289	0	182.22899999999998	182.22899999999998	15.716876	10.6	3	1021	424
76.78506648651289	76.78583888705106	0	219.63299999999998	219.63299999999998	26252.175633	12.8	14	511	137
76.78583888705106	76.78700862287813	0	219.63299999999998	219.63299999999998	26252.175633	12.8	14	511	139
76.78700862287813	77.06509682067403	47.929	72.122	24.192999999999998	79.17881	12.6	13	226	390
76.78700862287813	77.06876160994754	0	47.929	47.929	62.141115	11.4	7	30	136
77.06876160994754	77.06949420650322	0	219.63299999999998	219.63299999999998	26252.175633	12.8	14	511	391
77.06949420650322	79.43256755268646	75.834	111.012	35.178	10.451298	12.2	11	178	73
77.06949420650322	79.495488660951	40.656000000000006	75.834	35.178	10.451298	12.2	11	178	89
77.06949420650322	79.51328729066455	0	40.656000000000006	40.656000000000006	11.169851	12.2	11	210	447
77.06949420650322	91.68585073173722	195.909	219.326	23.417	8.21907	12.2	11	170	121
77.06949420650322	91.84029331210078	167.382	195.909	28.527	9.155934	12.2	11	204	56
77.06949420650322	91.90942269603994	111.012	167.382	56.370000000000005	9.389258	10.8	4	1005	106
91.90942269603994	94.6261390667207	0	39.44200000000001	39.44200000000001	7.138514	10.8	4	486	426
91.90942269603994	94.6594088132164	39.44200000000001	58.313	18.870999999999995	6.805299	12.2	11	196	65
91.90942269603994	94.67136192958272	58.313	88.769	30.456000000000003	6.278119	10.8	4	770	156
91.90942269603994	108.16801031246017	119.036	134.436	15.400000000000006	5.794168	12.2	11	133	123
91.90942269603994	108.48812284362529	88.769	119.036	30.266999999999996	6.230593	10.8	4	738	43
91.90942269603994	108.55271314181647	134.436	215.69400000000002	81.25800000000001	10.285456	10.6	3	972	99
108.55271314181647	111.67682594019409	78.778	96.55600000000001	17.778000000000006	10.2224	12.4	12	104	100
108.55271314181647	111.83572207201944	17.778000000000006	78.778	61.0	8.265406	10.6	3	903	66
108.55271314181647	111.8642999601235	0	17.778000000000006	17.778000000000006	10.2224	12.4	12	104	135
108.55271314181647	127.61381962615582	201.81000000000003	218.67400000000004	16.864000000000004	9.20478	12.4	12	133	395
108.55271314181647	127.9820602199299	150.84300000000002	201.81000000000003	50.96700000000001	9.37459	11.6	8	993	393
108.55271314181647	128.50637263884676	96.55600000000001	150.84300000000002	54.287000000000006	7.697321	10.6	3	997	392
128.50637263884676	130.8972239667345	0	70.72900000000001	70.72900000000001	12.051151	11.6	8	999	104
128.50637263884676	131.08552371841557	70.72900000000001	130.52900000000002	59.80000000000001	10.738954	11.6	8	996	427
128.50637263884676	131.0905773759099	130.52900000000002	147.39300000000003	16.864000000000004	9.20478	12.4	12	133	401
128.50637263884676	143.10884838409135	198.36000000000004	209.08100000000005	10.721000000000004	6.663961	12.4	12	67	437
128.50637263884676	143.5586477448893	147.39300000000003	198.36000000000004	50.96700000000001	9.37459	11.6	8	993	423
128.50637263884676	143.92042161741563	209.08100000000005	219.79300000000006	10.712000000000003	6.099705	12.4	12	65	386
143.92042161741563	144.76297559170868	132.126	142.079	9.953000000000003	31.159797	11.4	7	13	398
143.92042161741563	144.82475194292292	122.173	132.126	9.953000000000003	31.159797	11.4	7	13	143
143.92042161741563	144.86608866277362	0	122.173	122.173	16.275392	11.6	8	1011	140
143.92042161741563	149.26252558753055	187.23200000000003	219.228	31.995999999999995	24.438599	11.2	6	417	400
143.92042161741563	149.3615593472485	151.14600000000002	187.23200000000003	36.086	32.977341	11.2	6	993	399
143.92042161741563	149.53928959833655	142.079	151.14600000000002	9.066999999999993	27.71738	11.4	7	8	389
149.53928959833655	149.6199730801431	0	179.12900000000002	179.12900000000002	402.694653	12.6	13	1020	440
149.6199730801431	149.88561263862698	0	210.038	210.038	87.612197	11.2	6	1022	441
149.88561263862698	149.88653021953698	0	219.63299999999998	219.63299999999998	26252.175633	12.8	14	511	130
149.88653021953698	150.48119626690158	182.22899999999998	197.452	15.222999999999999	37.826814	11.4	7	18	132
149.88653021953698	150.50468136835678	0	182.22899999999998	182.22899999999998	15.716876	10.6	3	1021	124
150.50468136835678	152.72095804272547	155.62099999999998	173.399	17.778000000000006	10.2224	12.4	12	104	127
150.50468136835678	152.90921879439205	0	86.28999999999999	86.28999999999999	10.391553	10.6	3	1005	442
150.50468136835678	152.90930602212865	86.28999999999999	155.62099999999998	69.33099999999999	9.158464	10.6	3	968	125
150.50468136835678	163.81347768812057	173.399	217.928	44.528999999999996	8.33362	11.6	8	961	439
163.81347768812057	163.8145272823902	0	111.17500000000001	111.17500000000001	22701.315063	12.8	14	254	448
163.81347768812057	163.81457463588615	111.17500000000001	214.51500000000001	103.34	21207.682362	12.8	14	222	451
163.81457463588615	163.87131600460546	0	179.12900000000002	179.12900000000002	402.694653	12.6	13	1020	452
163.87131600460546	173.7777519585981	133.864	187.75	53.885999999999996	1.5216	11.8	9	940	160
163.87131600460546	173.87213703471411	75.35	133.864	58.51400000000001	1.572977	11.8	9	878	428
163.87131600460546	173.93796414093626	0	75.35	75.35	1.841091	11.8	9	979	39
163.87131600460546	217.1814179008349	198.175	208.60000000000002	10.424999999999997	4.194527	12.2	11	69	396
163.87131600460546	218.81406212088976	187.75	198.175	10.424999999999997	4.194527	12.2	11	69	60
163.87131600460546	223.6040848003489	208.60000000000002	217.781	9.180999999999997	3.601003	12.2	11	65	111
223.6040848003489	226.49517873697766	0	35.178	35.178	10.451298	12.2	11	178	52
223.6040848003489	226.60739168020214	94.15199999999999	125.62199999999999	31.47	9.561927	12.2	11	147	48
223.6040848003489	226.66941375239978	35.178	94.15199999999999	58.97399999999999	9.58756	10.8	4	814	138
223.6040848003489	241.5713999118064	157.09199999999998	188.56199999999998	31.47	9.561927	12.2	11	147	126
223.6040848003489	241.58226122576167	125.62199999999999	157.09199999999998	31.47	9.561927	12.2	11	147	116
223.6040848003489	242.11034227635497	188.56199999999998	219.62199999999999	31.060000000000002	9.190601	12.2	11	205	94
242.11034227635497	243.88453562450138	90.106	180.345	90.239	13.987404	11.6	8	1004	455
242.11034227635497	243.90700130865815	49.262	90.106	40.843999999999994	7.580797	10.8	4	710	449
242.11034227635497	243.91242136067916	0	49.262	49.262	12.931966	12.2	11	187	450
242.11034227635497	252.2308344053162	199.792	219.239	19.447000000000003	11.44212	11.2	6	162	457
242.11034227635497	252.751352940964	180.345	199.792	19.447000000000003	11.44212	11.2	6	162	453
252.751352940964	252.75233699094412	0	219.63299999999998	219.63299999999998	26252.175633	12.8	14	511	456
252.75233699094412	252.82767136114424	115.61000000000001	216.16500000000002	100.555	305.868234	12.6	13	1009	431
252.75233699094412	252.8352109873184	0	115.61000000000001	115.61000000000001	321.491996	12.6	13	1011	433
252.8352109873184	254.38369863365227	0	182.22899999999998	182.22899999999998	15.716876	10.6	3	1021	435
254.38369863365227	284.86265213173414	55.105999999999995	69.77499999999999	14.668999999999997	0.48495	10.2	1	838	68
254.38369863365227	285.6372519049875	0	55.105999999999995	55.105999999999995	0.456708	10.0	0	487	57
254.38369863365227	285.9325167810584	69.77499999999999	116.508	46.733000000000004	0.414064	10.0	0	644	17
254.38369863365227	444.6987193059991	189.663	219.27100000000002	29.608000000000004	0.935252	11.8	9	801	77
254.38369863365227	445.0078006607516	159.71800000000002	189.663	29.944999999999993	0.989735	11.8	9	960	47
254.38369863365227	445.26237585696805	116.508	159.71800000000002	43.21000000000001	0.390641	10.0	0	610	32
445.26237585696805	466.25568175902526	45.543000000000006	90.231	44.68799999999999	1.289842	11.8	9	934	105
445.26237585696805	466.3822905569105	0	45.543000000000006	45.543000000000006	1.323443	11.8	9	966	62
445.26237585696805	466.54180679728813	90.231	133.10899999999998	42.877999999999986	1.257171	11.8	9	870	20
445.26237585696805	569.2602683523642	206.536	219.21699999999998	12.680999999999997	0.433109	10.2	1	900	438
445.26237585696805	569.731150102021	170.176	206.536	36.36	1.131856	11.8	9	932	425
445.26237585696805	572.9591119274156	133.10899999999998	170.176	37.06699999999999	1.146079	11.8	9	933	38
572.9591119274156	589.1983807375948	46.56200000000001	91.25	44.68799999999999	1.289842	11.8	9	934	102
572.9591119274156	589.5231904210484	0	46.56200000000001	46.56200000000001	1.338033	11.8	9	840	397
572.9591119274156	589.5349065873127	91.25	134.128	42.877999999999986	1.257171	11.8	9	870	9
572.9591119274156	670.8279513247239	176.772	219.416	42.644000000000005	1.231391	11.8	9	806	79
572.9591119274156	671.8907305294822	134.128	176.772	42.644000000000005	1.231391	11.8	9	806	88
671.8907305294822	709.9804028230465	0	22.936000000000007	22.936000000000007	0.382983	11.0	5	754	421
671.8907305294822	710.4806305180175	41.99000000000001	60.382000000000005	18.391999999999996	0.544079	10.4	2	54	101
671.8907305294822	710.6647824510159	22.936000000000007	41.99000000000001	19.054000000000002	0.557031	10.4	2	278	59
671.8907305294822	905.6937968259227	192.843	208.58599999999998	15.742999999999995	0.487423	10.4	2	112	131
671.8907305294822	905.8219704897076	177.1	192.843	15.742999999999995	0.487423	10.4	2	112	6
671.8907305294822	906.9773626643968	60.382000000000005	177.1	116.71799999999999	0.675394	10.0	0	1015	37
906.9773626643968	950.9949408859472	18.786	30.701999999999998	11.915999999999997	0.419019	10.4	2	76	402
906.9773626643968	952.0860127725937	0	18.786	18.786	0.578456	10.2	1	972	1
906.9773626643968	952.7548447613227	30.701999999999998	104.423	73.721	0.543639	10.0	0	686	112
906.9773626643968	1176.7777632887774	115.623	133.75400000000002	18.131	0.557833	10.2	1	1002	387
906.9773626643968	1177.9366507742536	133.75400000000002	218.912	85.15799999999999	0.299203	12.0	10	364	146
906.9773626643968	1180.5530651116287	104.423	115.623	11.200000000000003	0.401994	10.4	2	234	85
1180.5530651116287	1213.3829690670527	29.004000000000005	45.76700000000001	16.763000000000005	0.512194	10.4	2	210	410
1180.5530651116287	1213.50875687813	0	29.004000000000005	29.004000000000005	0.746004	10.2	1	982	61
1180.5530651116287	1213.8035395497968	45.76700000000001	72.977	27.209999999999994	0.710935	10.2	1	1012	12
1180.5530651116287	1376.7876049889778	72.977	89.74000000000001	16.763000000000005	0.512194	10.4	2	210	8
1180.5530651116287	1377.3198365081066	202.122	217.865	15.742999999999995	0.487423	10.4	2	112	55
1180.5530651116287	1381.9697677141432	89.74000000000001	202.122	112.382	0.663277	10.0	0	983	110
1381.9697677141432	1414.352118366618	128.542	144.285	15.742999999999995	0.487423	10.4	2	112	28
1381.9697677141432	1414.391585866869	112.382	128.542	16.159999999999997	0.490398	10.4	2	272	114
1381.9697677141432	1414.5309229233264	0	112.382	112.382	0.663277	10.0	0	983	145
1381.9697677141432	1572.4378274914711	194.291	219.29399999999998	25.003	0.684851	10.2	1	850	459
1381.9697677141432	1572.471104233622	169.288	194.291	25.003	0.684851	10.2	1	850	21
1381.9697677141432	1575.5767610181988	144.285	169.288	25.003	0.684851	10.2	1	850	44
1575.5767610181988	1617.4299016211191	0	14.668999999999997	14.668999999999997	0.48495	10.2	1	838	118
1575.5767610181988	1617.9476023682037	63.60199999999999	112.53499999999998	48.93299999999999	0.423111	10.0	0	772	40
1575.5767610181988	1618.2186091679123	14.668999999999997	63.60199999999999	48.93299999999999	0.423111	10.0	0	772	161
1575.5767610181988	1819.8125820023458	161.46799999999996	174.14899999999994	12.680999999999997	0.433109	10.2	1	900	444
1575.5767610181988	1820.2125125992513	174.14899999999994	217.35899999999995	43.21000000000001	0.390641	10.0	0	610	376
1575.5767610181988	1829.4118525477659	112.53499999999998	161.46799999999996	48.93299999999999	0.423111	10.0	0	772	108
1829.4118525477659	1843.3486694331664	174.7	199.772	25.072000000000003	0.641409	10.4	2	124	454
1829.4118525477659	1843.4487258529189	0	174.7	174.7	2.641624	11.8	9	991	388
1843.4487258529189	1843.7821975450847	0	210.038	210.038	87.612197	11.2	6	1022	458
1843.7821975450847	1844.9514937065856	215.215	219.679	4.463999999999999	19.505324	11.4	7	0	382
1843.7821975450847	1844.991549948088	61.400000000000006	215.215	153.815	18.519757	11.6	8	1017	384
1843.7821975450847	1845.0083688226332	0	61.400000000000006	61.400000000000006	19.995457	12.4	12	188	377
1845.0083688226332	1846.3299427217053	110.46000000000001	214.78	104.32	17.123785	12.2	11	254	383
1845.0083688226332	1846.3410587074181	0	110.46000000000001	110.46000000000001	17.150632	12.2	11	255	380
1846.3410587074181	1846.3420702701071	0	219.63299999999998	219.63299999999998	26252.175633	12.8	14	511	171
1846.3420702701071	1846.445246451935	86.43299999999999	164.733	78.30000000000001	263.832157	12.6	13	1004	195
1846.3420702701071	1846.449774808795	164.733	206.981	42.24799999999999	147.097749	12.6	13	965	170
1846.3420702701071	1846.4500305287527	0	86.43299999999999	86.43299999999999	277.903691	12.6	13	1007	176
1846.4500305287527	1846.633019518885	0	210.038	210.038	87.612197	11.2	6	1022	207
1846.633019518885	1847.2181689971844	113.59	126.759	13.168999999999997	36.132113	11.4	7	16	196
1846.633019518885	1847.2682595301014	126.759	170.55	43.791	38.041488	11.2	6	997	174
1846.633019518885	1847.2691198566813	0	113.59	113.59	12.401241	10.6	3	978	169
1846.633019518885	1850.1821437438434	170.55	176.945	6.394999999999996	22.797546	11.4	7	5	192
1846.633019518885	1850.4303612414196	176.945	216.505	39.56	34.238332	11.2	6	962	197
1850.4303612414196	1850.4310244593455	0	219.63299999999998	219.63299999999998	26252.175633	12.8	14	511	217
1850.4310244593455	1850.6347291779482	0	210.038	210.038	87.612197	11.2	6	1022	218
1850.6347291779482	1852.450256254616	87.446	142.37	54.92400000000001	10.075412	11.6	8	994	166
1850.6347291779482	1852.45026328124	0	23.724999999999994	23.724999999999994	11.901722	12.4	12	138	186
1850.6347291779482	1852.4648928430245	23.724999999999994	87.446	63.721000000000004	8.668732	10.6	3	967	203
1850.6347291779482	1858.9332796091346	193.33700000000002	197.80100000000002	4.463999999999999	19.505324	11.4	7	0	208
1850.6347291779482	1861.4555693935106	197.80100000000002	219.59900000000002	21.798000000000002	13.281245	11.2	6	194	221
1850.6347291779482	1861.671237037066	142.37	193.33700000000002	50.96700000000001	9.37459	11.6	8	993	200
1861.671237037066	1864.8457717222168	91.262	141.079	49.81700000000001	8.815686	10.8	4	938	378
1861.671237037066	1864.9065992740345	59.792	91.262	31.47	9.561927	12.2	11	147	219
1861.671237037066	1864.9663636011244	0	59.792	59.792	9.698535	10.8	4	878	191
1861.671237037066	1881.2987415246885	141.079	165.63400000000001	24.555000000000007	8.343333	12.2	11	142	199
1861.671237037066	1881.4760613813419	186.055	219.616	33.56100000000001	6.759919	10.8	4	772	162
1861.671237037066	1881.4851202966156	165.63400000000001	186.055	20.421000000000006	7.124617	12.2	11	137	210
1881.4851202966156	1883.770017740488	83.07000000000001	128.52500000000003	45.45500000000001	8.111357	10.8	4	776	228
1881.4851202966156	1883.7748217203507	56.370000000000005	83.07000000000001	26.700000000000003	8.640293	12.2	11	173	185
1881.4851202966156	1883.804006643873	0	56.370000000000005	56.370000000000005	9.389258	10.8	4	1005	179
1881.4851202966156	1895.0496963546034	185.64200000000002	219.942	34.3	15.198443	12.4	12	119	211
1881.4851202966156	1895.111065213311	128.52500000000003	169.36900000000003	40.843999999999994	7.580797	10.8	4	710	188
1881.4851202966156	1895.137757170848	169.36900000000003	185.64200000000002	16.272999999999996	6.378747	12.2	11	165	163
1895.137757170848	1898.29978231657	61.0	122.0	61.0	8.265406	10.6	3	903	164
1895.137757170848	1898.4554818667195	122.0	139.50900000000001	17.509	9.246614	12.4	12	74	202
1895.137757170848	1898.4585958799294	0	61.0	61.0	8.265406	10.6	3	903	227
1895.137757170848	1914.914736150803	189.568	205.05	15.482	8.72202	12.4	12	73	225
1895.137757170848	1915.0615430402154	205.05	218.133	13.082999999999998	8.362142	12.4	12	100	172
1895.137757170848	1915.1035003905752	139.50900000000001	189.568	50.059	7.243537	10.6	3	901	229
1915.1035003905752	1917.6999384086196	35.55600000000001	53.33400000000002	17.778000000000006	10.2224	12.4	12	104	194
1915.1035003905752	1917.7660273188972	17.778000000000006	35.55600000000001	17.778000000000006	10.2224	12.4	12	104	183
1915.1035003905752	1917.7861970574897	0	17.778000000000006	17.778000000000006	10.2224	12.4	12	104	168
1915.1035003905752	1930.8755956386194	53.33400000000002	114.33400000000002	61.0	8.265406	10.6	3	903	226
1915.1035003905752	1931.5828041414104	166.827	218.971	52.144000000000005	7.52139	10.6	3	964	204
1915.1035003905752	1931.8792027520894	114.33400000000002	166.827	52.492999999999995	7.670401	10.6	3	996	201
1931.8792027520894	1933.0476378417934	134.42499999999998	175.605	41.18000000000001	17.069876	12.4	12	122	216
1931.8792027520894	1933.0654934317315	73.225	134.42499999999998	61.19999999999999	19.976175	12.4	12	189	165
1931.8792027520894	1933.0815841811113	0	73.225	73.225	20.803905	12.4	12	127	187
1931.8792027520894	1938.5909077651659	175.605	205.987	30.382000000000005	22.856643	11.2	6	384	224
1938.5909077651659	1938.6932818406558	0	179.12900000000002	179.12900000000002	402.694653	12.6	13	1020	234
1938.6932818406558	1938.9406172240713	0	210.038	210.038	87.612197	11.2	6	1022	243
1938.9406172240713	1938.9416778539885	0	219.63299999999998	219.63299999999998	26252.175633	12.8	14	511	247
1938.9416778539885	1941.113049707635	83.463	107.18799999999999	23.724999999999994	11.901722	12.4	12	138	238
1938.9416778539885	1941.1135203843655	107.18799999999999	124.966	17.778000000000006	10.2224	12.4	12	104	245
1938.9416778539885	1941.1848864456342	0	83.463	83.463	13.345302	11.6	8	1002	236
1938.9416778539885	1945.0065745839709	214.024	218.488	4.463999999999999	19.505324	11.4	7	0	246
1938.9416778539885	1949.4785840161082	169.495	214.024	44.528999999999996	8.33362	11.6	8	961	240
1938.9416778539885	1951.7816608861208	124.966	169.495	44.528999999999996	8.33362	11.6	8	961	233
1951.7816608861208	1951.7826162527178	0	219.63299999999998	219.63299999999998	26252.175633	12.8	14	511	257
1951.7826162527178	1952.6358742826576	180.983	192.047	11.063999999999993	32.783895	11.4	7	14	253
1951.7826162527178	1952.6456242567474	0	180.983	180.983	19.170974	11.6	8	1020	249
1952.6456242567474	1952.6949666893684	0	179.12900000000002	179.12900000000002	402.694653	12.6	13	1020	261
1952.6949666893684	1952.8901508307974	0	210.038	210.038	87.612197	11.2	6	1022	262
1952.8901508307974	1952.8913871078378	0	219.63299999999998	219.63299999999998	26252.175633	12.8	14	511	264
1952.8913871078378	1952.9468377760772	0	179.12900000000002	179.12900000000002	402.694653	12.6	13	1020	263
1952.9468377760772	1956.456931299987	17.714	40.986999999999995	23.272999999999996	4.710937	10.8	4	353	231
1952.9468377760772	1956.5296221055694	40.986999999999995	93.34299999999999	52.355999999999995	7.549501	10.6	3	965	266
1952.9468377760772	1956.5418531797436	0	17.714	17.714	6.660663	12.2	11	135	242
1952.9468377760772	1973.5765038111977	186.706	219.577	32.870999999999995	5.248391	11.6	8	291	250
1952.9468377760772	1974.2317531243239	93.34299999999999	145.487	52.144000000000005	7.52139	10.6	3	964	244
1952.9468377760772	1974.396562754409	145.487	186.706	41.218999999999994	7.12874	11.6	8	609	259
1974.396562754409	1974.9342735086757	0	47.929	47.929	62.141115	11.4	7	30	268
1974.9342735086757	1974.9356449517245	0	219.63299999999998	219.63299999999998	26252.175633	12.8	14	511	275
1974.9356449517245	1974.9363255583119	0	219.63299999999998	219.63299999999998	26252.175633	12.8	14	511	278
1974.9363255583119	1974.980769591365	0	179.12900000000002	179.12900000000002	402.694653	12.6	13	1020	282
1974.980769591365	1974.9813838833998	0	219.63299999999998	219.63299999999998	26252.175633	12.8	14	511	285
1974.9813838833998	1977.4097934590816	123.643	169.104	45.46100000000001	6.902195	10.6	3	931	273
1974.9813838833998	1977.5376281646782	78.18199999999999	123.643	45.46100000000001	6.902195	10.6	3	931	270
1974.9813838833998	1977.7381526118527	0	78.18199999999999	78.18199999999999	9.943381	10.6	3	1003	271
1974.9813838833998	1982.440104700098	213.633	218.097	4.463999999999999	19.505324	11.4	7	0	280
1974.9813838833998	1983.8964866829638	169.104	213.633	44.528999999999996	8.33362	11.6	8	961	281
1983.8964866829638	1984.1345166646552	0	210.038	210.038	87.612197	11.2	6	1022	290
1984.1345166646552	1984.1937136668603	0	179.12900000000002	179.12900000000002	402.694653	12.6	13	1020	299
1984.1937136668603	2002.6050233013611	47.474999999999994	90.35299999999998	42.877999999999986	1.257171	11.8	9	870	189
1984.1937136668603	2002.6322170760948	90.35299999999998	128.77499999999998	38.422	1.157181	11.8	9	964	205
1984.1937136668603	2002.760754602512	0	47.474999999999994	47.474999999999994	1.396209	11.8	9	968	220
1984.1937136668603	2084.1386225726924	159.87499999999997	188.48299999999998	28.608000000000004	0.910146	11.8	9	736	178
1984.1937136668603	2094.1810124190406	128.77499999999998	159.87499999999997	31.099999999999994	1.050567	11.8	9	898	300
1984.1937136668603	2095.185504874771	188.48299999999998	216.11899999999997	27.635999999999996	0.746837	11.8	9	385	239
2095.185504874771	2097.966681092774	136.81	160.227	23.417	8.21907	12.2	11	170	289
2095.185504874771	2098.064464762814	77.83600000000001	136.81	58.97399999999999	9.58756	10.8	4	814	232
2095.185504874771	2098.068841071799	0	77.83600000000001	77.83600000000001	11.280224	10.8	4	1011	269
2095.185504874771	2111.743577645865	181.969	195.997	14.028000000000006	5.389728	12.2	11	131	272
2095.185504874771	2111.9658381803056	195.997	218.04700000000003	22.049999999999997	4.485084	10.8	4	321	288
2095.185504874771	2111.986654842809	160.227	181.969	21.742000000000004	7.721503	12.2	11	168	274
2111.986654842809	2114.1278222268343	132.865	181.502	48.637	7.17959	10.6	3	994	291
2111.986654842809	2114.129437178634	0	81.25800000000001	81.25800000000001	10.285456	10.6	3	972	287
2111.986654842809	2114.167043154857	81.25800000000001	132.865	51.607	9.473984	11.6	8	992	297
2111.986654842809	2122.164777834998	181.502	185.966	4.463999999999999	19.505324	11.4	7	0	294
2111.986654842809	2124.965121067823	185.966	218.837	32.870999999999995	5.248391	11.6	8	291	295
2124.965121067823	2124.9661728387887	0	219.63299999999998	219.63299999999998	26252.175633	12.8	14	511	307
2124.9661728387887	2125.0467002049227	0	179.12900000000002	179.12900000000002	402.694653	12.6	13	1020	312
2125.0467002049227	2125.04755646594	0	219.63299999999998	219.63299999999998	26252.175633	12.8	14	511	314
2125.04755646594	2126.618771401791	133.78	207.495	73.715	9.705483	10.6	3	971	309
2125.04755646594	2126.683215518124	0	41.18000000000001	41.18000000000001	17.069876	12.4	12	122	306
2125.04755646594	2126.690902582193	41.18000000000001	133.78	92.6	11.08972	10.6	3	1006	310
2125.04755646594	2133.0309027091603	207.495	211.959	4.463999999999999	19.505324	11.4	7	0	318
2133.0309027091603	2133.032254808843	0	219.63299999999998	219.63299999999998	26252.175633	12.8	14	511	320
2133.032254808843	2133.1018632696123	0	179.12900000000002	179.12900000000002	402.694653	12.6	13	1020	323
2133.1018632696123	2133.3600824270607	0	47.929	47.929	62.141115	11.4	7	30	319
2133.3600824270607	2136.702387225238	0	34.181	34.181	6.914226	10.8	4	932	302
2133.3600824270607	2136.7061437385905	34.181	95.181	61.0	8.265406	10.6	3	903	317
2133.3600824270607	2136.7335939895975	95.181	139.04000000000002	43.85900000000001	6.59637	10.6	3	992	326
2133.3600824270607	2153.4710858888616	139.04000000000002	179.46900000000002	40.429	5.795447	10.6	3	800	322
2133.3600824270607	2153.5534945505487	179.46900000000002	219.38200000000003	39.91300000000001	6.508823	11.6	8	386	331
2153.5534945505487	2153.8174177087553	0	210.038	210.038	87.612197	11.2	6	1022	327
2153.8174177087553	2153.8819335739695	0	179.12900000000002	179.12900000000002	402.694653	12.6	13	1020	335
2153.8819335739695	2154.4249765490868	0	47.929	47.929	62.141115	11.4	7	30	340
2154.4249765490868	2154.484735348624	0	179.12900000000002	179.12900000000002	402.694653	12.6	13	1020	347
2154.484735348624	2154.4858976191426	0	219.63299999999998	219.63299999999998	26252.175633	12.8	14	511	352
2154.4858976191426	2157.366244191301	0	48.537000000000006	48.537000000000006	12.399796	12.2	11	185	328
2154.4858976191426	2157.4024874115007	48.537000000000006	77.06400000000001	28.527	9.155934	12.2	11	204	336
2154.4858976191426	2157.4285838471405	77.06400000000001	103.76400000000001	26.700000000000003	8.640293	12.2	11	173	321
2154.4858976191426	2171.4930787464345	145.208	186.052	40.843999999999994	7.580797	10.8	4	710	355
2154.4858976191426	2172.1966616695727	186.052	219.562	33.510000000000005	6.706494	10.8	4	740	339
2154.4858976191426	2172.225275992515	103.76400000000001	145.208	41.44399999999999	7.744316	10.8	4	806	311
2172.225275992515	2174.3441967649233	0	15.400000000000006	15.400000000000006	5.794168	12.2	11	133	349
2172.225275992515	2174.348139747323	49.7	135.99	86.28999999999999	10.391553	10.6	3	1005	353
2172.225275992515	2174.3552458951185	15.400000000000006	49.7	34.3	15.198443	12.4	12	119	344
2172.225275992515	2184.618181891062	205.321	218.346	13.025000000000006	7.729618	12.4	12	99	354
2172.225275992515	2185.080119885382	135.99	205.321	69.33099999999999	9.158464	10.6	3	968	338
2185.080119885382	2185.518450162509	150.647	165.87	15.222999999999999	37.826814	11.4	7	18	364
2185.080119885382	2185.5257759315505	0	150.647	150.647	78.408208	11.2	6	1021	360
2185.5257759315505	2185.5267286131066	0	219.63299999999998	219.63299999999998	26252.175633	12.8	14	511	366
2185.5267286131066	2186.7286291442497	0	100.025	100.025	23.326929	12.4	12	254	363
2186.7286291442497	2186.7297196406207	0	219.63299999999998	219.63299999999998	26252.175633	12.8	14	511	416
2186.7297196406207	2188.846688775614	141.977	212.70600000000002	70.72900000000001	12.051151	11.6	8	999	367
2186.7297196406207	2188.8504757848505	71.24799999999999	141.977	70.72900000000001	12.051151	11.6	8	999	370
2186.7297196406207	2188.871309055826	0	71.24799999999999	71.24799999999999	12.086581	11.6	8	998	417
2186.7297196406207	2190.155139738854	212.70600000000002	217.17000000000002	4.463999999999999	19.505324	11.4	7	0	411
2190.155139738854	2190.1559248772837	0	219.63299999999998	219.63299999999998	26252.175633	12.8	14	511	414
2190.1559248772837	2190.2113389421575	0	179.12900000000002	179.12900000000002	402.694653	12.6	13	1020	415
2190.2113389421575	2190.4479693948374	0	210.038	210.038	87.612197	11.2	6	1022	122
2190.4479693948374	2191.7900002510987	100.025	173.74	73.715	9.705483	10.6	3	971	149
2190.4479693948374	2191.821494271867	0	100.025	100.025	23.326929	12.4	12	254	412
2191.821494271867	2191.8221681065597	0	219.63299999999998	219.63299999999998	26252.175633	12.8	14	511	152
2191.8221681065597	2192.2229440966626	0	47.929	47.929	62.141115	11.4	7	30	153
2192.2229440966626	2278.039846494002	15.111999999999995	30.22399999999999	15.111999999999995	0.304589	11.0	5	1002	97
2192.2229440966626	2278.1156731588176	0	15.111999999999995	15.111999999999995	0.304589	11.0	5	1002	95
2192.2229440966626	2278.662246581178	30.22399999999999	125.78799999999998	95.564	0.328684	12.0	10	519	15
2192.2229440966626	2702.735085471444	146.53399999999996	219.93899999999996	73.405	0.274628	12.0	10	360	129
2192.2229440966626	2715.5963155308136	136.77799999999996	146.53399999999996	9.756	0.236489	11.0	5	964	182
2192.2229440966626	2716.1875382854996	125.78799999999998	136.77799999999996	10.989999999999995	0.237554	11.0	5	996	144
2716.1875382854996	2810.2254818990546	65.74700000000001	131.49400000000003	65.74700000000001	0.246805	12.0	10	708	235
2716.1875382854996	2810.552931694968	131.49400000000003	194.06500000000003	62.571	0.242483	12.0	10	326	14
2716.1875382854996	2810.652346461906	0	65.74700000000001	65.74700000000001	0.246805	12.0	10	708	223
2716.1875382854996	3256.9059520858486	194.06500000000003	203.13000000000002	9.064999999999998	0.219226	11.0	5	898	155
2716.1875382854996	3277.4296701719245	211.40000000000003	219.67000000000002	8.269999999999996	0.203395	11.0	5	960	251
2716.1875382854996	3277.869902180636	203.13000000000002	211.40000000000003	8.269999999999996	0.203395	11.0	5	960	190
3277.869902180636	3343.396170445534	0	11.915999999999997	11.915999999999997	0.419019	10.4	2	76	63
3277.869902180636	3344.056558215456	100.58699999999999	189.141	88.554	0.309671	12.0	10	803	134
3277.869902180636	3344.9886851129304	11.915999999999997	100.58699999999999	88.67099999999999	0.311252	12.0	10	453	83
3277.869902180636	3664.0140121872378	209.643	219.894	10.251000000000005	0.379435	10.4	2	232	432
3277.869902180636	3668.2294280080814	199.392	209.643	10.251000000000005	0.379435	10.4	2	232	91
3277.869902180636	3671.901598238518	189.141	199.392	10.251000000000005	0.379435	10.4	2	232	86
3671.901598238518	3731.6839608953596	100.454	111.654	11.200000000000003	0.401994	10.4	2	234	180
3671.901598238518	3732.2105700659076	88.67099999999999	100.454	11.783000000000001	0.402103	10.4	2	394	222
3671.901598238518	3732.2150566194005	0	88.67099999999999	88.67099999999999	0.311252	12.0	10	453	128
3671.901598238518	4018.1264946533493	122.854	134.054	11.200000000000003	0.401994	10.4	2	234	362
3671.901598238518	4029.743980534684	134.054	219.212	85.15799999999999	0.299203	12.0	10	364	193
3671.901598238518	4030.1086499614144	111.654	122.854	11.200000000000003	0.401994	10.4	2	234	142
4030.1086499614144	4069.7200490425357	0	19.054000000000002	19.054000000000002	0.557031	10.4	2	278	11
4030.1086499614144	4069.9100951210007	19.054000000000002	36.748999999999995	17.694999999999993	0.534316	10.4	2	212	345
4030.1086499614144	4070.0070352098573	36.748999999999995	65.753	29.004000000000005	0.746004	10.2	1	982	434
4030.1086499614144	4267.001821788586	201.07200000000003	217.83500000000004	16.763000000000005	0.512194	10.4	2	210	304
4030.1086499614144	4267.412939820437	184.30900000000003	201.07200000000003	16.763000000000005	0.512194	10.4	2	210	230
4030.1086499614144	4268.031136169781	65.753	184.30900000000003	118.55600000000001	0.404503	12.0	10	973	298
4268.031136169781	4306.812074724658	48.290000000000006	75.5	27.209999999999994	0.710935	10.2	1	1012	429
4268.031136169781	4307.768194015302	0	28.111000000000004	28.111000000000004	0.713635	10.2	1	948	379
4268.031136169781	4307.828699219447	28.111000000000004	48.290000000000006	20.179000000000002	0.339778	11.0	5	208	209
4268.031136169781	4502.719211500085	91.919	116.922	25.003	0.684851	10.2	1	850	151
4268.031136169781	4506.705368871721	75.5	91.919	16.418999999999997	0.491492	10.4	2	784	303
4268.031136169781	4506.8565457998475	116.922	219.789	102.86699999999999	0.645735	10.0	0	949	184
4506.8565457998475	4537.139484419111	24.055000000000007	47.29700000000001	23.242000000000004	0.622767	10.4	2	218	430
4506.8565457998475	4537.1623240519275	0	24.055000000000007	24.055000000000007	0.624885	10.4	2	922	460
4506.8565457998475	4537.19415072098	47.29700000000001	87.10100000000001	39.804	0.854594	10.2	1	893	214
4506.8565457998475	4684.403077520232	162.89300000000003	200.78900000000004	37.896	0.853959	10.2	1	892	254
4506.8565457998475	4685.282965535815	124.99700000000001	162.89300000000003	37.896	0.853959	10.2	1	892	256
4506.8565457998475	4685.694563376397	87.10100000000001	124.99700000000001	37.896	0.853959	10.2	1	892	206
4685.694563376397	4730.359431915818	10.251000000000005	26.066000000000003	15.814999999999998	0.526946	10.2	1	1000	215
4685.694563376397	4730.679497592547	0	10.251000000000005	10.251000000000005	0.379435	10.4	2	232	305
4685.694563376397	4731.094696777358	26.066000000000003	85.904	59.837999999999994	0.483989	10.0	0	584	212
4685.694563376397	4956.236902549408	85.904	145.742	59.837999999999994	0.483989	10.0	0	584	332
4685.694563376397	4960.455053392556	204.142	219.486	15.343999999999994	0.490529	10.2	1	774	413
4685.694563376397	4961.231655659005	145.742	204.142	58.400000000000006	0.474706	10.0	0	520	361
4961.231655659005	5000.844635919064	0	11.200000000000003	11.200000000000003	0.401994	10.4	2	234	374
4961.231655659005	5002.886362204108	11.200000000000003	21.451000000000008	10.251000000000005	0.379435	10.4	2	232	177
4961.231655659005	5002.903477044589	21.451000000000008	84.95100000000001	63.5	0.511149	10.0	0	586	255
4961.231655659005	5197.959846310168	146.95100000000002	157.20200000000003	10.251000000000005	0.379435	10.4	2	232	248
4961.231655659005	5208.459396222946	157.20200000000003	217.31500000000003	60.113	0.492193	10.0	0	808	325
4961.231655659005	5211.202081461148	84.95100000000001	146.95100000000002	62.0	0.496553	10.0	0	968	175
5211.202081461148	5246.069115825322	95.98	107.896	11.915999999999997	0.419019	10.4	2	76	358
5211.202081461148	5246.886587341713	18.849000000000004	95.98	77.131	0.564522	10.0	0	974	404
5211.202081461148	5247.354184148517	0	18.849000000000004	18.849000000000004	0.579891	10.2	1	908	265
5211.202081461148	5421.671593554935	181.61700000000002	200.40300000000002	18.786	0.578456	10.2	1	972	408
5211.202081461148	5427.458052012113	200.40300000000002	218.53400000000002	18.131	0.557833	10.2	1	1002	372
5211.202081461148	5428.406458222307	107.896	181.61700000000002	73.721	0.543639	10.0	0	686	173
5428.406458222307	5467.420492795313	55.105999999999995	64.547	9.441000000000003	0.352682	10.4	2	70	296
5428.406458222307	5470.4971976158795	0	55.105999999999995	55.105999999999995	0.456708	10.0	0	487	258
5428.406458222307	5470.841228538558	64.547	119.565	55.018	0.439115	10.0	0	454	198
5428.406458222307	5656.943542700124	207.89100000000002	219.10200000000003	11.210999999999999	0.371499	10.2	1	736	150
5428.406458222307	5680.806068484286	119.565	164.681	45.116000000000014	0.40048	10.0	0	452	279
5428.406458222307	5684.2744458472625	164.681	207.89100000000002	43.21000000000001	0.390641	10.0	0	610	237
5684.2744458472625	5702.294791860204	42.69799999999999	103.06499999999998	60.36699999999999	1.64211	11.8	9	975	241
5684.2744458472625	5702.64129761879	0	17.694999999999993	17.694999999999993	0.534316	10.4	2	212	109
5684.2744458472625	5702.7455201413195	17.694999999999993	42.69799999999999	25.003	0.684851	10.2	1	850	267
5684.2744458472625	5795.238327389081	103.06499999999998	121.85099999999998	18.786	0.578456	10.2	1	972	350
5684.2744458472625	5795.565645538235	121.85099999999998	174.38	52.528999999999996	1.406136	11.8	9	874	292
5684.2744458472625	5796.244196235923	174.38	219.923	45.543000000000006	1.323443	11.8	9	966	308
5796.244196235923	5805.708657089892	155.68	186.78	31.099999999999994	1.050567	11.8	9	898	405
5796.244196235923	5806.985342139353	77.84	155.68	77.84	1.926433	11.8	9	981	419
5796.244196235923	5807.053576895156	0	77.84	77.84	1.926433	11.8	9	981	330
5796.244196235923	5839.8492018915895	207.93400000000003	215.19100000000003	7.257000000000005	3.101002	12.2	11	36	315
5796.244196235923	5845.815918957136	194.037	207.93400000000003	13.897000000000006	3.047868	10.8	4	161	148
5796.244196235923	5846.9617930590975	186.78	194.037	7.257000000000005	3.101002	12.2	11	36	418
5846.9617930590975	5847.850745398742	0	49.262	49.262	12.931966	12.2	11	187	403
5846.9617930590975	5847.874624626165	49.262	216.185	166.923	18.849294	11.6	8	1019	406
5847.874624626165	5847.910944761957	0	179.12900000000002	179.12900000000002	402.694653	12.6	13	1020	113
5847.910944761957	5849.062264549762	0	59.792	59.792	9.698535	10.8	4	878	409
5847.910944761957	5849.062942317767	59.792	159.817	100.025	23.326929	12.4	12	254	115
5849.062942317767	5859.562796463922	0	174.7	174.7	2.641624	11.8	9	991	93
5859.562796463922	5859.827342622656	0	210.038	210.038	87.612197	11.2	6	1022	84
5859.827342622656	5860.174439442172	0	47.929	47.929	62.141115	11.4	7	30	324
5860.174439442172	5861.571585462774	0	137.572	137.572	16.096272	10.8	4	1024	117
5861.571585462774	5882.215375008348	0	33.0	33.0	0.783609	10.2	1	984	337
5861.571585462774	5882.270812836318	33.0	163.273	130.273	0.710176	10.0	0	985	348
5861.571585462774	5882.540583548465	163.273	183.06099999999998	19.787999999999997	0.61875	10.2	1	1006	119
5861.571585462774	5967.424976462478	211.66899999999998	219.38799999999998	7.718999999999994	1.240823	10.8	4	33	329
5861.571585462774	5977.088488007561	183.06099999999998	211.66899999999998	28.608000000000004	0.910146	11.8	9	736	351
5977.088488007561	5977.156164010971	0	179.12900000000002	179.12900000000002	402.694653	12.6	13	1020	333
5977.156164010971	5978.383772692968	0	182.22899999999998	182.22899999999998	15.716876	10.6	3	1021	373
5978.383772692968	5978.461841844643	0	179.12900000000002	179.12900000000002	402.694653	12.6	13	1020	283
5978.461841844643	6092.220658989123	106.076	118.131	12.055000000000007	0.268005	11.0	5	870	342
5978.461841844643	6092.370913986823	94.02099999999999	106.076	12.055000000000007	0.268005	11.0	5	870	167
5978.461841844643	6093.631098630372	0	94.02099999999999	94.02099999999999	0.324512	12.0	10	805	33
5978.461841844643	6645.101489037246	130.186	141.723	11.537000000000006	0.252754	11.0	5	230	301
5978.461841844643	6655.625206716812	118.131	130.186	12.055000000000007	0.268005	11.0	5	870	381
5978.461841844643	6669.835952810031	141.723	217.65900000000002	75.936	0.278322	12.0	10	392	277
6669.835952810031	6808.055415194025	104.39999999999998	111.70599999999997	7.305999999999997	0.194453	11.0	5	288	368
6669.835952810031	6813.5567907364175	52.19999999999999	104.39999999999998	52.19999999999999	0.222455	12.0	10	512	70
6669.835952810031	6813.88947557307	0	52.19999999999999	52.19999999999999	0.222455	12.0	10	512	313
6669.835952810031	7485.75587962402	163.90599999999995	216.10599999999994	52.19999999999999	0.222455	12.0	10	512	356
6669.835952810031	7492.947627866108	111.70599999999997	163.90599999999995	52.19999999999999	0.222455	12.0	10	512	407
7492.947627866108	7598.341652748832	9.756	19.512	9.756	0.236489	11.0	5	964	316
7492.947627866108	7598.769906497727	0	9.756	9.756	0.236489	11.0	5	964	276
7492.947627866108	7599.301289138107	19.512	86.64599999999999	67.13399999999999	0.253955	12.0	10	328	181
7492.947627866108	8126.4931866636725	86.64599999999999	153.77999999999997	67.13399999999999	0.253955	12.0	10	328	286
7492.947627866108	8132.97614143866	153.77999999999997	219.527	65.74700000000001	0.246805	12.0	10	708	147
8132.97614143866	8211.738134173305	93.97	107.28999999999999	13.319999999999993	0.286047	11.0	5	904	213
8132.97614143866	8213.640854435902	0	93.97	93.97	0.323806	12.0	10	455	284
8132.97614143866	8213.776580206923	107.28999999999999	189.666	82.376	0.293924	12.0	10	421	334
8132.97614143866	8588.87726942003	210.644	218.65300000000002	8.009	0.312195	10.4	2	164	98
8132.97614143866	8608.084572371905	189.666	201.203	11.537000000000006	0.252754	11.0	5	230	260
8132.97614143866	8617.453000732563	201.203	210.644	9.441000000000003	0.352682	10.4	2	70	293
8617.453000732563	8644.030749217565	180.774	217.13400000000001	36.36	1.131856	11.8	9	932	346
8617.453000732563	8644.462591170955	0	180.774	180.774	0.565804	12.0	10	1015	107
8644.462591170955	8645.44746339121	0	100.025	100.025	23.326929	12.4	12	254	76
8645.44746339121	8647.059676788038	0	137.572	137.572	16.096272	10.8	4	1024	252
8647.059676788038	8648.669773290787	0	137.572	137.572	16.096272	10.8	4	1024	341
8647.059676788038	8648.697983483436	137.572	216.793	79.221	12.819623	11.6	8	1001	357
8648.697983483436	8721.182820098085	172.19	183.588	11.397999999999996	0.406046	10.2	1	994	375
8648.697983483436	8732.598656863249	98.785	172.19	73.405	0.274628	12.0	10	360	369
8648.697983483436	8734.095902189532	0	98.785	98.785	0.337904	12.0	10	459	365
8648.697983483436	9024.23909517494	190.05	201.26100000000002	11.210999999999999	0.371499	10.2	1	736	343
8648.697983483436	9071.695738510329	183.588	190.05	6.462000000000003	0.287971	10.4	2	66	359
8648.697983483436	9144.262251565362	201.26100000000002	219.00900000000001	17.748000000000005	0.424151	11.8	9	160	371
