0	0.002080214454052861	111.17500000000001	158.461	47.286	14909.257364	23.123891860856936	14	240	26
0	0.002172074031939484	158.461	199.711	41.25	13815.218	23.123891860856936	14	239	22
0	0.0021938824235575556	0	111.17500000000001	111.17500000000001	22701.315063	23.123891860856936	14	254	23
0.0021938824235575556	0.16105245857703898	21.855999999999995	122.411	100.555	305.868234	19.191822793904247	13	1009	12
0.0021938824235575556	0.16173500318271425	0	21.855999999999995	21.855999999999995	48.055588	11.699661042577294	7	28	5
0.0021938824235575556	0.16710687707797414	122.411	196.032	73.62100000000001	250.364705	19.191822793904247	13	1003	11
0.16710687707797414	0.4517380913501594	0	45.971000000000004	45.971000000000004	62.112293	11.699661042577294	7	31	27
0.16710687707797414	0.46731597282367066	45.971000000000004	196.618	150.647	78.408208	10.771719711546172	6	1021	9
0.46731597282367066	0.4682598952393779	0	198.36700000000002	198.36700000000002	25648.759086	23.123891860856936	14	479	51
0.4682598952393779	0.470668495185444	0	198.36700000000002	198.36700000000002	25648.759086	23.123891860856936	14	479	41
0.470668495185444	0.9519010347412649	47.929	57.882000000000005	9.953000000000003	31.159797	11.699661042577294	7	13	34
0.470668495185444	0.9789878770452332	0	47.929	47.929	62.141115	11.699661042577294	7	30	29
0.9789878770452332	4.740267433402471	70.72900000000001	88.50700000000002	17.778000000000006	10.2224	20.504391182750904	12	104	21
0.9789878770452332	4.790621847478298	154.95600000000005	199.48500000000004	44.528999999999996	8.33362	17.88325777367795	8	961	24
0.9789878770452332	4.905349410421325	88.50700000000002	139.47400000000005	50.96700000000001	9.37459	17.88325777367795	8	993	1
0.9789878770452332	4.976997922031319	139.47400000000005	154.95600000000005	15.482	8.72202	20.504391182750904	12	73	17
0.9789878770452332	5.082430526228845	0	70.72900000000001	70.72900000000001	12.051151	17.88325777367795	8	999	16
5.082430526228845	6.641903538219669	153.815	197.835	44.02000000000001	17.932645	20.504391182750904	12	153	57
5.082430526228845	6.662156033310865	0	153.815	153.815	18.519757	17.88325777367795	8	1017	0
6.662156033310865	6.664547769992809	0	198.36700000000002	198.36700000000002	25648.759086	23.123891860856936	14	479	46
6.664547769992809	6.855441141605435	0	45.971000000000004	45.971000000000004	62.112293	11.699661042577294	7	31	43
6.664547769992809	6.89392445681726	45.971000000000004	196.618	150.647	78.408208	10.771719711546172	6	1021	56
6.89392445681726	10.992295306877335	69.59100000000001	109.03300000000002	39.44200000000001	7.138514	13.973536144823203	4	486	39
6.89392445681726	11.007075428329447	170.419	195.985	25.566000000000003	5.138534	13.973536144823203	4	417	53
6.89392445681726	11.044936698976766	0	46.17400000000001	46.17400000000001	8.347016	13.973536144823203	4	936	2
6.89392445681726	11.05231136923505	46.17400000000001	69.59100000000001	23.417	8.21907	13.478126138448724	11	170	54
6.89392445681726	11.065376011716939	143.33	170.419	27.089	5.722315	13.973536144823203	4	641	33
6.89392445681726	11.0705449149823	109.03300000000002	143.33	34.297	6.990664	13.973536144823203	4	996	19
11.0705449149823	15.611801346526004	0	70.72900000000001	70.72900000000001	12.051151	17.88325777367795	8	999	58
11.0705449149823	15.669537180502232	115.25800000000001	159.787	44.528999999999996	8.33362	17.88325777367795	8	961	32
11.0705449149823	15.789939053402508	70.72900000000001	115.25800000000001	44.528999999999996	8.33362	17.88325777367795	8	961	47
11.0705449149823	15.987665084590652	159.787	199.70000000000002	39.91300000000001	6.508823	17.88325777367795	8	386	44
15.987665084590652	50.400395967792164	167.805	182.474	14.668999999999997	0.48495	10.391219405729492	1	838	6
15.987665084590652	51.767415873068224	0	18.786	18.786	0.578456	10.391219405729492	1	972	10
15.987665084590652	52.04005594681799	153.136	167.805	14.668999999999997	0.48495	10.391219405729492	1	838	59
15.987665084590652	52.315163516310314	182.474	195.15499999999997	12.680999999999997	0.433109	10.391219405729492	1	900	18
15.987665084590652	52.614250476776576	18.786	89.636	70.85	0.525363	10.0	0	748	3
15.987665084590652	52.84081838257299	89.636	153.136	63.5	0.511149	10.0	0	586	4
52.84081838257299	78.40907422425717	69.701	85.51599999999999	15.814999999999998	0.526946	10.391219405729492	1	1000	35
52.84081838257299	78.44594482712904	165.56399999999996	198.57399999999996	33.010000000000005	1.079213	17.10031099857105	9	930	36
52.84081838257299	78.6744989477821	53.885999999999996	69.701	15.814999999999998	0.526946	10.391219405729492	1	1000	15
52.84081838257299	78.67835733460016	85.51599999999999	130.20399999999998	44.68799999999999	1.289842	17.10031099857105	9	934	8
52.84081838257299	78.9045700853294	130.20399999999998	165.56399999999996	35.36	1.092416	17.10031099857105	9	772	7
52.84081838257299	78.94003598983437	0	53.885999999999996	53.885999999999996	1.5216	17.10031099857105	9	940	49
78.94003598983437	146.74634080102894	144.866	161.25900000000001	16.393	0.334759	14.56606063118419	5	654	37
78.94003598983437	146.97683451799273	161.25900000000001	172.459	11.200000000000003	0.401994	10.775364353521274	2	234	13
78.94003598983437	147.62522397528778	172.459	185.14	12.680999999999997	0.433109	10.391219405729492	1	900	45
78.94003598983437	149.27346635677173	0	26.310000000000002	26.310000000000002	0.417947	14.56606063118419	5	854	31
78.94003598983437	150.58969579610738	185.14	196.53799999999998	11.397999999999996	0.406046	10.391219405729492	1	994	50
78.94003598983437	150.77081798489328	26.310000000000002	144.866	118.55600000000001	0.404503	17.22288481064597	10	973	20
150.77081798489328	185.39671200399246	0	21.953999999999994	21.953999999999994	0.588702	10.775364353521274	2	56	52
150.77081798489328	186.37762681383214	160.394	177.157	16.763000000000005	0.512194	10.775364353521274	2	210	38
150.77081798489328	187.13427007635352	21.953999999999994	160.394	138.44	0.730963	10.0	0	989	42
187.13427007635352	337.96081939176486	0	68.946	68.946	0.262026	17.22288481064597	10	358	28
187.13427007635352	339.7106264077056	137.193	199.764	62.571	0.242483	17.22288481064597	10	326	40
187.13427007635352	341.3336194529602	68.946	137.193	68.24700000000001	0.254773	17.22288481064597	10	484	14
341.3336194529602	421.633976949318	193.239	199.345	6.1059999999999945	0.263551	10.775364353521274	2	32	55
341.3336194529602	450.23837535667883	0	97.142	97.142	0.334811	17.22288481064597	10	897	30
341.3336194529602	451.30628006044793	97.142	193.239	96.09700000000001	0.330891	17.22288481064597	10	457	48
451.30628006044793	453.7015964216729	0	110.46000000000001	110.46000000000001	17.150632	13.478126138448724	11	255	25
