0	0.0009043188058642123	0	198.36700000000002	198.36700000000002	25648.759086	12.8	14	479	133
0.0009043188058642123	0.0015637239511711912	0	198.36700000000002	198.36700000000002	25648.759086	12.8	14	479	134
0.0015637239511711912	0.06548503683998015	124.13300000000001	197.71900000000002	73.58600000000001	249.875626	12.6	13	1002	123
0.0015637239511711912	0.06727595783708987	0	124.13300000000001	124.13300000000001	332.344593	12.6	13	1012	138
0.06727595783708987	0.19572450820243567	78.30000000000001	151.88600000000002	73.58600000000001	249.875626	12.6	13	1002	420
0.06727595783708987	0.20147019219672266	151.88600000000002	197.77500000000003	45.88900000000001	179.57202	12.6	13	994	124
0.06727595783708987	0.2019264397793952	0	78.30000000000001	78.30000000000001	263.832157	12.6	13	1004	131
0.2019264397793952	0.585840272181291	0	18.89	18.89	44.41023	11.4	7	24	376
0.585840272181291	0.9656651735813221	0	15.222999999999999	15.222999999999999	37.826814	11.4	7	18	132
0.585840272181291	0.967885177296846	15.222999999999999	102.91799999999999	87.695	56.48909	11.2	6	944	425
0.585840272181291	0.9757822016941662	102.91799999999999	177.68599999999998	74.768	55.049497	11.2	6	1007	385
0.9757822016941662	0.9769298568637819	0	198.36700000000002	198.36700000000002	25648.759086	12.8	14	479	387
0.9769298568637819	1.065719020374689	124.13300000000001	197.71900000000002	73.58600000000001	249.875626	12.6	13	1002	391
0.9769298568637819	1.067703147535241	0	124.13300000000001	124.13300000000001	332.344593	12.6	13	1012	392
1.067703147535241	1.0682977391864161	0	198.36700000000002	198.36700000000002	25648.759086	12.8	14	479	379
1.0682977391864161	1.4255546641882886	0	45.971000000000004	45.971000000000004	62.112293	11.4	7	31	161
1.0682977391864161	1.4647839172872792	45.971000000000004	196.618	150.647	78.408208	11.2	6	1021	381
1.4647839172872792	1.4658257705324886	119.4	189.14000000000001	69.74000000000001	18370.898792	12.8	14	248	198
1.4647839172872792	1.465828280000096	0	119.4	119.4	22825.769055	12.8	14	475	164
1.465828280000096	1.5484067817938507	139.52800000000002	199.497	59.968999999999994	221.09807	12.6	13	998	194
1.465828280000096	1.5536016169592353	73.62100000000001	139.52800000000002	65.90700000000001	236.469752	12.6	13	1000	207
1.465828280000096	1.5550471687158456	0	73.62100000000001	73.62100000000001	250.364705	12.6	13	1003	203
1.5550471687158456	1.6284993261166116	0	179.12900000000002	179.12900000000002	402.694653	12.6	13	1020	224
1.6284993261166116	2.0166901503830474	0	13.168999999999997	13.168999999999997	36.132113	11.4	7	16	223
2.0166901503830474	2.4072169135676162	0	68.88300000000001	68.88300000000001	51.881669	11.2	6	1004	174
2.0166901503830474	2.4203199914699716	126.83700000000002	184.79100000000003	57.95400000000001	46.229289	11.2	6	1000	218
2.0166901503830474	2.4231934486428575	68.88300000000001	126.83700000000002	57.95400000000001	46.229289	11.2	6	1000	204
2.4231934486428575	4.434236267605771	25.117999999999995	53.617999999999995	28.5	13.259602	12.4	12	143	447
2.4231934486428575	4.439336762902081	53.617999999999995	79.56099999999999	25.942999999999998	12.580805	12.4	12	140	146
2.4231934486428575	4.4497964910155625	0	25.117999999999995	25.117999999999995	5.056265	10.8	4	354	443
4.4497964910155625	6.463209843845345	98.188	120.376	22.188000000000002	11.417118	12.4	12	109	171
4.4497964910155625	6.468948522632209	0	76.0	76.0	9.904536	10.6	3	1002	126
4.4497964910155625	6.474876028932505	76.0	98.188	22.188000000000002	11.417118	12.4	12	109	378
6.474876028932505	9.097323277814056	0	15.482	15.482	8.72202	12.4	12	73	384
6.474876028932505	9.09985235390529	15.482	64.119	48.637	7.17959	10.6	3	994	179
9.09985235390529	11.660283335955311	0	47.78999999999999	47.78999999999999	8.718564	11.6	8	930	136
9.09985235390529	11.708427027353608	91.499	135.208	43.709	7.919136	11.6	8	897	165
9.09985235390529	11.715972653347455	47.78999999999999	91.499	43.709	7.919136	11.6	8	897	163
11.715972653347455	13.440953192420354	80.78900000000002	98.56700000000002	17.778000000000006	10.2224	12.4	12	104	127
11.715972653347455	13.495136279197192	0	59.80000000000001	59.80000000000001	10.738954	11.6	8	996	424
11.715972653347455	13.509589644032193	59.80000000000001	80.78900000000002	20.989000000000004	10.503907	12.4	12	135	211
13.509589644032193	15.246841841193627	0	52.144000000000005	52.144000000000005	7.52139	10.6	3	964	227
13.509589644032193	15.248175906547882	96.673	101.137	4.463999999999999	19.505324	11.4	7	0	222
13.509589644032193	15.292322061676446	52.144000000000005	96.673	44.528999999999996	8.33362	11.6	8	961	382
15.292322061676446	16.040238597540295	0	13.168999999999997	13.168999999999997	36.132113	11.4	7	16	215
15.292322061676446	16.074235135738284	13.168999999999997	119.425	106.256	12.059741	10.6	3	1009	229
16.074235135738284	16.827294165212585	73.293	80.488	7.194999999999993	26.159495	11.4	7	7	169
16.074235135738284	16.841828062594033	9.953000000000003	73.293	63.34	48.637236	11.2	6	1002	185
16.074235135738284	16.8664888652549	0	9.953000000000003	9.953000000000003	31.159797	11.4	7	13	187
16.8664888652549	17.066383424359497	0	47.929	47.929	62.141115	11.4	7	30	236
17.066383424359497	17.143258539314942	0	179.12900000000002	179.12900000000002	402.694653	12.6	13	1020	242
17.143258539314942	17.14416278007298	0	198.36700000000002	198.36700000000002	25648.759086	12.8	14	479	249
17.14416278007298	19.56590106513973	79.75200000000001	97.22300000000001	17.471000000000004	6.659309	12.2	11	134	172
17.14416278007298	19.639515023375946	0	45.45500000000001	45.45500000000001	8.111357	10.8	4	776	168
17.14416278007298	19.647935755674737	45.45500000000001	79.75200000000001	34.297	6.990664	10.8	4	996	139
19.647935755674737	22.076252867747733	66.02199999999999	98.005	31.983000000000004	14.451847	12.4	12	117	389
19.647935755674737	22.117177151414396	0	38.93299999999999	38.93299999999999	16.259997	12.4	12	121	214
19.647935755674737	22.14611690107538	38.93299999999999	66.02199999999999	27.089	5.722315	10.8	4	641	216
22.14611690107538	24.621943559036673	58.400000000000006	82.125	23.724999999999994	11.901722	12.4	12	138	247
22.14611690107538	24.651040412438377	29.900000000000006	58.400000000000006	28.5	13.259602	12.4	12	143	188
22.14611690107538	24.67946373512725	0	29.900000000000006	29.900000000000006	13.306708	12.4	12	113	237
24.67946373512725	27.072321171372582	23.724999999999994	94.45400000000001	70.72900000000001	12.051151	11.6	8	999	251
24.67946373512725	27.08893917401545	94.45400000000001	116.043	21.589	11.227319	12.4	12	137	225
24.67946373512725	27.139807382149463	0	23.724999999999994	23.724999999999994	11.901722	12.4	12	138	195
27.139807382149463	30.185462189628144	50.059	97.84899999999999	47.78999999999999	8.718564	11.6	8	930	186
27.139807382149463	30.208918151718635	0	50.059	50.059	7.243537	10.6	3	901	257
30.208918151718635	33.18232218085903	57.611999999999995	102.14099999999999	44.528999999999996	8.33362	11.6	8	961	233
30.208918151718635	33.25778826008792	13.082999999999998	57.611999999999995	44.528999999999996	8.33362	11.6	8	961	219
30.208918151718635	33.30115989478157	0	13.082999999999998	13.082999999999998	8.362142	12.4	12	100	255
33.30115989478157	34.70909918531973	0	129.313	129.313	16.745077	11.6	8	1013	206
33.30115989478157	34.737150907320384	129.313	168.24599999999998	38.93299999999999	16.259997	12.4	12	121	234
33.30115989478157	34.739267374986795	168.24599999999998	185.10999999999999	16.864000000000004	9.20478	12.4	12	133	254
34.739267374986795	36.024369505898406	10.167999999999992	14.63199999999999	4.463999999999999	19.505324	11.4	7	0	241
34.739267374986795	36.02489455668322	5.7039999999999935	10.167999999999992	4.463999999999999	19.505324	11.4	7	0	243
34.739267374986795	36.067575940031446	0	5.7039999999999935	5.7039999999999935	21.171274	11.4	7	2	258
36.067575940031446	36.44129312937341	0	150.647	150.647	78.408208	11.2	6	1021	252
36.44129312937341	36.6279526794384	0	150.647	150.647	78.408208	11.2	6	1021	262
36.6279526794384	36.62868873355564	0	198.36700000000002	198.36700000000002	25648.759086	12.8	14	479	273
36.62868873355564	36.66907343164338	0	179.12900000000002	179.12900000000002	402.694653	12.6	13	1020	274
36.66907343164338	37.62714510369693	0	100.025	100.025	23.326929	12.4	12	254	271
37.62714510369693	38.51665049668732	20.36399999999999	30.677999999999983	10.313999999999993	21.046555	12.6	13	34	279
37.62714510369693	38.52530881738001	13.168999999999997	20.36399999999999	7.194999999999993	26.159495	11.4	7	7	275
37.62714510369693	38.580457658308646	0	13.168999999999997	13.168999999999997	36.132113	11.4	7	16	272
38.580457658308646	38.88284767758134	0	150.647	150.647	78.408208	11.2	6	1021	283
38.88284767758134	42.16505786105269	0	49.81700000000001	49.81700000000001	8.815686	10.8	4	938	250
38.88284767758134	42.20595075443366	49.81700000000001	73.23400000000001	23.417	8.21907	12.2	11	170	167
38.88284767758134	42.21300600251427	73.23400000000001	115.37300000000002	42.13900000000001	7.902039	10.8	4	966	268
42.21300600251427	45.55716681337541	62.85199999999999	84.594	21.742000000000004	7.721503	12.2	11	168	129
42.21300600251427	45.576972093257936	22.007999999999996	62.85199999999999	40.843999999999994	7.580797	10.8	4	710	162
42.21300600251427	45.59221747049998	0	22.007999999999996	22.007999999999996	7.727925	12.2	11	169	210
45.59221747049998	49.119436533694376	47.92700000000001	75.016	27.089	5.722315	10.8	4	641	238
45.59221747049998	49.1449747036723	17.471000000000004	47.92700000000001	30.456000000000003	6.278119	10.8	4	770	202
45.59221747049998	49.15482230961668	0	17.471000000000004	17.471000000000004	6.659309	12.2	11	134	212
49.15482230961668	52.70962691217892	26.104	48.712999999999994	22.608999999999995	4.56197	10.8	4	290	276
49.15482230961668	52.71504014354534	0	26.104	26.104	5.312768	10.8	4	449	228
49.15482230961668	52.722231515142795	48.712999999999994	124.713	76.0	9.904536	10.6	3	1002	280
52.722231515142795	54.64420759515996	0	45.45500000000001	45.45500000000001	8.111357	10.8	4	776	292
52.722231515142795	54.658546667760405	45.45500000000001	118.68	73.225	20.803905	12.4	12	127	284
54.658546667760405	55.72444497471113	74.24999999999999	78.71399999999998	4.463999999999999	19.505324	11.4	7	0	293
54.658546667760405	56.5648360520144	0	39.94999999999999	39.94999999999999	16.567029	12.4	12	151	291
54.658546667760405	56.57614702364461	39.94999999999999	74.24999999999999	34.3	15.198443	12.4	12	119	286
56.57614702364461	58.58773542496249	0	40.656000000000006	40.656000000000006	11.169851	12.2	11	210	296
56.57614702364461	58.597279432943985	94.32	199.32	105.0	11.556709	10.6	3	944	298
56.57614702364461	58.601265091896565	40.656000000000006	94.32	53.66399999999999	9.155157	10.8	4	812	302
58.601265091896565	58.602532161202824	0	198.36700000000002	198.36700000000002	25648.759086	12.8	14	479	310
58.602532161202824	58.96200713159318	0	150.647	150.647	78.408208	11.2	6	1021	311
58.96200713159318	59.00221759741231	0	179.12900000000002	179.12900000000002	402.694653	12.6	13	1020	315
59.00221759741231	60.06163566053937	153.815	194.995	41.18000000000001	17.069876	12.4	12	122	314
59.00221759741231	60.08443314434743	0	153.815	153.815	18.519757	11.6	8	1017	313
60.08443314434743	82.56156084576224	45.543000000000006	60.212	14.668999999999997	0.48495	10.2	1	838	217
60.08443314434743	83.88555129507364	0	45.543000000000006	45.543000000000006	1.323443	11.8	9	966	137
60.08443314434743	84.20671089744351	60.212	97.279	37.06699999999999	1.146079	11.8	9	933	130
84.20671089744351	108.22163650141769	0	35.36	35.36	1.092416	11.8	9	772	140
84.20671089744351	108.38062215161015	69.349	102.35900000000001	33.010000000000005	1.079213	11.8	9	930	173
84.20671089744351	108.4394464676562	35.36	69.349	33.989000000000004	1.082463	11.8	9	962	200
108.4394464676562	129.44136923694293	74.13399999999999	110.49399999999999	36.36	1.131856	11.8	9	932	154
108.4394464676562	129.5893318987937	37.06699999999999	74.13399999999999	37.06699999999999	1.146079	11.8	9	933	181
108.4394464676562	129.66932541578245	0	37.06699999999999	37.06699999999999	1.146079	11.8	9	933	377
129.66932541578245	150.27117536578348	59.342	88.951	29.608999999999995	0.964029	11.8	9	864	246
129.66932541578245	150.80343130629433	29.733000000000004	59.342	29.608999999999995	0.964029	11.8	9	864	221
129.66932541578245	150.808383935349	0	29.733000000000004	29.733000000000004	0.972195	11.8	9	897	176
150.808383935349	162.11420230099557	60.36699999999999	114.25299999999999	53.885999999999996	1.5216	11.8	9	940	191
150.808383935349	162.14077996043156	0	60.36699999999999	60.36699999999999	1.64211	11.8	9	975	213
150.808383935349	162.57630878821027	114.25299999999999	161.72799999999998	47.474999999999994	1.396209	11.8	9	968	260
162.57630878821027	170.5878194106425	27.79400000000001	35.051000000000016	7.257000000000005	3.101002	12.2	11	36	299
162.57630878821027	171.59014312519326	13.897000000000006	27.79400000000001	13.897000000000006	3.047868	10.8	4	161	289
162.57630878821027	172.42652115853343	0	13.897000000000006	13.897000000000006	3.047868	10.8	4	161	281
172.42652115853343	173.58042391705777	137.572	142.036	4.463999999999999	19.505324	11.4	7	0	317
172.42652115853343	173.6295715298072	0	137.572	137.572	16.096272	10.8	4	1024	309
173.6295715298072	173.63091775293555	0	198.36700000000002	198.36700000000002	25648.759086	12.8	14	479	323
173.63091775293555	173.70785780411373	0	179.12900000000002	179.12900000000002	402.694653	12.6	13	1020	326
173.70785780411373	174.62282190992013	0	180.983	180.983	19.170974	11.6	8	1020	327
174.62282190992013	177.32399045904543	0	46.17400000000001	46.17400000000001	8.347016	10.8	4	936	325
177.32399045904543	179.9161779465557	0	54.92400000000001	54.92400000000001	10.075412	11.6	8	994	328
177.32399045904543	179.94992561305276	54.92400000000001	105.89100000000002	50.96700000000001	9.37459	11.6	8	993	332
177.32399045904543	179.97547966222476	105.89100000000002	153.681	47.78999999999999	8.718564	11.6	8	930	329
179.97547966222476	180.03127391566454	0	179.12900000000002	179.12900000000002	402.694653	12.6	13	1020	336
180.03127391566454	180.3745149926969	0	150.647	150.647	78.408208	11.2	6	1021	338
180.3745149926969	180.45348890722337	0	179.12900000000002	179.12900000000002	402.694653	12.6	13	1020	340
180.45348890722337	180.52794136606855	0	179.12900000000002	179.12900000000002	402.694653	12.6	13	1020	341
180.52794136606855	181.61479683136344	0	100.025	100.025	23.326929	12.4	12	254	333
181.61479683136344	181.61565520773811	0	198.36700000000002	198.36700000000002	25648.759086	12.8	14	479	350
181.61565520773811	181.6586385752038	0	179.12900000000002	179.12900000000002	402.694653	12.6	13	1020	348
181.6586385752038	183.9690557384906	34.297	58.02199999999999	23.724999999999994	11.901722	12.4	12	138	345
181.6586385752038	184.01503974763392	58.02199999999999	127.35299999999998	69.33099999999999	9.158464	10.6	3	968	342
181.6586385752038	184.0447277158526	0	34.297	34.297	6.990664	10.8	4	996	337
184.0447277158526	185.14072853337743	61.0	65.464	4.463999999999999	19.505324	11.4	7	0	346
184.0447277158526	186.2881634010123	0	61.0	61.0	8.265406	10.6	3	903	352
184.0447277158526	186.3219914233446	65.464	72.447	6.983000000000004	10.707272	12.6	13	0	351
186.3219914233446	187.1567104941735	0	180.983	180.983	19.170974	11.6	8	1020	359
187.1567104941735	187.44315594556332	0	45.971000000000004	45.971000000000004	62.112293	11.4	7	31	367
187.1567104941735	187.4651680389035	45.971000000000004	196.618	150.647	78.408208	11.2	6	1021	370
187.4651680389035	187.48491728035313	0	179.12900000000002	179.12900000000002	402.694653	12.6	13	1020	373
187.48491728035313	188.84792792340957	100.025	177.17000000000002	77.14500000000001	12.745747	11.6	8	1000	147
187.48491728035313	188.90219902770357	0	100.025	100.025	23.326929	12.4	12	254	372
188.90219902770357	190.10271161539373	0	100.025	100.025	23.326929	12.4	12	254	148
190.10271161539373	190.10364625809459	0	198.36700000000002	198.36700000000002	25648.759086	12.8	14	479	151
190.10364625809459	228.26242334610112	24.171000000000006	48.34200000000001	24.171000000000006	0.65504	10.2	1	816	427
190.10364625809459	228.8264172653863	0	24.171000000000006	24.171000000000006	0.65504	10.2	1	816	394
190.10364625809459	230.35466827288596	48.34200000000001	68.13000000000001	19.787999999999997	0.61875	10.2	1	1006	141
230.35466827288596	269.38604838987834	108.88799999999999	128.676	19.787999999999997	0.61875	10.2	1	1006	0
230.35466827288596	270.0699286821317	89.1	108.88799999999999	19.787999999999997	0.61875	10.2	1	1006	383
230.35466827288596	270.31516112973696	0	89.1	89.1	0.593658	10.0	0	562	184
270.31516112973696	310.06650708144355	95.76500000000001	114.55100000000002	18.786	0.578456	10.2	1	972	426
270.31516112973696	310.37579951647353	0	18.786	18.786	0.578456	10.2	1	972	410
270.31516112973696	311.0876569446603	18.786	95.76500000000001	76.97900000000001	0.546738	10.0	0	942	253
311.0876569446603	350.2680237709669	0	11.200000000000003	11.200000000000003	0.401994	10.4	2	234	294
311.0876569446603	350.68582119426515	11.200000000000003	27.015	15.814999999999998	0.526946	10.2	1	1000	189
311.0876569446603	351.5297022799474	27.015	85.415	58.400000000000006	0.474706	10.0	0	520	267
351.5297022799474	392.4273304483893	0	14.668999999999997	14.668999999999997	0.48495	10.2	1	838	193
351.5297022799474	396.5459807910115	14.668999999999997	63.60199999999999	48.93299999999999	0.423111	10.0	0	772	421
396.5459807910115	440.27656276437176	92.84900000000002	136.05900000000003	43.21000000000001	0.390641	10.0	0	610	261
396.5459807910115	441.00501541512654	47.733000000000004	92.84900000000002	45.116000000000014	0.40048	10.0	0	452	125
396.5459807910115	441.75487965551827	0	47.733000000000004	47.733000000000004	0.418766	10.0	0	836	288
441.75487965551827	473.80098814995927	125.53399999999999	134.975	9.441000000000003	0.352682	10.4	2	70	259
441.75487965551827	477.322389449281	58.400000000000006	125.53399999999999	67.13399999999999	0.253955	12.0	10	328	220
441.75487965551827	477.6917396137952	0	58.400000000000006	58.400000000000006	0.474706	10.0	0	520	402
477.6917396137952	511.7691449762343	45.116000000000014	57.79700000000001	12.680999999999997	0.433109	10.2	1	900	209
477.6917396137952	513.2491516665192	0	45.116000000000014	45.116000000000014	0.40048	10.0	0	452	318
477.6917396137952	513.4429912908274	57.79700000000001	64.9	7.102999999999994	0.291503	10.4	2	930	226
513.4429912908274	534.2444543363421	49.17400000000001	73.34500000000001	24.171000000000006	0.65504	10.2	1	816	306
513.4429912908274	534.2608616772089	25.003	49.17400000000001	24.171000000000006	0.65504	10.2	1	816	269
513.4429912908274	534.3946274568112	0	25.003	25.003	0.684851	10.2	1	850	170
534.3946274568112	554.0402260777446	0	15.742999999999995	15.742999999999995	0.487423	10.4	2	112	371
534.3946274568112	555.2262621704468	15.742999999999995	74.257	58.51400000000001	1.572977	11.8	9	878	300
534.3946274568112	555.5830826560907	74.257	121.732	47.474999999999994	1.396209	11.8	9	968	365
555.5830826560907	567.7095803318906	131.595	162.695	31.099999999999994	1.050567	11.8	9	898	363
555.5830826560907	568.9564724075436	84.12	131.595	47.474999999999994	1.396209	11.8	9	968	331
555.5830826560907	569.5367182266414	0	84.12	84.12	1.963349	11.8	9	980	369
569.5367182266414	577.816426670683	13.897000000000006	20.042	6.144999999999996	3.202904	12.4	12	4	150
569.5367182266414	579.0335981002631	0	13.897000000000006	13.897000000000006	3.047868	10.8	4	161	357
569.5367182266414	582.9507909525278	20.042	33.322	13.280000000000001	1.409548	10.6	3	129	153
582.9507909525278	584.4971179294016	0	94.429	94.429	14.553094	11.6	8	1007	448
582.9507909525278	584.5508926196864	94.429	199.429	105.0	11.556709	10.6	3	944	450
584.5508926196864	584.6242067471655	0	179.12900000000002	179.12900000000002	402.694653	12.6	13	1020	452
584.6242067471655	584.6623872058238	0	179.12900000000002	179.12900000000002	402.694653	12.6	13	1020	454
584.6623872058238	585.7477181474043	0	180.983	180.983	19.170974	11.6	8	1020	456
585.7477181474043	585.7489782876324	0	198.36700000000002	198.36700000000002	25648.759086	12.8	14	479	160
585.7489782876324	587.1652336546653	0	119.72	119.72	16.261879	11.6	8	1010	445
585.7489782876324	587.1778133049228	119.72	198.941	79.221	12.819623	11.6	8	1001	444
587.1778133049228	588.6774456624129	0	63.01400000000001	63.01400000000001	14.239272	12.2	11	221	157
587.1778133049228	588.6991830888495	63.01400000000001	198.20100000000002	135.187	17.267744	11.6	8	1015	256
588.6991830888495	589.8519413514603	0	137.572	137.572	16.096272	10.8	4	1024	347
589.8519413514603	589.8529961700016	0	198.36700000000002	198.36700000000002	25648.759086	12.8	14	479	403
589.8529961700016	590.9093591450572	0	182.22899999999998	182.22899999999998	15.716876	10.6	3	1021	404
590.9093591450572	590.963695711736	0	179.12900000000002	179.12900000000002	402.694653	12.6	13	1020	406
590.963695711736	598.7170329742014	174.7	185.125	10.424999999999997	4.194527	12.2	11	69	455
590.963695711736	598.9960006761029	0	174.7	174.7	2.641624	11.8	9	991	446
598.9960006761029	599.2944663693615	101.916	199.648	97.732	62.589107	11.2	6	1011	415
598.9960006761029	599.2949646220271	0	101.916	101.916	63.15814	11.2	6	980	414
599.2949646220271	599.7760630323929	0	47.929	47.929	62.141115	11.4	7	30	418
599.7760630323929	601.8901000160492	0	77.14500000000001	77.14500000000001	12.745747	11.6	8	1000	419
599.7760630323929	601.8995647790222	146.476	198.62	52.144000000000005	7.52139	10.6	3	964	417
599.7760630323929	601.9434818277416	77.14500000000001	146.476	69.33099999999999	9.158464	10.6	3	968	416
601.9434818277416	601.944628642964	0	198.36700000000002	198.36700000000002	25648.759086	12.8	14	479	6
601.944628642964	603.1949813793784	186.69299999999998	191.15699999999998	4.463999999999999	19.505324	11.4	7	0	7
601.944628642964	603.3523013111535	182.22899999999998	186.69299999999998	4.463999999999999	19.505324	11.4	7	0	2
601.944628642964	603.7100996873945	0	182.22899999999998	182.22899999999998	15.716876	10.6	3	1021	9
603.7100996873945	604.0714405037031	150.647	165.87	15.222999999999999	37.826814	11.4	7	18	14
603.7100996873945	604.0836739263963	0	150.647	150.647	78.408208	11.2	6	1021	12
604.0836739263963	605.0684090150411	0	129.313	129.313	16.745077	11.6	8	1013	18
605.0684090150411	605.9912846896949	9.066999999999993	44.095	35.028000000000006	31.167219	11.2	6	929	16
605.0684090150411	606.0061537391667	44.095	69.80799999999999	25.712999999999994	17.205117	11.2	6	258	19
605.0684090150411	606.0753515770323	0	9.066999999999993	9.066999999999993	27.71738	11.4	7	8	15
606.0753515770323	606.1333586736727	0	179.12900000000002	179.12900000000002	402.694653	12.6	13	1020	21
606.1333586736727	672.1608152835639	0	21.445999999999998	21.445999999999998	0.367289	11.0	5	624	135
606.1333586736727	673.7949829884271	42.19799999999999	58.590999999999994	16.393	0.334759	11.0	5	654	240
606.1333586736727	674.4568674252466	21.445999999999998	42.19799999999999	20.751999999999995	0.346139	11.0	5	240	436
674.4568674252466	741.1237568854641	124.93100000000001	141.324	16.393	0.334759	11.0	5	654	422
674.4568674252466	741.6995669967953	0	16.393	16.393	0.334759	11.0	5	654	270
674.4568674252466	743.626316805409	16.393	124.93100000000001	108.53800000000001	0.370111	12.0	10	903	428
743.626316805409	780.8428789393408	62.664	113.116	50.452	0.83969	10.4	2	862	307
743.626316805409	790.6634360308799	0	31.953000000000003	31.953000000000003	0.465418	11.0	5	730	316
743.626316805409	791.1902184475964	31.953000000000003	62.664	30.711	0.456477	11.0	5	1016	196
791.1902184475964	838.8917183451716	25.263000000000005	50.263000000000005	25.0	0.636786	10.4	2	92	177
791.1902184475964	838.894587497638	50.263000000000005	79.083	28.819999999999993	0.423364	11.0	5	248	324
791.1902184475964	839.0432694944038	0	25.263000000000005	25.263000000000005	0.646581	10.4	2	988	263
839.0432694944038	915.5069212037115	96.01699999999998	105.48099999999998	9.463999999999999	0.3574	10.4	2	582	208
839.0432694944038	915.8285725282373	0	85.15799999999999	85.15799999999999	0.299203	12.0	10	364	175
839.0432694944038	916.3229167276169	85.15799999999999	96.01699999999998	10.858999999999995	0.380291	10.4	2	936	192
916.3229167276169	989.2390972306334	0	11.537000000000006	11.537000000000006	0.252754	11.0	5	230	277
916.3229167276169	992.1457557493966	20.97800000000001	94.38300000000001	73.405	0.274628	12.0	10	360	197
916.3229167276169	992.7976750976309	11.537000000000006	20.97800000000001	9.441000000000003	0.352682	10.4	2	70	239
992.7976750976309	1056.2836443124222	96.01699999999998	107.55399999999999	11.537000000000006	0.252754	11.0	5	230	180
992.7976750976309	1058.9877042633043	0	85.15799999999999	85.15799999999999	0.299203	12.0	10	364	155
992.7976750976309	1059.4743926912474	85.15799999999999	96.01699999999998	10.858999999999995	0.380291	10.4	2	936	282
1059.4743926912474	1125.4391620383049	18.905	92.31	73.405	0.274628	12.0	10	360	201
1059.4743926912474	1125.8878547104632	0	9.463999999999999	9.463999999999999	0.3574	10.4	2	582	304
1059.4743926912474	1126.1198070940054	9.463999999999999	18.905	9.441000000000003	0.352682	10.4	2	70	308
1126.1198070940054	1155.6807450245926	60.129999999999995	124.725	64.595	1.088948	10.2	1	863	312
1126.1198070940054	1160.6658109401023	30.064999999999998	60.129999999999995	30.064999999999998	0.449078	11.0	5	664	231
1126.1198070940054	1161.1040767481336	0	30.064999999999998	30.064999999999998	0.449078	11.0	5	664	178
1161.1040767481336	1195.1394604595762	50.363	73.605	23.242000000000004	0.622767	10.4	2	218	190
1161.1040767481336	1196.0485452325452	25.263000000000005	50.363	25.099999999999994	0.643957	10.4	2	188	335
1161.1040767481336	1196.114024716531	0	25.263000000000005	25.263000000000005	0.646581	10.4	2	988	278
1196.114024716531	1238.483808307043	16.159999999999997	31.90299999999999	15.742999999999995	0.487423	10.4	2	112	423
1196.114024716531	1238.5231632124562	0	16.159999999999997	16.159999999999997	0.490398	10.4	2	272	248
1196.114024716531	1238.667546527685	31.90299999999999	141.553	109.65	0.654766	10.0	0	1013	388
1238.667546527685	1279.5553313888279	25.003	41.396	16.393	0.334759	11.0	5	654	297
1238.667546527685	1279.7785396936517	41.396	57.138999999999996	15.742999999999995	0.487423	10.4	2	112	386
1238.667546527685	1280.8841866334938	0	25.003	25.003	0.684851	10.2	1	850	156
1280.8841866334938	1344.2261337940308	54.742000000000004	62.751000000000005	8.009	0.312195	10.4	2	164	322
1280.8841866334938	1344.7418010742954	46.733000000000004	54.742000000000004	8.009	0.312195	10.4	2	164	128
1280.8841866334938	1346.3045702496202	0	46.733000000000004	46.733000000000004	0.414064	10.0	0	644	305
1346.3045702496202	1410.258098628607	0	46.733000000000004	46.733000000000004	0.414064	10.0	0	644	343
1346.3045702496202	1411.6075895607714	46.733000000000004	91.84900000000002	45.116000000000014	0.40048	10.0	0	452	230
1346.3045702496202	1411.7143531346242	91.84900000000002	136.949	45.099999999999994	0.393664	10.0	0	802	13
1411.7143531346242	1464.8951088683707	14.668999999999997	29.337999999999994	14.668999999999997	0.48495	10.2	1	838	380
1411.7143531346242	1465.494002556346	0	14.668999999999997	14.668999999999997	0.48495	10.2	1	838	199
1411.7143531346242	1468.949008012839	29.337999999999994	91.90899999999999	62.571	0.242483	12.0	10	326	303
1468.949008012839	1524.720298453873	94.46600000000001	107.147	12.680999999999997	0.433109	10.2	1	900	287
1468.949008012839	1525.412047627322	47.733000000000004	94.46600000000001	46.733000000000004	0.414064	10.0	0	644	362
1468.949008012839	1525.9768918408672	0	47.733000000000004	47.733000000000004	0.418766	10.0	0	836	355
1525.9768918408672	1565.708772301215	92.447	103.647	11.200000000000003	0.401994	10.4	2	234	301
1525.9768918408672	1566.5781630862762	103.647	113.89800000000001	10.251000000000005	0.379435	10.4	2	232	3
1525.9768918408672	1566.943042048713	0	92.447	92.447	0.322556	12.0	10	835	319
1566.943042048713	1605.8446241591191	69.39	85.205	15.814999999999998	0.526946	10.2	1	1000	330
1566.943042048713	1608.4631011864972	0	10.989999999999995	10.989999999999995	0.237554	11.0	5	996	407
1566.943042048713	1608.6117650262381	10.989999999999995	69.39	58.400000000000006	0.474706	10.0	0	520	20
1608.6117650262381	1644.7974696719834	0	17.150000000000006	17.150000000000006	0.545797	10.2	1	938	374
1608.6117650262381	1645.752580335511	80.65	95.64800000000001	14.998000000000005	0.485721	10.2	1	902	159
1608.6117650262381	1645.7832707833686	17.150000000000006	80.65	63.5	0.511149	10.0	0	586	449
1645.7832707833686	1682.0032959412065	85.996	100.66499999999999	14.668999999999997	0.48495	10.2	1	838	458
1645.7832707833686	1682.4171756452383	71.327	85.996	14.668999999999997	0.48495	10.2	1	838	460
1645.7832707833686	1682.9179912677428	0	71.327	71.327	0.265883	12.0	10	390	353
1682.9179912677428	1711.4626265400198	77.131	95.917	18.786	0.578456	10.2	1	972	1
1682.9179912677428	1712.1163820314869	0	77.131	77.131	0.564522	10.0	0	974	408
1682.9179912677428	1712.3055915871096	95.917	114.048	18.131	0.557833	10.2	1	1002	285
1712.3055915871096	1740.9560748503632	11.200000000000003	22.400000000000006	11.200000000000003	0.401994	10.4	2	234	149
1712.3055915871096	1741.055552968413	0	11.200000000000003	11.200000000000003	0.401994	10.4	2	234	360
1712.3055915871096	1741.5024407731225	22.400000000000006	85.9	63.5	0.511149	10.0	0	586	152
1741.5024407731225	1773.652127990586	85.29299999999999	130.409	45.116000000000014	0.40048	10.0	0	452	25
1741.5024407731225	1774.174127853535	48.93299999999999	85.29299999999999	36.36	1.131856	11.8	9	932	451
1741.5024407731225	1774.197365335438	0	48.93299999999999	48.93299999999999	0.423111	10.0	0	772	27
1774.197365335438	1805.2922827987172	0	11.397999999999996	11.397999999999996	0.406046	10.2	1	994	453
1774.197365335438	1805.9727064169147	41.34299999999999	69.43599999999999	28.093000000000004	0.777615	11.8	9	416	413
1774.197365335438	1806.4564273660903	11.397999999999996	41.34299999999999	29.944999999999993	0.989735	11.8	9	960	158
1806.4564273660903	1817.5345185342085	155.437	169.334	13.897000000000006	3.047868	10.8	4	161	411
1806.4564273660903	1817.9449399451314	84.12	155.437	71.31700000000001	1.733237	11.8	9	944	409
1806.4564273660903	1818.2527469498605	0	84.12	84.12	1.963349	11.8	9	980	5
1818.2527469498605	1827.6442937220372	21.15400000000001	28.411000000000016	7.257000000000005	3.101002	12.2	11	36	11
1818.2527469498605	1827.7544392726686	7.257000000000005	21.15400000000001	13.897000000000006	3.047868	10.8	4	161	412
1818.2527469498605	1827.7880556270643	0	7.257000000000005	7.257000000000005	3.101002	12.2	11	36	28
1827.7880556270643	1829.3435157486556	0	137.572	137.572	16.096272	10.8	4	1024	8
1829.3435157486556	1830.812251308149	32.991	37.455	4.463999999999999	19.505324	11.4	7	0	24
1829.3435157486556	1830.822341276907	28.527	32.991	4.463999999999999	19.505324	11.4	7	0	26
1829.3435157486556	1830.8233058635005	0	28.527	28.527	9.155934	12.2	11	204	22
1830.8233058635005	1830.8249086238197	0	198.36700000000002	198.36700000000002	25648.759086	12.8	14	479	34
1830.8249086238197	1831.1232101041778	0	150.647	150.647	78.408208	11.2	6	1021	36
1831.1232101041778	1833.292500623827	0	31.983000000000004	31.983000000000004	14.451847	12.4	12	117	38
1833.292500623827	1834.2656304873485	163.453	167.917	4.463999999999999	19.505324	11.4	7	0	39
1833.292500623827	1835.51636356208	77.14500000000001	163.453	86.30799999999999	10.56023	10.6	3	943	33
1833.292500623827	1835.5356874241625	0	77.14500000000001	77.14500000000001	12.745747	11.6	8	1000	29
1835.5356874241625	1835.6018077569654	0	179.12900000000002	179.12900000000002	402.694653	12.6	13	1020	42
1835.6018077569654	1835.8636352375054	0	150.647	150.647	78.408208	11.2	6	1021	44
1835.8636352375054	1835.8644666311563	0	198.36700000000002	198.36700000000002	25648.759086	12.8	14	479	53
1835.8644666311563	1835.8651961600729	0	198.36700000000002	198.36700000000002	25648.759086	12.8	14	479	55
1835.8651961600729	1838.1076170427066	0	49.262	49.262	12.931966	12.2	11	187	52
1838.1076170427066	1840.2791538904426	122.64500000000001	149.13400000000001	26.489000000000004	4.125251	11.6	8	224	60
1838.1076170427066	1840.2935790614542	45.5	122.64500000000001	77.14500000000001	12.745747	11.6	8	1000	51
1838.1076170427066	1840.3488296096077	0	45.5	45.5	11.688203	12.2	11	154	50
1840.3488296096077	1841.510197795623	0	110.46000000000001	110.46000000000001	17.150632	12.2	11	255	63
1841.510197795623	1841.5631672943618	0	179.12900000000002	179.12900000000002	402.694653	12.6	13	1020	71
1841.5631672943618	1842.9870621793789	0	51.22	51.22	18.339359	12.4	12	185	70
1841.5631672943618	1842.9970654125832	51.22	196.853	145.633	14.335184	10.6	3	953	72
1842.9970654125832	1858.0796426996008	0	32.611999999999995	32.611999999999995	0.763272	10.2	1	792	41
1842.9970654125832	1858.1323628278103	32.611999999999995	57.614999999999995	25.003	0.684851	10.2	1	850	49
1842.9970654125832	1858.1769167032658	57.614999999999995	111.50099999999999	53.885999999999996	1.5216	11.8	9	940	46
1858.1769167032658	1868.0915897486805	76.643	83.9	7.257000000000005	3.101002	12.2	11	36	77
1858.1769167032658	1873.038797045226	45.543000000000006	76.643	31.099999999999994	1.050567	11.8	9	898	57
1858.1769167032658	1873.210463381651	0	45.543000000000006	45.543000000000006	1.323443	11.8	9	966	35
1873.210463381651	1876.8331014065138	24.555000000000007	64.89500000000001	40.34	7.251339	10.8	4	518	74
1873.210463381651	1876.8771934339843	64.89500000000001	83.766	18.870999999999995	6.805299	12.2	11	196	80
1873.210463381651	1876.8775108736747	0	24.555000000000007	24.555000000000007	8.343333	12.2	11	142	69
1876.8775108736747	1880.44920690345	0	44.528999999999996	44.528999999999996	8.33362	11.6	8	961	76
1876.8775108736747	1880.4618431098231	44.528999999999996	85.114	40.58500000000001	6.079055	10.6	3	865	75
1876.8775108736747	1880.5203272991816	85.114	115.843	30.729	4.812436	11.6	8	258	79
1880.5203272991816	1880.521508313605	0	198.36700000000002	198.36700000000002	25648.759086	12.8	14	479	86
1880.521508313605	1880.5974554634745	0	179.12900000000002	179.12900000000002	402.694653	12.6	13	1020	91
1880.5974554634745	1881.0317809001938	0	47.929	47.929	62.141115	11.4	7	30	90
1881.0317809001938	1883.136709381211	0	54.74600000000001	54.74600000000001	9.342762	10.8	4	972	81
1883.136709381211	1885.231697781928	0	40.843999999999994	40.843999999999994	7.580797	10.8	4	710	89
1883.136709381211	1885.2397369181836	40.843999999999994	80.79399999999998	39.94999999999999	16.567029	12.4	12	151	82
1883.136709381211	1885.2503500244886	80.79399999999998	141.903	61.10900000000001	10.762368	11.6	8	997	87
1885.2503500244886	1885.2508032630565	0	198.36700000000002	198.36700000000002	25648.759086	12.8	14	479	110
1885.2508032630565	1885.2519985046426	0	198.36700000000002	198.36700000000002	25648.759086	12.8	14	479	111
1885.2519985046426	1885.596407385405	47.929	136.684	88.755	59.674331	11.2	6	1008	107
1885.2519985046426	1885.6139611375809	0	47.929	47.929	62.141115	11.4	7	30	101
1885.6139611375809	1886.0213125834732	0	47.929	47.929	62.141115	11.4	7	30	116
1886.0213125834732	1886.022504852981	0	198.36700000000002	198.36700000000002	25648.759086	12.8	14	479	121
1886.022504852981	1889.2566309979584	79.30100000000002	102.71800000000002	23.417	8.21907	12.2	11	170	117
1886.022504852981	1889.326841895063	54.74600000000001	79.30100000000002	24.555000000000007	8.343333	12.2	11	142	114
1886.022504852981	1889.3473520662121	0	54.74600000000001	54.74600000000001	9.342762	10.8	4	972	105
1889.3473520662121	1892.399224058014	59.73899999999999	97.276	37.537000000000006	5.409657	10.6	3	704	145
1889.3473520662121	1892.6514661332299	40.867999999999995	59.73899999999999	18.870999999999995	6.805299	12.2	11	196	85
1889.3473520662121	1892.673327710978	0	40.867999999999995	40.867999999999995	7.609501	10.8	4	742	99
1892.673327710978	1892.7181519782778	0	179.12900000000002	179.12900000000002	402.694653	12.6	13	1020	143
1892.7181519782778	1892.7899522368887	0	179.12900000000002	179.12900000000002	402.694653	12.6	13	1020	396
1892.7899522368887	1893.2089276227075	0	47.929	47.929	62.141115	11.4	7	30	395
1893.2089276227075	1893.2690892850997	0	179.12900000000002	179.12900000000002	402.694653	12.6	13	1020	459
1893.2690892850997	1893.6567763534736	134.312	187.244	52.93199999999999	43.825865	11.2	6	999	457
1893.2690892850997	1893.6608624042447	0	134.312	134.312	76.679335	11.2	6	1019	361
1893.6608624042447	1919.1842054051526	58.858000000000004	91.858	33.0	0.783609	10.2	1	984	40
1893.6608624042447	1919.5025041615665	39.804	58.858000000000004	19.054000000000002	0.557031	10.4	2	278	30
1893.6608624042447	1919.7132207303403	0	39.804	39.804	0.854594	10.2	1	893	65
1919.7132207303403	1945.1885456540385	61.616	88.826	27.209999999999994	0.710935	10.2	1	1012	62
1919.7132207303403	1945.6821340843508	0	32.611999999999995	32.611999999999995	0.763272	10.2	1	792	78
1919.7132207303403	1945.7604867858636	32.611999999999995	61.616	29.004000000000005	0.746004	10.2	1	982	58
1945.7604867858636	1966.0569981822532	39.804	128.904	89.1	0.593658	10.0	0	562	97
1945.7604867858636	1966.0765246604917	128.904	171.548	42.644000000000005	1.231391	11.8	9	806	67
1945.7604867858636	1966.4053629715659	0	39.804	39.804	0.854594	10.2	1	893	47
1966.4053629715659	1982.880636757083	8.168000000000006	12.25200000000001	4.084000000000003	1.424821	12.2	11	0	356
1966.4053629715659	1984.554485939846	4.084000000000003	8.168000000000006	4.084000000000003	1.424821	12.2	11	0	400
1966.4053629715659	1984.8653986497125	0	4.084000000000003	4.084000000000003	1.424821	12.2	11	0	397
1984.8653986497125	1986.7159584101491	156.647	197.303	40.656000000000006	11.169851	12.2	11	210	344
1984.8653986497125	1986.718143294509	81.77699999999999	156.647	74.87	11.21295	10.8	4	946	401
1984.8653986497125	1986.7481930642434	0	81.77699999999999	81.77699999999999	11.792125	10.8	4	1012	368
1986.7481930642434	1987.0373235316151	0	150.647	150.647	78.408208	11.2	6	1021	366
1987.0373235316151	1996.094991950428	174.7	181.957	7.257000000000005	3.101002	12.2	11	36	290
1987.0373235316151	1997.2000555548193	0	174.7	174.7	2.641624	11.8	9	991	354
1997.2000555548193	1997.2008700913098	0	198.36700000000002	198.36700000000002	25648.759086	12.8	14	479	430
1997.2008700913098	1997.2686018787233	0	179.12900000000002	179.12900000000002	402.694653	12.6	13	1020	431
1997.2686018787233	1997.795149089214	101.916	159.87	57.95400000000001	46.229289	11.2	6	1000	432
1997.2686018787233	1997.8061782943116	159.87	199.43	39.56	34.238332	11.2	6	962	429
1997.2686018787233	1997.808354234867	0	101.916	101.916	63.15814	11.2	6	980	434
1997.808354234867	1999.466561389165	0	110.46000000000001	110.46000000000001	17.150632	12.2	11	255	435
1999.466561389165	1999.5458909402203	0	179.12900000000002	179.12900000000002	402.694653	12.6	13	1020	442
1999.5458909402203	2000.0244495553093	150.647	168.892	18.245000000000005	41.038452	11.4	7	23	441
1999.5458909402203	2000.0264589546186	0	150.647	150.647	78.408208	11.2	6	1021	438
2000.0264589546186	2001.8650635938588	68.059	190.67	122.61099999999999	13.00755	10.6	3	980	439
2000.0264589546186	2001.892541395493	0	68.059	68.059	0.632316	11.0	5	1023	437
2001.892541395493	2136.589879914846	0	9.756	9.756	0.236489	11.0	5	964	92
2001.892541395493	2145.2547113069268	9.756	75.50300000000001	65.74700000000001	0.246805	12.0	10	708	166
2145.2547113069268	2283.3930751632333	58.762	67.032	8.269999999999996	0.203395	11.0	5	960	393
2145.2547113069268	2286.601454703182	0	58.762	58.762	0.234004	12.0	10	356	235
2145.2547113069268	2288.877344003498	67.032	119.23199999999999	52.19999999999999	0.222455	12.0	10	512	390
2288.877344003498	2423.7305640669406	58.762	117.524	58.762	0.234004	12.0	10	356	433
2288.877344003498	2424.3510043837605	117.524	125.794	8.269999999999996	0.203395	11.0	5	960	399
2288.877344003498	2424.57864867708	0	58.762	58.762	0.234004	12.0	10	356	182
2424.57864867708	2558.864542353117	0	58.762	58.762	0.234004	12.0	10	356	205
2424.57864867708	2563.1992114909735	66.068	73.374	7.305999999999997	0.194453	11.0	5	288	244
2424.57864867708	2564.007020111663	58.762	66.068	7.305999999999997	0.194453	11.0	5	288	398
2564.007020111663	2692.014153512766	16.539999999999992	24.809999999999988	8.269999999999996	0.203395	11.0	5	960	266
2564.007020111663	2692.8138210209086	8.269999999999996	16.539999999999992	8.269999999999996	0.203395	11.0	5	960	64
2564.007020111663	2692.824308126088	0	8.269999999999996	8.269999999999996	0.203395	11.0	5	960	232
2692.824308126088	2816.5000700544924	58.762	117.524	58.762	0.234004	12.0	10	356	264
2692.824308126088	2819.593633906984	0	58.762	58.762	0.234004	12.0	10	356	119
2692.824308126088	2822.0796632849933	117.524	169.724	52.19999999999999	0.222455	12.0	10	512	113
2822.0796632849933	2908.9597371402624	0	13.319999999999993	13.319999999999993	0.286047	11.0	5	904	183
2822.0796632849933	2910.955992288282	95.57299999999998	107.10999999999999	11.537000000000006	0.252754	11.0	5	230	358
2822.0796632849933	2911.5200890985016	13.319999999999993	95.57299999999998	82.25299999999999	0.290308	12.0	10	677	320
2911.5200890985016	2995.391331678689	83.161	92.602	9.441000000000003	0.352682	10.4	2	70	405
2911.5200890985016	3000.1799409090568	0	73.405	73.405	0.274628	12.0	10	360	106
2911.5200890985016	3001.243127491873	73.405	83.161	9.756	0.236489	11.0	5	964	4
3001.243127491873	3086.923836275857	65.74700000000001	74.81200000000001	9.064999999999998	0.219226	11.0	5	898	440
3001.243127491873	3092.445398918925	74.81200000000001	133.574	58.762	0.234004	12.0	10	356	93
3001.243127491873	3093.4470888011765	0	65.74700000000001	65.74700000000001	0.246805	12.0	10	708	95
3093.4470888011765	3185.0901738197726	59.30299999999998	65.76499999999999	6.462000000000003	0.287971	10.4	2	66	66
3093.4470888011765	3185.3255990307707	7.102999999999994	59.30299999999998	52.19999999999999	0.222455	12.0	10	512	56
3093.4470888011765	3185.781213555446	0	7.102999999999994	7.102999999999994	0.291503	10.4	2	930	364
3185.781213555446	3247.147714175766	23.837999999999994	35.75399999999999	11.915999999999997	0.419019	10.4	2	76	334
3185.781213555446	3247.7378831603755	0	11.921999999999997	11.921999999999997	0.4222	10.4	2	140	10
3185.781213555446	3248.11538300739	11.921999999999997	23.837999999999994	11.915999999999997	0.419019	10.4	2	76	54
3248.11538300739	3309.5013733012024	11.200000000000003	99.754	88.554	0.309671	12.0	10	803	17
3248.11538300739	3309.5280707086717	0	11.200000000000003	11.200000000000003	0.401994	10.4	2	234	59
3248.11538300739	3310.5034848080536	99.754	163.25400000000002	63.5	0.511149	10.0	0	586	31
3310.5034848080536	3352.4645866986184	17.694999999999993	35.389999999999986	17.694999999999993	0.534316	10.4	2	212	48
3310.5034848080536	3353.641557643411	0	17.694999999999993	17.694999999999993	0.534316	10.4	2	212	103
3310.5034848080536	3353.6557796058896	35.389999999999986	51.54999999999998	16.159999999999997	0.490398	10.4	2	272	23
3353.6557796058896	3394.8254221801008	122.77599999999998	146.947	24.171000000000006	0.65504	10.2	1	816	32
3353.6557796058896	3396.5282666926605	0	108.69999999999999	108.69999999999999	0.375486	12.0	10	933	37
3353.6557796058896	3396.8437857210674	108.69999999999999	122.77599999999998	14.075999999999993	0.447066	10.4	2	910	108
3396.8437857210674	3450.2475809038638	110.21199999999999	124.88099999999999	14.668999999999997	0.48495	10.2	1	838	45
3396.8437857210674	3452.4094998483038	55.105999999999995	110.21199999999999	55.105999999999995	0.456708	10.0	0	487	98
3396.8437857210674	3452.6322763535923	0	55.105999999999995	55.105999999999995	0.456708	10.0	0	487	83
3452.6322763535923	3508.6340397633085	61.187	73.868	12.680999999999997	0.433109	10.2	1	900	104
3452.6322763535923	3508.8987845325005	53.178	61.187	8.009	0.312195	10.4	2	164	43
3452.6322763535923	3509.6926094875844	0	53.178	53.178	0.427055	10.0	0	422	73
3509.6926094875844	3529.8035860905406	0	50.452	50.452	0.83969	10.4	2	862	61
3529.8035860905406	3550.1269375677057	0	64.595	64.595	1.088948	10.2	1	863	68
3529.8035860905406	3553.384890423062	64.595	87.837	23.242000000000004	0.622767	10.4	2	218	144
3529.8035860905406	3553.6705910157907	87.837	127.641	39.804	0.854594	10.2	1	893	142
3553.6705910157907	3554.242426803559	0	180.983	180.983	19.170974	11.6	8	1020	375
3554.242426803559	3554.345147982819	0	179.12900000000002	179.12900000000002	402.694653	12.6	13	1020	321
3554.345147982819	3554.4320361810683	0	179.12900000000002	179.12900000000002	402.694653	12.6	13	1020	295
3554.4320361810683	3554.7115957484325	0	47.929	47.929	62.141115	11.4	7	30	245
3554.7115957484325	3555.740285463188	0	182.22899999999998	182.22899999999998	15.716876	10.6	3	1021	339
3555.740285463188	3555.823420649508	0	179.12900000000002	179.12900000000002	402.694653	12.6	13	1020	102
3555.823420649508	3557.236415140744	0	100.025	100.025	23.326929	12.4	12	254	84
3557.236415140744	3558.276474438176	0	100.025	100.025	23.326929	12.4	12	254	118
3558.276474438176	3558.6134729112478	0	47.929	47.929	62.141115	11.4	7	30	100
3558.6134729112478	3559.8759795625556	0	180.983	180.983	19.170974	11.6	8	1020	94
3559.8759795625556	3612.864482429676	96.09700000000001	106.34800000000001	10.251000000000005	0.379435	10.4	2	232	112
3559.8759795625556	3613.363248005951	0	96.09700000000001	96.09700000000001	0.330891	12.0	10	457	349
3559.8759795625556	3613.412376430306	106.34800000000001	166.186	59.837999999999994	0.483989	10.0	0	584	109
3613.412376430306	3658.6198811696927	27.349999999999994	33.45599999999999	6.1059999999999945	0.263551	10.4	2	32	115
3613.412376430306	3667.1254323292987	0	14.668999999999997	14.668999999999997	0.48495	10.2	1	838	88
3613.412376430306	3667.2485860326897	14.668999999999997	27.349999999999994	12.680999999999997	0.433109	10.2	1	900	265
3667.2485860326897	3668.6700038566796	0	180.983	180.983	19.170974	11.6	8	1020	122
3668.6700038566796	3688.1136492255905	0	191.733	191.733	0.823939	10.0	0	1023	96
3688.1136492255905	3688.1149499924404	0	198.36700000000002	198.36700000000002	25648.759086	12.8	14	479	120
