0	0.0008838605948672806	0	219.63299999999998	219.63299999999998	26252.175633	23.203263571543708	14	511	385
0.0008838605948672806	0.03716793188208166	0	249.0	249.0	461.886286	16.75911492781069	13	1023	393
0.03716793188208166	0.1245525644442358	0	274.22	274.22	365.855021	31.97010658110419	22	1023	386
0.1245525644442358	0.3022733173128804	0	47.929	47.929	62.141115	11.043765741897023	7	30	443
0.1245525644442358	0.2989642843544423	47.929	136.684	88.755	59.674331	10.407902704200952	6	1008	410
0.1245525644442358	0.2980126962961385	136.684	188.577	51.893	64.911199	11.259505137205096	24	698	154
0.3022733173128804	0.43756258938982295	0	98.458	98.458	83.22541	11.259505137205096	24	927	155
0.3022733173128804	0.4376451735415194	98.458	192.623	94.16499999999999	83.174638	11.259505137205096	24	926	415
0.3022733173128804	0.43402819340098187	192.623	298.89	106.267	242.648375	31.97010658110419	22	977	158
0.4376451735415194	0.4739292448287338	0	249.0	249.0	461.886286	16.75911492781069	13	1023	446
0.4739292448287338	0.9061742361472203	0	100.025	100.025	23.326929	10.082948223091952	12	254	0
0.4739292448287338	0.9061742361472203	100.025	200.05	100.025	23.326929	10.082948223091952	12	254	123
0.4739292448287338	0.896099693528031	200.05	207.245	7.194999999999993	26.159495	11.043765741897023	7	7	157
0.9061742361472203	0.9074048244983212	0	73.12	73.12	18855.422734	23.203263571543708	14	251	28
0.9061742361472203	0.9074048244983212	73.12	146.24	73.12	18855.422734	23.203263571543708	14	251	56
0.9061742361472203	0.9074048244983212	146.24	219.36	73.12	18855.422734	23.203263571543708	14	251	65
0.9061742361472203	0.9074048244983212	219.36	292.48	73.12	18855.422734	23.203263571543708	14	251	67
0.9074048244983212	0.9518398487004238	0	147.978	147.978	377.160027	16.75911492781069	13	1017	30
0.9074048244983212	0.9518398487004238	147.978	295.956	147.978	377.160027	16.75911492781069	13	1017	38
0.9518398487004238	1.0722555646304452	0	126.82499999999999	126.82499999999999	265.497791	31.97010658110419	22	981	41
0.9518398487004238	1.0722555646304452	126.82499999999999	253.64999999999998	126.82499999999999	265.497791	31.97010658110419	22	981	63
0.9518398487004238	1.071375262247221	253.64999999999998	295.054	41.403999999999996	140.202091	16.75911492781069	13	900	76
1.0722555646304452	2.2911159315201743	0	47.738	47.738	20.981523	25.573546821685294	23	484	26
1.0722555646304452	2.2911159315201743	47.738	95.476	47.738	20.981523	25.573546821685294	23	484	40
1.0722555646304452	2.2911159315201743	95.476	143.214	47.738	20.981523	25.573546821685294	23	484	48
1.0722555646304452	2.2911159315201743	143.214	190.952	47.738	20.981523	25.573546821685294	23	484	62
1.0722555646304452	2.227392041391157	190.952	245.49699999999999	54.54499999999999	22.138983	25.573546821685294	23	422	66
1.0722555646304452	2.2911159315201743	245.49699999999999	293.235	47.738	20.981523	25.573546821685294	23	484	73
2.2911159315201743	4.012265387994907	0	52.144000000000005	52.144000000000005	7.52139	12.94543631043449	3	964	390
2.2911159315201743	4.012265387994907	52.144000000000005	104.28800000000001	52.144000000000005	7.52139	12.94543631043449	3	964	37
2.2911159315201743	4.012265387994907	104.28800000000001	156.43200000000002	52.144000000000005	7.52139	12.94543631043449	3	964	39
2.2911159315201743	3.964015056988113	156.43200000000002	204.222	47.78999999999999	8.718564	14.585278090936255	8	930	14
2.2911159315201743	3.964015056988113	204.222	252.012	47.78999999999999	8.718564	14.585278090936255	8	930	36
2.2911159315201743	3.964015056988113	252.012	299.802	47.78999999999999	8.718564	14.585278090936255	8	930	46
4.012265387994907	5.459876472378976	0	54.92400000000001	54.92400000000001	10.075412	14.585278090936255	8	994	53
4.012265387994907	5.53914759072271	54.92400000000001	109.04600000000002	54.122000000000014	9.552327	14.585278090936255	8	965	59
4.012265387994907	5.53914759072271	109.04600000000002	163.16800000000003	54.122000000000014	9.552327	14.585278090936255	8	965	61
4.012265387994907	5.52220250524276	163.16800000000003	208.74500000000003	45.577	21.527021	32.50444803167399	25	868	392
4.012265387994907	5.52220250524276	208.74500000000003	254.32200000000003	45.577	21.527021	32.50444803167399	25	868	417
4.012265387994907	5.52220250524276	254.32200000000003	299.899	45.577	21.527021	32.50444803167399	25	868	2
5.53914759072271	6.3500013673105276	0	117.86699999999999	117.86699999999999	40.086695	32.50444803167399	25	501	45
5.53914759072271	6.3500013673105276	117.86699999999999	235.73399999999998	117.86699999999999	40.086695	32.50444803167399	25	501	51
5.53914759072271	6.340602523303888	235.73399999999998	261.67699999999996	25.942999999999998	12.580805	10.082948223091952	12	140	413
5.53914759072271	6.340602523303888	261.67699999999996	287.61999999999995	25.942999999999998	12.580805	10.082948223091952	12	140	32
5.53914759072271	6.105339966809209	287.61999999999995	292.08399999999995	4.463999999999999	19.505324	11.043765741897023	7	0	6
5.53914759072271	6.105339966809209	292.08399999999995	296.54799999999994	4.463999999999999	19.505324	11.043765741897023	7	0	49
6.3500013673105276	6.52780458803363	0	45.971000000000004	45.971000000000004	62.112293	11.043765741897023	7	31	77
6.3500013673105276	6.550327167399503	45.971000000000004	115.73599999999999	69.76499999999999	51.954879	10.407902704200952	6	1005	68
6.3500013673105276	6.550327167399503	115.73599999999999	185.50099999999998	69.76499999999999	51.954879	10.407902704200952	6	1005	74
6.3500013673105276	6.53620352402325	185.50099999999998	228.77199999999996	43.27099999999999	60.469252	11.259505137205096	24	632	27
6.3500013673105276	6.53620352402325	228.77199999999996	272.04299999999995	43.27099999999999	60.469252	11.259505137205096	24	632	72
6.3500013673105276	6.549172944821802	272.04299999999995	298.54499999999996	26.501999999999995	84.144109	16.75911492781069	13	258	80
6.550327167399503	6.551211027994371	0	219.63299999999998	219.63299999999998	26252.175633	23.203263571543708	14	511	87
6.551211027994371	6.676548286165262	0	128.436	128.436	89.833664	11.259505137205096	24	958	85
6.551211027994371	6.676548286165262	128.436	256.872	128.436	89.833664	11.259505137205096	24	958	89
6.676548286165262	6.793972579441099	0	222.358	222.358	88.635004	10.407902704200952	6	1023	86
6.793972579441099	6.794856440035966	0	219.63299999999998	219.63299999999998	26252.175633	23.203263571543708	14	511	102
6.794856440035966	6.920193698206857	0	128.436	128.436	89.833664	11.259505137205096	24	958	97
6.794856440035966	6.920193698206857	128.436	256.872	128.436	89.833664	11.259505137205096	24	958	103
6.920193698206857	6.956477769494072	0	249.0	249.0	461.886286	16.75911492781069	13	1023	107
6.956477769494072	7.000912793696174	0	147.978	147.978	377.160027	16.75911492781069	13	1017	113
6.956477769494072	7.000912793696174	147.978	295.956	147.978	377.160027	16.75911492781069	13	1017	119
7.000912793696174	7.133652757657613	0	150.647	150.647	78.408208	10.407902704200952	6	1021	114
7.000912793696174	7.12938327813876	150.647	277.20399999999995	126.55699999999999	87.642739	11.259505137205096	24	990	115
7.133652757657613	7.134536618252479	0	219.63299999999998	219.63299999999998	26252.175633	23.203263571543708	14	511	127
7.134536618252479	8.551571171587206	0	58.50999999999999	58.50999999999999	16.253974	23.03244278700427	19	140	419
7.134536618252479	8.551571171587206	58.50999999999999	117.01999999999998	58.50999999999999	16.253974	23.03244278700427	19	140	9
7.134536618252479	8.551571171587206	117.01999999999998	175.52999999999997	58.50999999999999	16.253974	23.03244278700427	19	140	55
7.134536618252479	8.519879581386922	175.52999999999997	216.18599999999998	40.656000000000006	11.169851	15.474074482110225	11	210	33
7.134536618252479	8.551260878392775	216.18599999999998	257.41499999999996	41.22900000000001	7.671156	10.867912808520783	4	774	19
7.134536618252479	8.551260878392775	257.41499999999996	298.644	41.22900000000001	7.671156	10.867912808520783	4	774	34
8.551571171587206	9.985182018642046	0	40.843999999999994	40.843999999999994	7.580797	10.867912808520783	4	710	90
8.551571171587206	9.985182018642046	40.843999999999994	81.68799999999999	40.843999999999994	7.580797	10.867912808520783	4	710	91
8.551571171587206	10.00065144044556	81.68799999999999	121.23999999999998	39.55199999999999	17.648123	25.573546821685294	23	513	82
8.551571171587206	10.000105945487974	121.23999999999998	161.07999999999998	39.84	17.654769	25.573546821685294	23	448	100
8.551571171587206	9.965065433336173	161.07999999999998	230.41099999999997	69.33099999999999	9.158464	12.94543631043449	3	968	95
8.551571171587206	9.965065433336173	230.41099999999997	299.74199999999996	69.33099999999999	9.158464	12.94543631043449	3	968	121
10.00065144044556	10.688578723269325	0	240.02499999999998	240.02499999999998	21.201773	14.585278090936255	8	1022	124
10.688578723269325	15.294064011140476	0	174.7	174.7	2.641624	12.165960468087341	9	991	416
10.688578723269325	15.060894777440861	174.7	197.45799999999997	22.757999999999996	5.26779	23.03244278700427	19	8	78
10.688578723269325	15.060894777440861	197.45799999999997	220.21599999999995	22.757999999999996	5.26779	23.03244278700427	19	8	116
10.688578723269325	15.060894777440861	220.21599999999995	242.97399999999993	22.757999999999996	5.26779	23.03244278700427	19	8	129
10.688578723269325	14.985735510450626	242.97399999999993	252.15499999999992	9.180999999999997	3.601003	15.474074482110225	11	65	109
10.688578723269325	14.985735510450626	252.15499999999992	261.3359999999999	9.180999999999997	3.601003	15.474074482110225	11	65	110
15.294064011140476	16.196309157681444	0	110.46000000000001	110.46000000000001	17.150632	15.474074482110225	11	255	131
15.294064011140476	16.195646381241083	110.46000000000001	197.90800000000002	87.44800000000001	12.054265	10.867912808520783	4	918	88
16.196309157681444	27.992574535134693	0	64.19999999999999	64.19999999999999	0.883872	10.426388671700357	1	94	161
16.196309157681444	28.396709197583853	64.19999999999999	104.00399999999999	39.804	0.854594	10.426388671700357	1	893	376
16.196309157681444	28.396709197583853	104.00399999999999	143.808	39.804	0.854594	10.426388671700357	1	893	391
16.196309157681444	28.396709197583853	143.808	183.612	39.804	0.854594	10.426388671700357	1	893	445
16.196309157681444	27.992574535134693	183.612	247.81199999999998	64.19999999999999	0.883872	10.426388671700357	1	94	3
16.196309157681444	28.396709197583853	247.81199999999998	287.616	39.804	0.854594	10.426388671700357	1	893	5
28.396709197583853	43.621026124477964	0	25.003	25.003	0.684851	10.426388671700357	1	850	64
28.396709197583853	43.621026124477964	25.003	50.006	25.003	0.684851	10.426388671700357	1	850	128
28.396709197583853	43.621026124477964	50.006	75.009	25.003	0.684851	10.426388671700357	1	850	130
28.396709197583853	43.621026124477964	75.009	100.012	25.003	0.684851	10.426388671700357	1	850	125
28.396709197583853	43.910109672914444	100.012	199.387	99.375	0.644604	10.0	0	979	394
28.396709197583853	43.910109672914444	199.387	298.762	99.375	0.644604	10.0	0	979	156
43.910109672914444	64.57173628013072	0	59.837999999999994	59.837999999999994	0.483989	10.0	0	584	444
43.910109672914444	64.57173628013072	59.837999999999994	119.67599999999999	59.837999999999994	0.483989	10.0	0	584	43
43.910109672914444	64.57173628013072	119.67599999999999	179.51399999999998	59.837999999999994	0.483989	10.0	0	584	75
43.910109672914444	64.97577979294662	179.51399999999998	237.914	58.400000000000006	0.474706	10.0	0	520	126
43.910109672914444	64.40256322710282	237.914	268.556	30.641999999999996	0.979809	20.078690424475766	15	705	141
43.910109672914444	64.40256322710282	268.556	299.198	30.641999999999996	0.979809	20.078690424475766	15	705	420
64.97577979294662	76.3873426109202	0	58.53200000000001	58.53200000000001	1.759504	20.078690424475766	15	1001	159
64.97577979294662	76.3873426109202	58.53200000000001	117.06400000000002	58.53200000000001	1.759504	20.078690424475766	15	1001	411
64.97577979294662	76.3873426109202	117.06400000000002	175.59600000000003	58.53200000000001	1.759504	20.078690424475766	15	1001	13
64.97577979294662	76.3873426109202	175.59600000000003	234.12800000000004	58.53200000000001	1.759504	20.078690424475766	15	1001	15
64.97577979294662	76.49371802047668	234.12800000000004	266.86800000000005	32.739999999999995	1.056262	12.165960468087341	9	899	10
64.97577979294662	76.24877267580418	266.86800000000005	299.87800000000004	33.010000000000005	1.079213	12.165960468087341	9	930	35
76.49371802047668	82.09771354872952	0	98.22	98.22	2.170944	12.165960468087341	9	984	42
76.49371802047668	82.00068343914154	98.22	200.35999999999999	102.13999999999999	2.209195	12.165960468087341	9	954	50
76.49371802047668	82.09771354872952	200.35999999999999	298.58	98.22	2.170944	12.165960468087341	9	984	60
82.09771354872952	82.09859740932438	0	219.63299999999998	219.63299999999998	26252.175633	23.203263571543708	14	511	145
82.09859740932438	82.22393466749527	0	128.436	128.436	89.833664	11.259505137205096	24	958	423
82.09859740932438	82.22319340884859	128.436	254.898	126.46199999999999	256.590153	31.97010658110419	22	948	422
82.22393466749527	83.39127129190369	0	92.6	92.6	11.08972	12.94543631043449	3	1006	424
82.22393466749527	83.34410099775715	92.6	197.6	105.0	11.556709	12.94543631043449	3	944	426
82.22393466749527	83.39127129190369	197.6	290.2	92.6	11.08972	12.94543631043449	3	1006	427
83.39127129190369	87.75185873228408	0	237.95	237.95	2.789982	12.165960468087341	9	1022	421
87.75185873228408	87.75274259287895	0	219.63299999999998	219.63299999999998	26252.175633	23.203263571543708	14	511	397
87.75274259287895	87.87807985104983	0	128.436	128.436	89.833664	11.259505137205096	24	958	399
87.75274259287895	87.87733859240315	128.436	254.898	126.46199999999999	256.590153	31.97010658110419	22	948	181
87.87807985104983	87.8789637116447	0	219.63299999999998	219.63299999999998	26252.175633	23.203263571543708	14	511	190
87.8789637116447	88.05668446451334	0	47.929	47.929	62.141115	11.043765741897023	7	30	400
87.8789637116447	88.05668446451334	47.929	95.858	47.929	62.141115	11.043765741897023	7	30	168
87.8789637116447	88.05337543155491	95.858	184.613	88.755	59.674331	10.407902704200952	6	1008	182
87.8789637116447	88.0524238434966	184.613	236.506	51.893	64.911199	11.259505137205096	24	698	169
88.05668446451334	88.18202172268423	0	128.436	128.436	89.833664	11.259505137205096	24	958	194
88.18202172268423	88.79768265319287	0	221.27999999999997	221.27999999999997	52.796022	32.50444803167399	25	510	185
88.18202172268423	88.74821409877073	221.27999999999997	225.74399999999997	4.463999999999999	19.505324	11.043765741897023	7	0	198
88.18202172268423	88.74821409877073	225.74399999999997	230.20799999999997	4.463999999999999	19.505324	11.043765741897023	7	0	199
88.79768265319287	90.34335821294115	0	35.604	35.604	16.545223	25.573546821685294	23	417	395
88.79768265319287	90.34335821294115	35.604	71.208	35.604	16.545223	25.573546821685294	23	417	171
88.79768265319287	90.3277239706499	71.208	133.515	62.30699999999999	8.460841	12.94543631043449	3	935	202
88.79768265319287	90.3277239706499	133.515	195.82199999999997	62.30699999999999	8.460841	12.94543631043449	3	935	203
88.79768265319287	90.3371910681254	195.82199999999997	247.42899999999997	51.607	9.473984	14.585278090936255	8	992	166
88.79768265319287	90.3371910681254	247.42899999999997	299.03599999999994	51.607	9.473984	14.585278090936255	8	992	186
90.34335821294115	91.09720912835328	0	136.233	136.233	43.117873	32.50444803167399	25	954	191
90.34335821294115	91.09720912835328	136.233	272.466	136.233	43.117873	32.50444803167399	25	954	206
90.34335821294115	91.08474245780887	272.466	295.071	22.605000000000004	14.038473	10.407902704200952	6	224	209
91.09720912835328	91.52945411967177	0	100.025	100.025	23.326929	10.082948223091952	12	254	215
91.52945411967177	91.56573819095898	0	249.0	249.0	461.886286	16.75911492781069	13	1023	216
91.56573819095898	92.89713813276074	0	74.13900000000001	74.13900000000001	17.299417	23.03244278700427	19	150	398
91.56573819095898	92.89046468018275	74.13900000000001	118.864	44.724999999999994	11.680958	15.474074482110225	11	212	172
91.56573819095898	92.89046468018275	118.864	163.589	44.724999999999994	11.680958	15.474074482110225	11	212	173
91.56573819095898	92.89464970838083	163.589	209.447	45.858000000000004	8.178056	10.867912808520783	4	808	162
91.56573819095898	92.89464970838083	209.447	255.305	45.858000000000004	8.178056	10.867912808520783	4	808	174
91.56573819095898	92.87148403511638	255.305	299.06600000000003	43.760999999999996	19.585394	25.573546821685294	23	482	208
92.89713813276074	94.37120665253889	0	64.69200000000001	64.69200000000001	8.782113	12.94543631043449	3	998	223
92.89713813276074	94.37120665253889	64.69200000000001	129.38400000000001	64.69200000000001	8.782113	12.94543631043449	3	998	224
92.89713813276074	94.34474921714481	129.38400000000001	184.30800000000002	54.92400000000001	10.075412	14.585278090936255	8	994	214
92.89713813276074	94.34474921714481	184.30800000000002	239.23200000000003	54.92400000000001	10.075412	14.585278090936255	8	994	222
92.89713813276074	94.34244504444531	239.23200000000003	288.13200000000006	48.900000000000006	22.489651	32.50444803167399	25	932	212
92.89713813276074	94.2986573388838	288.13200000000006	299.91100000000006	11.778999999999996	7.194299	10.082948223091952	12	68	217
94.37120665253889	94.49654391070979	0	128.436	128.436	89.833664	11.259505137205096	24	958	225
94.49654391070979	94.58392854327194	0	274.22	274.22	365.855021	31.97010658110419	22	1023	232
94.58392854327194	94.70926580144283	0	128.436	128.436	89.833664	11.259505137205096	24	958	236
94.70926580144283	94.82669009471867	0	222.358	222.358	88.635004	10.407902704200952	6	1023	238
94.82669009471867	94.82757395531354	0	219.63299999999998	219.63299999999998	26252.175633	23.203263571543708	14	511	240
94.82757395531354	149.91367488592414	0	73.38	73.38	0.266532	14.682208653237506	10	330	388
94.82757395531354	150.04813583116686	73.38	144.707	71.327	0.265883	14.682208653237506	10	390	11
94.82757395531354	150.04813583116686	144.707	216.034	71.327	0.265883	14.682208653237506	10	390	54
94.82757395531354	150.04813583116686	216.034	287.361	71.327	0.265883	14.682208653237506	10	390	93
94.82757395531354	134.73266417909122	287.361	293.467	6.1059999999999945	0.263551	10.51702643356683	2	32	428
94.82757395531354	134.73266417909122	293.467	299.573	6.1059999999999945	0.263551	10.51702643356683	2	32	160
150.04813583116686	162.51306999079256	0	52.5	52.5	0.843729	10.51702643356683	2	831	12
150.04813583116686	162.51306999079256	52.5	105.0	52.5	0.843729	10.51702643356683	2	831	118
150.04813583116686	162.51306999079256	105.0	157.5	52.5	0.843729	10.51702643356683	2	831	132
150.04813583116686	162.51306999079256	157.5	210.0	52.5	0.843729	10.51702643356683	2	831	207
150.04813583116686	162.257608032643	210.0	247.89600000000002	37.896	0.853959	10.426388671700357	1	892	425
150.04813583116686	162.257608032643	247.89600000000002	285.79200000000003	37.896	0.853959	10.426388671700357	1	892	180
162.51306999079256	174.3093353682458	0	64.19999999999999	64.19999999999999	0.883872	10.426388671700357	1	94	201
162.51306999079256	174.71347003069496	64.19999999999999	104.00399999999999	39.804	0.854594	10.426388671700357	1	893	210
162.51306999079256	174.71347003069496	104.00399999999999	143.808	39.804	0.854594	10.426388671700357	1	893	211
162.51306999079256	174.71347003069496	143.808	183.612	39.804	0.854594	10.426388671700357	1	893	213
162.51306999079256	174.3093353682458	183.612	247.81199999999998	64.19999999999999	0.883872	10.426388671700357	1	94	219
162.51306999079256	174.71347003069496	247.81199999999998	287.616	39.804	0.854594	10.426388671700357	1	893	230
174.71347003069496	197.48654769827635	0	55.018	55.018	0.439115	10.0	0	454	143
174.71347003069496	197.48654769827635	55.018	110.036	55.018	0.439115	10.0	0	454	401
174.71347003069496	198.12965764119008	110.036	163.214	53.178	0.427055	10.0	0	422	184
174.71347003069496	197.48654769827635	163.214	218.232	55.018	0.439115	10.0	0	454	188
174.71347003069496	198.12965764119008	218.232	271.40999999999997	53.178	0.427055	10.0	0	422	239
174.71347003069496	197.9319220689475	271.40999999999997	299.399	27.989000000000004	0.864773	20.078690424475766	15	577	163
198.12965764119008	208.18847672717845	0	69.756	69.756	1.996128	20.078690424475766	15	1004	183
198.12965764119008	208.18847672717845	69.756	139.512	69.756	1.996128	20.078690424475766	15	1004	228
198.12965764119008	208.6431040839569	139.512	177.934	38.422	1.157181	12.165960468087341	9	964	396
198.12965764119008	208.6431040839569	177.934	216.356	38.422	1.157181	12.165960468087341	9	964	179
198.12965764119008	208.6431040839569	216.356	254.778	38.422	1.157181	12.165960468087341	9	964	193
198.12965764119008	208.54818159726818	254.778	296.767	41.989000000000004	1.167724	12.165960468087341	9	678	227
208.6431040839569	213.00369152433728	0	237.95	237.95	2.789982	12.165960468087341	9	1022	231
208.6431040839569	212.9402608711382	237.95	247.13099999999997	9.180999999999997	3.601003	15.474074482110225	11	65	235
213.00369152433728	213.12111581761312	0	222.358	222.358	88.635004	10.407902704200952	6	1023	243
213.12111581761312	213.73677674812174	0	221.27999999999997	221.27999999999997	52.796022	32.50444803167399	25	510	245
213.12111581761312	213.72604647308037	221.27999999999997	246.99299999999997	25.712999999999994	17.205117	10.407902704200952	6	258	248
213.73677674812174	214.53742104676078	0	175.659	175.659	28.767385	23.03244278700427	19	1015	242
213.73677674812174	214.52461637409942	175.659	288.985	113.326	13.794575	10.867912808520783	4	892	251
214.53742104676078	214.62480567932295	0	274.22	274.22	365.855021	31.97010658110419	22	1023	252
214.62480567932295	215.44919870804176	0	157.089	157.089	15.702991	12.94543631043449	3	988	254
214.62480567932295	215.43565945591075	157.089	274.956	117.86699999999999	40.086695	32.50444803167399	25	501	255
215.44919870804176	215.58193867200322	0	150.647	150.647	78.408208	10.407902704200952	6	1021	260
215.44919870804176	215.57766919248436	150.647	277.20399999999995	126.55699999999999	87.642739	11.259505137205096	24	990	261
215.58193867200322	215.61822274329043	0	249.0	249.0	461.886286	16.75911492781069	13	1023	266
215.61822274329043	219.97881018367082	0	237.95	237.95	2.789982	12.165960468087341	9	1022	246
215.61822274329043	219.91537953047174	237.95	247.13099999999997	9.180999999999997	3.601003	15.474074482110225	11	65	257
215.61822274329043	219.67328832280774	247.13099999999997	261.11799999999994	13.986999999999995	6.306568	25.573546821685294	23	96	263
219.97881018367082	220.75148345050843	0	280.813	280.813	29.808774	23.03244278700427	19	1023	269
220.75148345050843	221.1837284418269	0	100.025	100.025	23.326929	10.082948223091952	12	254	273
221.1837284418269	221.36144919469555	0	47.929	47.929	62.141115	11.043765741897023	7	30	279
221.36144919469555	235.44246573144136	0	130.273	130.273	0.710176	10.0	0	985	258
221.36144919469555	235.23665844171302	130.273	175.24699999999999	44.97399999999999	1.447091	20.078690424475766	15	997	249
221.36144919469555	235.23665844171302	175.24699999999999	220.22099999999998	44.97399999999999	1.447091	20.078690424475766	15	997	253
221.36144919469555	235.51255339426433	220.22099999999998	263.072	42.851	1.418878	20.078690424475766	15	964	267
221.36144919469555	232.94182480908984	263.072	294.172	31.099999999999994	1.050567	12.165960468087341	9	898	268
221.36144919469555	232.22181304538995	294.172	298.25600000000003	4.084000000000003	1.424821	15.474074482110225	11	0	278
235.51255339426433	236.1877353748199	0	137.572	137.572	16.096272	10.867912808520783	4	1024	284
235.51255339426433	236.07874577035085	137.572	142.036	4.463999999999999	19.505324	11.043765741897023	7	0	281
235.51255339426433	236.16724849171726	142.036	166.12900000000002	24.093000000000004	15.897328	10.407902704200952	6	256	282
236.1877353748199	236.2240194461071	0	249.0	249.0	461.886286	16.75911492781069	13	1023	288
236.2240194461071	236.78443232659478	0	214.55599999999998	214.55599999999998	45.633403	25.573546821685294	23	510	289
236.2240194461071	236.76369046999784	214.55599999999998	241.673	27.117000000000004	19.285643	10.407902704200952	6	321	290
236.78443232659478	236.90976958476568	0	128.436	128.436	89.833664	11.259505137205096	24	958	292
236.90976958476568	237.6824428516033	0	280.813	280.813	29.808774	23.03244278700427	19	1023	294
237.6824428516033	238.37037013442708	0	240.02499999999998	240.02499999999998	21.201773	14.585278090936255	8	1022	299
238.37037013442708	238.80261512574555	0	100.025	100.025	23.326929	10.082948223091952	12	254	300
238.80261512574555	239.51044570499909	0	247.86700000000002	247.86700000000002	18.288891	12.94543631043449	3	1022	301
238.80261512574555	239.50030783056673	247.86700000000002	279.85	31.983000000000004	14.451847	10.082948223091952	12	117	302
239.51044570499909	239.51132956559394	0	219.63299999999998	219.63299999999998	26252.175633	23.203263571543708	14	511	305
239.51132956559394	239.6890503184626	0	47.929	47.929	62.141115	11.043765741897023	7	30	307
239.6890503184626	240.36423229901814	0	137.572	137.572	16.096272	10.867912808520783	4	1024	308
240.36423229901814	240.365116159613	0	219.63299999999998	219.63299999999998	26252.175633	23.203263571543708	14	511	309
240.365116159613	311.8321328963411	0	49.72399999999999	49.72399999999999	0.319204	22.812557610430545	17	708	133
240.365116159613	311.8321328963411	49.72399999999999	99.44799999999998	49.72399999999999	0.319204	22.812557610430545	17	708	389
240.365116159613	311.8321328963411	99.44799999999998	149.17199999999997	49.72399999999999	0.319204	22.812557610430545	17	708	4
240.365116159613	311.8321328963411	149.17199999999997	198.89599999999996	49.72399999999999	0.319204	22.812557610430545	17	708	8
240.365116159613	311.8321328963411	198.89599999999996	248.61999999999995	49.72399999999999	0.319204	22.812557610430545	17	708	221
240.365116159613	310.3790118239969	248.61999999999995	299.51199999999994	50.891999999999996	0.325829	22.812557610430545	17	676	229
311.8321328963411	368.5555189362209	0	68.11000000000001	68.11000000000001	0.402172	22.812557610430545	17	840	233
311.8321328963411	368.5555189362209	68.11000000000001	136.22000000000003	68.11000000000001	0.402172	22.812557610430545	17	840	241
311.8321328963411	368.3292058549117	136.22000000000003	206.94500000000002	70.725	0.403783	22.812557610430545	17	904	256
311.8321328963411	368.5555189362209	206.94500000000002	275.05500000000006	68.11000000000001	0.402172	22.812557610430545	17	840	265
311.8321328963411	367.5069899163851	275.05500000000006	287.11000000000007	12.055000000000007	0.268005	14.921140055656902	5	870	52
311.8321328963411	367.5069899163851	287.11000000000007	299.1650000000001	12.055000000000007	0.268005	14.921140055656902	5	870	71
368.5555189362209	397.6830104068456	0	57.21199999999999	57.21199999999999	0.51227	14.921140055656902	5	126	84
368.5555189362209	397.6830104068456	57.21199999999999	114.42399999999998	57.21199999999999	0.51227	14.921140055656902	5	126	167
368.5555189362209	399.2381345232318	114.42399999999998	151.01399999999998	36.59	0.486306	14.921140055656902	5	1021	187
368.5555189362209	399.2381345232318	151.01399999999998	187.60399999999998	36.59	0.486306	14.921140055656902	5	1021	189
368.5555189362209	397.6830104068456	187.60399999999998	244.81599999999997	57.21199999999999	0.51227	14.921140055656902	5	126	218
368.5555189362209	399.2381345232318	244.81599999999997	281.40599999999995	36.59	0.486306	14.921140055656902	5	1021	220
399.2381345232318	454.9129915432758	0	12.055000000000007	12.055000000000007	0.268005	14.921140055656902	5	870	226
399.2381345232318	454.9129915432758	12.055000000000007	24.110000000000014	12.055000000000007	0.268005	14.921140055656902	5	870	244
399.2381345232318	455.2715382817805	24.110000000000014	93.05600000000001	68.946	0.262026	14.682208653237506	10	358	104
399.2381345232318	455.2715382817805	93.05600000000001	162.002	68.946	0.262026	14.682208653237506	10	358	105
399.2381345232318	455.2715382817805	162.002	230.948	68.946	0.262026	14.682208653237506	10	358	165
399.2381345232318	455.2715382817805	230.948	299.894	68.946	0.262026	14.682208653237506	10	358	272
455.2715382817805	500.614146674576	0	93.97	93.97	0.323806	14.682208653237506	10	455	297
455.2715382817805	500.614146674576	93.97	187.94	93.97	0.323806	14.682208653237506	10	455	315
455.2715382817805	500.78986270680286	187.94	280.387	92.447	0.322556	14.682208653237506	10	835	316
455.2715382817805	495.17662850555826	280.387	286.493	6.1059999999999945	0.263551	10.51702643356683	2	32	259
455.2715382817805	495.17662850555826	286.493	292.599	6.1059999999999945	0.263551	10.51702643356683	2	32	275
455.2715382817805	495.17662850555826	292.599	298.705	6.1059999999999945	0.263551	10.51702643356683	2	32	277
500.78986270680286	517.0554604177886	0	25.263000000000005	25.263000000000005	0.646581	10.51702643356683	2	988	304
500.78986270680286	517.0554604177886	25.263000000000005	50.52600000000001	25.263000000000005	0.646581	10.51702643356683	2	988	306
500.78986270680286	516.7070413091789	50.52600000000001	74.69700000000002	24.171000000000006	0.65504	10.426388671700357	1	816	296
500.78986270680286	516.7070413091789	74.69700000000002	98.86800000000002	24.171000000000006	0.65504	10.426388671700357	1	816	312
500.78986270680286	516.8875823038447	98.86800000000002	190.568	91.69999999999999	0.621206	10.0	0	977	280
500.78986270680286	516.8875823038447	190.568	282.26800000000003	91.69999999999999	0.621206	10.0	0	977	283
517.0554604177886	523.8267096074032	0	145.135	145.135	2.965286	20.078690424475766	15	1020	285
517.0554604177886	524.0513418551163	145.135	281.72299999999996	136.588	2.870073	20.078690424475766	15	1018	313
517.0554604177886	523.8537588782381	281.72299999999996	292.56999999999994	10.846999999999994	3.761757	25.573546821685294	23	36	311
524.0513418551163	524.0522257157112	0	219.63299999999998	219.63299999999998	26252.175633	23.203263571543708	14	511	317
524.0522257157112	524.2299464685799	0	47.929	47.929	62.141115	11.043765741897023	7	30	322
524.2299464685799	525.0470855961679	0	106.98400000000001	106.98400000000001	13.299954	10.867912808520783	4	890	318
524.2299464685799	525.0536111911644	106.98400000000001	289.21299999999997	182.22899999999998	15.716876	12.94543631043449	3	1021	321
525.0536111911644	525.741538473988	0	240.02499999999998	240.02499999999998	21.201773	14.585278090936255	8	1022	325
525.741538473988	526.4167204545437	0	137.572	137.572	16.096272	10.867912808520783	4	1024	326
526.4167204545437	530.777307894924	0	237.95	237.95	2.789982	12.165960468087341	9	1022	323
526.4167204545437	530.5971724594058	237.95	261.818	23.867999999999995	5.509558	23.03244278700427	19	10	328
526.4167204545437	530.471786034061	261.818	275.80499999999995	13.986999999999995	6.306568	25.573546821685294	23	96	330
526.4167204545437	529.5647849057704	275.80499999999995	281.94999999999993	6.144999999999996	3.202904	10.082948223091952	12	4	329
530.777307894924	530.8646925274861	0	274.22	274.22	365.855021	31.97010658110419	22	1023	334
530.8646925274861	530.990029785657	0	128.436	128.436	89.833664	11.259505137205096	24	958	337
530.990029785657	531.6978603649105	0	247.86700000000002	247.86700000000002	18.288891	12.94543631043449	3	1022	338
531.6978603649105	531.8231976230815	0	128.436	128.436	89.833664	11.259505137205096	24	958	340
531.8231976230815	532.5310282023349	0	247.86700000000002	247.86700000000002	18.288891	12.94543631043449	3	1022	344
532.5310282023349	532.5673122736222	0	249.0	249.0	461.886286	16.75911492781069	13	1023	349
532.5673122736222	532.6926495317931	0	128.436	128.436	89.833664	11.259505137205096	24	958	350
532.6926495317931	533.3805768146168	0	240.02499999999998	240.02499999999998	21.201773	14.585278090936255	8	1022	347
533.3805768146168	533.416860885904	0	249.0	249.0	461.886286	16.75911492781069	13	1023	355
533.416860885904	533.4531449571913	0	249.0	249.0	461.886286	16.75911492781069	13	1023	357
533.4531449571913	533.4540288177861	0	219.63299999999998	219.63299999999998	26252.175633	23.203263571543708	14	511	358
533.4540288177861	545.5908496261227	0	191.733	191.733	0.823939	10.0	0	1023	332
533.4540288177861	539.2208676250721	191.733	191.751	0.018000000000000682	3.993946	23.03244278700427	19	3	346
533.4540288177861	544.3143926684805	191.751	195.835	4.084000000000003	1.424821	15.474074482110225	11	0	343
533.4540288177861	544.3143926684805	195.835	199.919	4.084000000000003	1.424821	15.474074482110225	11	0	359
545.5908496261227	545.7235895900841	0	150.647	150.647	78.408208	10.407902704200952	6	1021	365
545.5908496261227	545.7226045022107	150.647	256.914	106.267	242.648375	31.97010658110419	22	977	364
545.7235895900841	546.3392505205927	0	221.27999999999997	221.27999999999997	52.796022	32.50444803167399	25	510	363
545.7235895900841	546.3322049442971	221.27999999999997	261.22999999999996	39.94999999999999	16.567029	10.082948223091952	12	151	368
546.3392505205927	546.37553459188	0	249.0	249.0	461.886286	16.75911492781069	13	1023	372
546.37553459188	547.1999276205988	0	157.089	157.089	15.702991	12.94543631043449	3	988	375
546.37553459188	547.2201891159995	157.089	292.276	135.187	17.267744	14.585278090936255	8	1015	369
547.2201891159995	547.3455263741703	0	128.436	128.436	89.833664	11.259505137205096	24	958	378
547.3455263741703	547.4629506674461	0	222.358	222.358	88.635004	10.407902704200952	6	1023	380
547.4629506674461	547.580374960722	0	222.358	222.358	88.635004	10.407902704200952	6	1023	381
547.580374960722	548.3530482275596	0	280.813	280.813	29.808774	23.03244278700427	19	1023	384
548.3530482275596	548.5307689804282	0	47.929	47.929	62.141115	11.043765741897023	7	30	430
548.5307689804282	552.8913564208086	0	237.95	237.95	2.789982	12.165960468087341	9	1022	371
548.5307689804282	552.5858345599455	237.95	251.93699999999998	13.986999999999995	6.306568	25.573546821685294	23	96	431
552.8913564208086	553.0166936789795	0	128.436	128.436	89.833664	11.259505137205096	24	958	433
553.0166936789795	553.448938670298	0	100.025	100.025	23.326929	10.082948223091952	12	254	164
553.448938670298	577.148612531194	0	236.447	236.447	0.619511	14.682208653237506	10	1021	320
553.448938670298	574.9488637588646	236.447	251.11599999999999	14.668999999999997	0.48495	10.426388671700357	1	838	377
553.448938670298	576.6673907085506	251.11599999999999	279.105	27.989000000000004	0.864773	20.078690424475766	15	577	274
553.448938670298	576.5970391603068	279.105	286.678	7.572999999999993	0.559244	12.94543631043449	3	32	348
577.148612531194	577.3263332840626	0	47.929	47.929	62.141115	11.043765741897023	7	30	136
577.3263332840626	577.5040540369312	0	47.929	47.929	62.141115	11.043765741897023	7	30	137
577.5040540369312	578.191981319755	0	240.02499999999998	240.02499999999998	21.201773	14.585278090936255	8	1022	139
578.191981319755	578.8671633003105	0	137.572	137.572	16.096272	10.867912808520783	4	1024	373
578.8671633003105	748.8713391590131	0	49.881	49.881	0.171905	29.224567850990265	21	206	436
578.8671633003105	748.8713391590131	49.881	99.762	49.881	0.171905	29.224567850990265	21	206	447
578.8671633003105	748.8713391590131	99.762	149.643	49.881	0.171905	29.224567850990265	21	206	414
578.8671633003105	748.8713391590131	149.643	199.524	49.881	0.171905	29.224567850990265	21	206	16
578.8671633003105	748.8713391590131	199.524	249.405	49.881	0.171905	29.224567850990265	21	206	17
578.8671633003105	748.8713391590131	249.405	299.286	49.881	0.171905	29.224567850990265	21	206	20
748.8713391590131	918.8755150177157	0	49.881	49.881	0.171905	29.224567850990265	21	206	23
748.8713391590131	918.8755150177157	49.881	99.762	49.881	0.171905	29.224567850990265	21	206	24
748.8713391590131	918.8755150177157	99.762	149.643	49.881	0.171905	29.224567850990265	21	206	47
748.8713391590131	918.8755150177157	149.643	199.524	49.881	0.171905	29.224567850990265	21	206	57
748.8713391590131	918.8755150177157	199.524	249.405	49.881	0.171905	29.224567850990265	21	206	58
748.8713391590131	918.8755150177157	249.405	299.286	49.881	0.171905	29.224567850990265	21	206	142
918.8755150177157	1088.8796908764182	0	49.881	49.881	0.171905	29.224567850990265	21	206	170
918.8755150177157	1088.8796908764182	49.881	99.762	49.881	0.171905	29.224567850990265	21	206	175
918.8755150177157	1088.8796908764182	99.762	149.643	49.881	0.171905	29.224567850990265	21	206	176
918.8755150177157	1088.8796908764182	149.643	199.524	49.881	0.171905	29.224567850990265	21	206	177
918.8755150177157	1088.8796908764182	199.524	249.405	49.881	0.171905	29.224567850990265	21	206	192
918.8755150177157	1088.8796908764182	249.405	299.286	49.881	0.171905	29.224567850990265	21	206	195
1088.8796908764182	1265.2106721961613	0	46.821	46.821	0.165737	29.224567850990265	21	174	196
1088.8796908764182	1265.2106721961613	46.821	93.642	46.821	0.165737	29.224567850990265	21	174	200
1088.8796908764182	1265.2106721961613	93.642	140.463	46.821	0.165737	29.224567850990265	21	174	205
1088.8796908764182	1259.049224833113	140.463	193.43099999999998	52.96799999999999	0.100055	17.026312720037076	20	236	146
1088.8796908764182	1259.049224833113	193.43099999999998	246.39899999999997	52.96799999999999	0.100055	17.026312720037076	20	236	402
1088.8796908764182	1259.049224833113	246.39899999999997	299.36699999999996	52.96799999999999	0.100055	17.026312720037076	20	236	387
1265.2106721961613	1441.5906572792123	0	48.964	48.964	0.096532	17.026312720037076	20	234	418
1265.2106721961613	1441.5906572792123	48.964	97.928	48.964	0.096532	17.026312720037076	20	234	18
1265.2106721961613	1441.5906572792123	97.928	146.892	48.964	0.096532	17.026312720037076	20	234	22
1265.2106721961613	1441.5906572792123	146.892	195.856	48.964	0.096532	17.026312720037076	20	234	29
1265.2106721961613	1441.5906572792123	195.856	244.82	48.964	0.096532	17.026312720037076	20	234	31
1265.2106721961613	1435.3802061528559	244.82	297.788	52.96799999999999	0.100055	17.026312720037076	20	236	92
1441.5906572792123	1617.9706423622633	0	48.964	48.964	0.096532	17.026312720037076	20	234	94
1441.5906572792123	1617.9706423622633	48.964	97.928	48.964	0.096532	17.026312720037076	20	234	98
1441.5906572792123	1617.9706423622633	97.928	146.892	48.964	0.096532	17.026312720037076	20	234	178
1441.5906572792123	1617.9706423622633	146.892	195.856	48.964	0.096532	17.026312720037076	20	234	204
1441.5906572792123	1617.9706423622633	195.856	244.82	48.964	0.096532	17.026312720037076	20	234	247
1441.5906572792123	1611.7601912359069	244.82	297.788	52.96799999999999	0.100055	17.026312720037076	20	236	250
1617.9706423622633	1742.783256224647	0	118.494	118.494	0.136415	17.026312720037076	20	1009	262
1617.9706423622633	1746.235682261828	118.494	155.284	36.790000000000006	0.098625	12.650139560094573	16	868	412
1617.9706423622633	1746.235682261828	155.284	192.074	36.790000000000006	0.098625	12.650139560094573	16	868	25
1617.9706423622633	1746.235682261828	192.074	228.86400000000003	36.790000000000006	0.098625	12.650139560094573	16	868	69
1617.9706423622633	1746.7344174922428	228.86400000000003	262.36600000000004	33.501999999999995	0.098243	12.650139560094573	16	963	264
1617.9706423622633	1746.235682261828	262.36600000000004	299.15600000000006	36.790000000000006	0.098625	12.650139560094573	16	868	270
1746.7344174922428	1845.3771364150182	0	55.474999999999994	55.474999999999994	0.128242	12.650139560094573	16	907	291
1746.7344174922428	1845.3871369246222	55.474999999999994	106.80599999999998	51.33099999999999	0.128229	12.650139560094573	16	969	295
1746.7344174922428	1845.3871369246222	106.80599999999998	158.13699999999997	51.33099999999999	0.128229	12.650139560094573	16	969	333
1746.7344174922428	1845.3871369246222	158.13699999999997	209.46799999999996	51.33099999999999	0.128229	12.650139560094573	16	969	341
1746.7344174922428	1845.3871369246222	209.46799999999996	260.799	51.33099999999999	0.128229	12.650139560094573	16	969	432
1746.7344174922428	1843.4174615453999	260.799	297.995	37.196	0.235952	22.812557610430545	17	352	286
1845.3871369246222	1894.4312127601281	0	85.108	85.108	0.465144	22.812557610430545	17	846	293
1845.3871369246222	1895.6604192860568	85.108	167.562	82.45400000000001	0.453771	22.812557610430545	17	718	382
1845.3871369246222	1894.4312127601281	167.562	252.67000000000002	85.108	0.465144	22.812557610430545	17	846	383
1845.3871369246222	1894.3749206451666	252.67000000000002	267.78200000000004	15.111999999999995	0.304589	14.921140055656902	5	1002	310
1845.3871369246222	1894.3749206451666	267.78200000000004	282.894	15.111999999999995	0.304589	14.921140055656902	5	1002	374
1845.3871369246222	1894.3749206451666	282.894	298.006	15.111999999999995	0.304589	14.921140055656902	5	1002	314
1895.6604192860568	1958.4038281732446	0	58.762	58.762	0.234004	14.682208653237506	10	356	335
1895.6604192860568	1958.4038281732446	58.762	117.524	58.762	0.234004	14.682208653237506	10	356	367
1895.6604192860568	1958.4038281732446	117.524	176.286	58.762	0.234004	14.682208653237506	10	356	379
1895.6604192860568	1958.4038281732446	176.286	235.048	58.762	0.234004	14.682208653237506	10	356	120
1895.6604192860568	1958.4038281732446	235.048	293.81	58.762	0.234004	14.682208653237506	10	356	138
1895.6604192860568	1935.5655095098346	293.81	299.916	6.1059999999999945	0.263551	10.51702643356683	2	32	134
1958.4038281732446	1970.8687623328703	0	52.5	52.5	0.843729	10.51702643356683	2	831	276
1970.8687623328703	1971.543944313426	0	137.572	137.572	16.096272	10.867912808520783	4	1024	319
1971.543944313426	1983.6807651217625	0	191.733	191.733	0.823939	10.0	0	1023	342
1983.6807651217625	1983.7170491930497	0	249.0	249.0	461.886286	16.75911492781069	13	1023	148
1983.7170491930497	1983.8947699459184	0	47.929	47.929	62.141115	11.043765741897023	7	30	149
1983.7170491930497	1983.8947699459184	47.929	95.858	47.929	62.141115	11.043765741897023	7	30	408
1983.7170491930497	1983.89146091296	95.858	184.613	88.755	59.674331	10.407902704200952	6	1008	150
1983.7170491930497	1983.89146091296	184.613	273.368	88.755	59.674331	10.407902704200952	6	1008	407
1983.8947699459184	1984.3270149372368	0	100.025	100.025	23.326929	10.082948223091952	12	254	151
1984.3270149372368	1996.7919490968625	0	52.5	52.5	0.843729	10.51702643356683	2	831	403
1984.3270149372368	1996.7919490968625	52.5	105.0	52.5	0.843729	10.51702643356683	2	831	406
1984.3270149372368	1996.7076801235173	105.0	157.53	52.53	1.621778	20.078690424475766	15	966	409
1984.3270149372368	1995.9073905516311	157.53	188.63	31.099999999999994	1.050567	12.165960468087341	9	898	152
1984.3270149372368	1995.9073905516311	188.63	219.73	31.099999999999994	1.050567	12.165960468087341	9	898	99
1984.3270149372368	1990.0938537445227	219.73	219.748	0.018000000000000682	3.993946	23.03244278700427	19	3	147
1996.7919490968625	1996.7929586389776	0	142.475	142.475	22983.948092	23.203263571543708	14	319	437
1996.7919490968625	1996.7929586389776	142.475	284.95	142.475	22983.948092	23.203263571543708	14	319	454
1996.7929586389776	1996.829242710265	0	249.0	249.0	461.886286	16.75911492781069	13	1023	459
1996.829242710265	1996.9545799684358	0	128.436	128.436	89.833664	11.259505137205096	24	958	441
1996.829242710265	1996.9545799684358	128.436	256.872	128.436	89.833664	11.259505137205096	24	958	453
1996.9545799684358	1997.6425072512595	0	240.02499999999998	240.02499999999998	21.201773	14.585278090936255	8	1022	96
1997.6425072512595	2002.00309469164	0	237.95	237.95	2.789982	12.165960468087341	9	1022	442
2002.00309469164	2018.8538238580243	0	19.787999999999997	19.787999999999997	0.61875	10.426388671700357	1	1006	450
2002.00309469164	2018.8538238580243	19.787999999999997	39.57599999999999	19.787999999999997	0.61875	10.426388671700357	1	1006	451
2002.00309469164	2018.8538238580243	39.57599999999999	59.36399999999999	19.787999999999997	0.61875	10.426388671700357	1	1006	21
2002.00309469164	2019.6648231390327	59.36399999999999	140.87099999999998	81.507	0.566196	10.0	0	975	439
2002.00309469164	2019.6648231390327	140.87099999999998	222.378	81.507	0.566196	10.0	0	975	448
2002.00309469164	2019.71719617927	222.378	299.509	77.131	0.564522	10.0	0	974	460
2019.71719617927	2019.842533437441	0	128.436	128.436	89.833664	11.259505137205096	24	958	351
2019.842533437441	2019.9299180700032	0	274.22	274.22	365.855021	31.97010658110419	22	1023	370
2019.9299180700032	2020.3621630613216	0	100.025	100.025	23.326929	10.082948223091952	12	254	336
2020.3621630613216	2190.366338920024	0	49.881	49.881	0.171905	29.224567850990265	21	206	234
2020.3621630613216	2190.366338920024	49.881	99.762	49.881	0.171905	29.224567850990265	21	206	237
2020.3621630613216	2190.366338920024	99.762	149.643	49.881	0.171905	29.224567850990265	21	206	298
2020.3621630613216	2190.366338920024	149.643	199.524	49.881	0.171905	29.224567850990265	21	206	324
2020.3621630613216	2190.366338920024	199.524	249.405	49.881	0.171905	29.224567850990265	21	206	435
2020.3621630613216	2190.366338920024	249.405	299.286	49.881	0.171905	29.224567850990265	21	206	108
2190.366338920024	2366.697320239767	0	46.821	46.821	0.165737	29.224567850990265	21	174	405
2190.366338920024	2360.5358728767187	46.821	99.78899999999999	52.96799999999999	0.100055	17.026312720037076	20	236	327
2190.366338920024	2360.5358728767187	99.78899999999999	152.75699999999998	52.96799999999999	0.100055	17.026312720037076	20	236	354
2190.366338920024	2366.746324003075	152.75699999999998	201.72099999999998	48.964	0.096532	17.026312720037076	20	234	429
2190.366338920024	2366.746324003075	201.72099999999998	250.68499999999997	48.964	0.096532	17.026312720037076	20	234	135
2190.366338920024	2366.746324003075	250.68499999999997	299.649	48.964	0.096532	17.026312720037076	20	234	455
2366.746324003075	2424.84778024418	0	129.91	129.91	0.217725	12.650139560094573	16	988	440
2366.746324003075	2425.286293031001	129.91	195.863	65.953	0.389692	22.812557610430545	17	616	404
2366.746324003075	2424.3343058739333	195.863	263.491	67.62799999999999	0.396134	22.812557610430545	17	744	452
2366.746324003075	2422.421181023119	263.491	275.546	12.055000000000007	0.268005	14.921140055656902	5	870	153
2366.746324003075	2422.421181023119	275.546	287.601	12.055000000000007	0.268005	14.921140055656902	5	870	101
2366.746324003075	2422.421181023119	287.601	299.656	12.055000000000007	0.268005	14.921140055656902	5	870	457
2425.286293031001	2455.463131173961	0	135.227	135.227	0.486539	14.682208653237506	10	1001	345
2425.286293031001	2455.463131173961	135.227	270.454	135.227	0.486539	14.682208653237506	10	1001	339
2425.286293031001	2455.1064325152015	270.454	279.895	9.441000000000003	0.352682	10.51702643356683	2	70	122
2425.286293031001	2453.9693810541044	279.895	297.643	17.748000000000005	0.424151	12.165960468087341	9	160	449
2455.463131173961	2456.170961753214	0	247.86700000000002	247.86700000000002	18.288891	12.94543631043449	3	1022	303
2456.170961753214	2456.2072458245016	0	249.0	249.0	461.886286	16.75911492781069	13	1023	366
2456.2072458245016	2456.243529895789	0	249.0	249.0	461.886286	16.75911492781069	13	1023	356
2456.243529895789	2468.3803507041252	0	191.733	191.733	0.823939	10.0	0	1023	458
2468.3803507041252	2492.080024565021	0	236.447	236.447	0.619511	14.682208653237506	10	1021	360
2492.080024565021	2492.640437445509	0	214.55599999999998	214.55599999999998	45.633403	25.573546821685294	23	510	456
2492.640437445509	2886.9251059714675	0	44.153999999999996	44.153999999999996	0.032176	12.686503494491237	18	1021	1
2492.640437445509	2886.9251059714675	44.153999999999996	88.30799999999999	44.153999999999996	0.032176	12.686503494491237	18	1021	7
2492.640437445509	2886.9251059714675	88.30799999999999	132.462	44.153999999999996	0.032176	12.686503494491237	18	1021	44
2492.640437445509	2886.9251059714675	132.462	176.61599999999999	44.153999999999996	0.032176	12.686503494491237	18	1021	70
2492.640437445509	2886.9251059714675	176.61599999999999	220.76999999999998	44.153999999999996	0.032176	12.686503494491237	18	1021	79
2492.640437445509	2886.4355546075167	220.76999999999998	287.57899999999995	66.809	0.032216	12.686503494491237	18	190	106
2886.9251059714675	3281.2097744974258	0	44.153999999999996	44.153999999999996	0.032176	12.686503494491237	18	1021	112
2886.9251059714675	3281.2097744974258	44.153999999999996	88.30799999999999	44.153999999999996	0.032176	12.686503494491237	18	1021	144
2886.9251059714675	3281.2097744974258	88.30799999999999	132.462	44.153999999999996	0.032176	12.686503494491237	18	1021	197
2886.9251059714675	3281.2097744974258	132.462	176.61599999999999	44.153999999999996	0.032176	12.686503494491237	18	1021	271
2886.9251059714675	3281.2097744974258	176.61599999999999	220.76999999999998	44.153999999999996	0.032176	12.686503494491237	18	1021	287
2886.9251059714675	3280.720223133475	220.76999999999998	287.57899999999995	66.809	0.032216	12.686503494491237	18	190	352
3281.2097744974258	3601.762203799577	0	76.94800000000001	76.94800000000001	0.039577	12.686503494491237	18	991	361
3281.2097744974258	3643.9300253692018	76.94800000000001	147.61100000000002	70.66300000000001	0.034976	12.686503494491237	18	254	434
3281.2097744974258	3601.762203799577	147.61100000000002	224.55900000000003	76.94800000000001	0.039577	12.686503494491237	18	991	140
3281.2097744974258	3643.9300253692018	224.55900000000003	295.22200000000004	70.66300000000001	0.034976	12.686503494491237	18	254	438
3643.9300253692018	3644.017410001764	0	274.22	274.22	365.855021	31.97010658110419	22	1023	83
3644.017410001764	3644.4496549930823	0	100.025	100.025	23.326929	10.082948223091952	12	254	81
3644.4496549930823	3645.137582275906	0	240.02499999999998	240.02499999999998	21.201773	14.585278090936255	8	1022	117
3645.137582275906	3649.4981697162866	0	237.95	237.95	2.789982	12.165960468087341	9	1022	111
3649.4981697162866	3650.1860969991103	0	240.02499999999998	240.02499999999998	21.201773	14.585278090936255	8	1022	331
3650.1860969991103	3662.651031158736	0	52.5	52.5	0.843729	10.51702643356683	2	831	353
3650.1860969991103	3662.651031158736	52.5	105.0	52.5	0.843729	10.51702643356683	2	831	362
