0	0.0004045621592595886	0	219.63299999999998	219.63299999999998	26252.175633	10.620636859348437	14	511	174
0.0004045621592595886	0.03564529459007109	0	249.0	249.0	461.886286	16.277211018387277	13	1023	198
0.03564529459007109	0.21457764977677393	78.185	166.965	88.78	60.311762	10.791725620119887	6	1009	185
0.03564529459007109	0.21457764977677393	166.965	255.745	88.78	60.311762	10.791725620119887	6	1009	211
0.03564529459007109	0.21457764977677393	255.745	344.525	88.78	60.311762	10.791725620119887	6	1009	177
0.03564529459007109	0.21497410735758954	0	78.185	78.185	76.802908	13.772974308732945	24	671	178
0.21497410735758954	0.46121512553532285	47.929	100.86099999999999	52.93199999999999	43.825865	10.791725620119887	6	999	405
0.21497410735758954	0.46656209657748154	0	47.929	47.929	62.141115	15.633958170732068	7	30	24
0.46656209657748154	1.2032385068386617	46.387	116.41999999999999	70.03299999999999	28.727547	21.162906199569335	25	489	0
0.46656209657748154	1.2032385068386617	116.41999999999999	186.45299999999997	70.03299999999999	28.727547	21.162906199569335	25	489	1
0.46656209657748154	1.2032385068386617	186.45299999999997	256.486	70.03299999999999	28.727547	21.162906199569335	25	489	188
0.46656209657748154	1.2032385068386617	256.486	326.519	70.03299999999999	28.727547	21.162906199569335	25	489	189
0.46656209657748154	1.2050135554142085	326.519	332.223	5.7039999999999935	21.171274	15.633958170732068	7	2	367
0.46656209657748154	1.2050135554142085	332.223	337.927	5.7039999999999935	21.171274	15.633958170732068	7	2	212
0.46656209657748154	1.2050135554142085	337.927	343.63100000000003	5.7039999999999935	21.171274	15.633958170732068	7	2	28
0.46656209657748154	1.2050135554142085	343.63100000000003	349.33500000000004	5.7039999999999935	21.171274	15.633958170732068	7	2	36
0.46656209657748154	1.205702822669614	0	46.387	46.387	19.630785	14.50991267865854	23	612	207
1.205702822669614	1.4574075563965119	0	45.971000000000004	45.971000000000004	62.112293	15.633958170732068	7	31	104
1.205702822669614	1.4574075563965119	45.971000000000004	91.94200000000001	45.971000000000004	62.112293	15.633958170732068	7	31	138
1.205702822669614	1.5214770098581167	113.798	144.922	31.123999999999995	43.61653	13.772974308732945	24	436	34
1.205702822669614	1.5214770098581167	144.922	176.046	31.123999999999995	43.61653	13.772974308732945	24	436	52
1.205702822669614	1.5267828745292846	176.046	214.79	38.744	33.610701	10.791725620119887	6	930	42
1.205702822669614	1.5267828745292846	214.79	253.534	38.744	33.610701	10.791725620119887	6	930	47
1.205702822669614	1.5267828745292846	253.534	292.278	38.744	33.610701	10.791725620119887	6	930	59
1.205702822669614	1.5267828745292846	292.278	331.02200000000005	38.744	33.610701	10.791725620119887	6	930	61
1.205702822669614	1.5310335244962583	91.94200000000001	113.798	21.855999999999995	48.055588	15.633958170732068	7	28	162
1.5310335244962583	1.7644768481245727	268.95799999999997	296.33799999999997	27.379999999999995	70.959735	16.565076382184426	22	291	25
1.5310335244962583	1.7644768481245727	296.33799999999997	323.71799999999996	27.379999999999995	70.959735	16.565076382184426	22	291	103
1.5310335244962583	1.7678159124672126	323.71799999999996	346.19199999999995	22.474000000000004	68.743335	16.277211018387277	13	194	37
1.5310335244962583	1.7711418345224121	0	57.22999999999999	57.22999999999999	44.94524	10.791725620119887	6	968	63
1.5310335244962583	1.7772745426739915	57.22999999999999	110.16199999999998	52.93199999999999	43.825865	10.791725620119887	6	999	72
1.5310335244962583	1.7772745426739915	110.16199999999998	163.09399999999997	52.93199999999999	43.825865	10.791725620119887	6	999	146
1.5310335244962583	1.7772745426739915	163.09399999999997	216.02599999999995	52.93199999999999	43.825865	10.791725620119887	6	999	147
1.5310335244962583	1.7772745426739915	216.02599999999995	268.95799999999997	52.93199999999999	43.825865	10.791725620119887	6	999	169
1.7772745426739915	1.7824595332346567	329.466	336.059	6.5930000000000035	2048.342564	10.620636859348437	14	0	83
1.7772745426739915	1.7824595332346567	336.059	342.65200000000004	6.5930000000000035	2048.342564	10.620636859348437	14	0	92
1.7772745426739915	1.7824595332346567	342.65200000000004	349.24500000000006	6.5930000000000035	2048.342564	10.620636859348437	14	0	142
1.7772745426739915	1.8358459526463307	0	86.43299999999999	86.43299999999999	277.903691	16.277211018387277	13	1007	46
1.7772745426739915	1.8358459526463307	86.43299999999999	172.86599999999999	86.43299999999999	277.903691	16.277211018387277	13	1007	80
1.7772745426739915	1.838969868988544	172.86599999999999	251.166	78.30000000000001	263.832157	16.277211018387277	13	1004	88
1.7772745426739915	1.838969868988544	251.166	329.466	78.30000000000001	263.832157	16.277211018387277	13	1004	108
1.838969868988544	1.8742106014193556	0	249.0	249.0	461.886286	16.277211018387277	13	1023	200
1.8742106014193556	1.8746151635786152	0	219.63299999999998	219.63299999999998	26252.175633	10.620636859348437	14	511	204
1.8746151635786152	2.052621108504031	0	92.9	92.9	77.373676	13.772974308732945	24	1019	203
1.8746151635786152	2.053547518765318	249.27	338.05	88.78	60.311762	10.791725620119887	6	1009	230
1.8746151635786152	2.0539439763461336	92.9	171.085	78.185	76.802908	13.772974308732945	24	671	235
1.8746151635786152	2.0539439763461336	171.085	249.27	78.185	76.802908	13.772974308732945	24	671	251
2.0539439763461336	2.054409267869664	0	119.4	119.4	22825.769055	10.620636859348437	14	475	364
2.0539439763461336	2.054409267869664	119.4	238.8	119.4	22825.769055	10.620636859348437	14	475	365
2.0539439763461336	2.0544118187081235	238.8	349.975	111.17500000000001	22701.315063	10.620636859348437	14	254	369
2.0544118187081235	3.1994197617912636	0	38.93299999999999	38.93299999999999	16.259997	18.617825719508023	12	121	16
2.0544118187081235	3.1994197617912636	38.93299999999999	77.86599999999999	38.93299999999999	16.259997	18.617825719508023	12	121	179
2.0544118187081235	3.1994197617912636	77.86599999999999	116.79899999999998	38.93299999999999	16.259997	18.617825719508023	12	121	186
2.0544118187081235	3.1994197617912636	116.79899999999998	155.73199999999997	38.93299999999999	16.259997	18.617825719508023	12	121	39
2.0544118187081235	3.1994197617912636	155.73199999999997	194.66499999999996	38.93299999999999	16.259997	18.617825719508023	12	121	95
2.0544118187081235	3.1994197617912636	194.66499999999996	233.59799999999996	38.93299999999999	16.259997	18.617825719508023	12	121	110
2.0544118187081235	3.1994197617912636	233.59799999999996	272.53099999999995	38.93299999999999	16.259997	18.617825719508023	12	121	113
2.0544118187081235	3.1994197617912636	272.53099999999995	311.46399999999994	38.93299999999999	16.259997	18.617825719508023	12	121	119
2.0544118187081235	3.2355889223550705	311.46399999999994	347.16399999999993	35.7	15.762095	18.617825719508023	12	149	131
3.2355889223550705	4.98880345247951	0	50.96700000000001	50.96700000000001	9.37459	16.435667401959268	8	993	201
3.2355889223550705	4.98880345247951	298.14700000000005	349.11400000000003	50.96700000000001	9.37459	16.435667401959268	8	993	193
3.2355889223550705	5.076114748465003	50.96700000000001	100.40300000000002	49.43600000000001	8.929876	16.435667401959268	8	962	187
3.2355889223550705	5.076114748465003	100.40300000000002	149.83900000000003	49.43600000000001	8.929876	16.435667401959268	8	962	29
3.2355889223550705	5.076114748465003	149.83900000000003	199.27500000000003	49.43600000000001	8.929876	16.435667401959268	8	962	33
3.2355889223550705	5.076114748465003	199.27500000000003	248.71100000000004	49.43600000000001	8.929876	16.435667401959268	8	962	51
3.2355889223550705	5.076114748465003	248.71100000000004	298.14700000000005	49.43600000000001	8.929876	16.435667401959268	8	962	114
5.076114748465003	6.7967077936946385	51.607	105.72900000000001	54.122000000000014	9.552327	16.435667401959268	8	965	363
5.076114748465003	6.798514108968962	105.72900000000001	154.366	48.637	7.17959	12.366121224680613	3	994	4
5.076114748465003	6.798514108968962	154.366	203.00300000000001	48.637	7.17959	12.366121224680613	3	994	190
5.076114748465003	6.798514108968962	203.00300000000001	251.64000000000001	48.637	7.17959	12.366121224680613	3	994	55
5.076114748465003	6.798514108968962	251.64000000000001	300.27700000000004	48.637	7.17959	12.366121224680613	3	994	78
5.076114748465003	6.798514108968962	300.27700000000004	348.91400000000004	48.637	7.17959	12.366121224680613	3	994	120
5.076114748465003	6.810935854555035	0	51.607	51.607	9.473984	16.435667401959268	8	992	224
6.810935854555035	8.382369496786344	271.43500000000006	290.81800000000004	19.382999999999996	9.233551	14.50991267865854	23	161	99
6.810935854555035	8.382369496786344	290.81800000000004	310.201	19.382999999999996	9.233551	14.50991267865854	23	161	143
6.810935854555035	8.382369496786344	310.201	329.584	19.382999999999996	9.233551	14.50991267865854	23	161	229
6.810935854555035	8.382369496786344	329.584	348.967	19.382999999999996	9.233551	14.50991267865854	23	161	257
6.810935854555035	8.417484577764139	0	54.287000000000006	54.287000000000006	7.697321	12.366121224680613	3	997	159
6.810935854555035	8.417484577764139	54.287000000000006	108.57400000000001	54.287000000000006	7.697321	12.366121224680613	3	997	166
6.810935854555035	8.417484577764139	108.57400000000001	162.86100000000002	54.287000000000006	7.697321	12.366121224680613	3	997	171
6.810935854555035	8.417484577764139	162.86100000000002	217.14800000000002	54.287000000000006	7.697321	12.366121224680613	3	997	252
6.810935854555035	8.417484577764139	217.14800000000002	271.43500000000006	54.287000000000006	7.697321	12.366121224680613	3	997	377
8.417484577764139	9.330324684226074	0	50.30000000000001	50.30000000000001	23.183585	21.162906199569335	25	580	27
8.417484577764139	9.330324684226074	50.30000000000001	100.60000000000002	50.30000000000001	23.183585	21.162906199569335	25	580	48
8.417484577764139	9.330324684226074	100.60000000000002	150.90000000000003	50.30000000000001	23.183585	21.162906199569335	25	580	65
8.417484577764139	9.330324684226074	299.199	349.499	50.30000000000001	23.183585	21.162906199569335	25	580	96
8.417484577764139	9.346443271580416	150.90000000000003	200.33300000000003	49.43299999999999	22.781321	21.162906199569335	25	452	76
8.417484577764139	9.346443271580416	200.33300000000003	249.76600000000002	49.43299999999999	22.781321	21.162906199569335	25	452	79
8.417484577764139	9.346443271580416	249.76600000000002	299.199	49.43299999999999	22.781321	21.162906199569335	25	452	84
9.346443271580416	9.797735064067613	0	164.0	164.0	46.894064	21.162906199569335	25	509	106
9.346443271580416	9.797735064067613	164.0	328.0	164.0	46.894064	21.162906199569335	25	509	109
9.797735064067613	9.84301277089505	0	274.22	274.22	365.855021	16.565076382184426	22	1023	407
9.84301277089505	10.337487660664475	77.30000000000001	207.014	129.714	42.798748	21.162906199569335	25	537	384
9.84301277089505	10.337487660664475	207.014	336.728	129.714	42.798748	21.162906199569335	25	537	440
9.84301277089505	10.34474768819031	336.728	346.68100000000004	9.953000000000003	31.159797	15.633958170732068	7	13	458
9.84301277089505	10.353288530310524	0	77.30000000000001	77.30000000000001	28.435434	14.50991267865854	23	462	411
10.353288530310524	10.353693092469783	0	219.63299999999998	219.63299999999998	26252.175633	10.620636859348437	14	511	13
10.353693092469783	10.507009496315149	0	128.436	128.436	89.833664	13.772974308732945	24	958	3
10.507009496315149	10.50741405847441	0	219.63299999999998	219.63299999999998	26252.175633	10.620636859348437	14	511	213
10.50741405847441	10.50781862063367	0	219.63299999999998	219.63299999999998	26252.175633	10.620636859348437	14	511	6
10.50781862063367	10.54305935306448	0	249.0	249.0	461.886286	16.277211018387277	13	1023	11
10.54305935306448	12.248388451316377	153.51199999999994	194.16799999999995	40.656000000000006	11.169851	19.048271933438038	11	210	122
10.54305935306448	12.308566856111913	232.54599999999994	271.381	38.83500000000001	12.380183	21.857305975600276	19	96	125
10.54305935306448	12.308566856111913	271.381	310.216	38.83500000000001	12.380183	21.857305975600276	19	96	246
10.54305935306448	12.308566856111913	310.216	349.05100000000004	38.83500000000001	12.380183	21.857305975600276	19	96	216
10.54305935306448	12.326824543454727	0	38.377999999999986	38.377999999999986	10.678688	19.048271933438038	11	209	231
10.54305935306448	12.326824543454727	38.377999999999986	76.75599999999997	38.377999999999986	10.678688	19.048271933438038	11	209	41
10.54305935306448	12.326824543454727	76.75599999999997	115.13399999999996	38.377999999999986	10.678688	19.048271933438038	11	209	116
10.54305935306448	12.326824543454727	115.13399999999996	153.51199999999994	38.377999999999986	10.678688	19.048271933438038	11	209	117
10.54305935306448	12.326824543454727	194.16799999999995	232.54599999999994	38.377999999999986	10.678688	19.048271933438038	11	209	140
12.326824543454727	14.09233204650216	0	38.83500000000001	38.83500000000001	12.380183	21.857305975600276	19	96	220
12.326824543454727	14.09233204650216	38.83500000000001	77.67000000000002	38.83500000000001	12.380183	21.857305975600276	19	96	53
12.326824543454727	14.09233204650216	77.67000000000002	116.50500000000002	38.83500000000001	12.380183	21.857305975600276	19	96	57
12.326824543454727	14.09233204650216	116.50500000000002	155.34000000000003	38.83500000000001	12.380183	21.857305975600276	19	96	74
12.326824543454727	14.09233204650216	155.34000000000003	194.17500000000004	38.83500000000001	12.380183	21.857305975600276	19	96	81
12.326824543454727	14.09233204650216	194.17500000000004	233.01000000000005	38.83500000000001	12.380183	21.857305975600276	19	96	86
12.326824543454727	14.09233204650216	233.01000000000005	271.845	38.83500000000001	12.380183	21.857305975600276	19	96	137
12.326824543454727	14.09233204650216	271.845	310.68000000000006	38.83500000000001	12.380183	21.857305975600276	19	96	165
12.326824543454727	14.09233204650216	310.68000000000006	349.5150000000001	38.83500000000001	12.380183	21.857305975600276	19	96	374
14.09233204650216	15.75059308990068	252.63600000000005	274.225	21.589	11.227319	18.617825719508023	12	137	373
14.09233204650216	15.75059308990068	274.225	295.814	21.589	11.227319	18.617825719508023	12	137	415
14.09233204650216	15.786730036120298	0	42.13900000000001	42.13900000000001	7.902039	13.38919899548413	4	966	67
14.09233204650216	15.786730036120298	42.13900000000001	84.27800000000002	42.13900000000001	7.902039	13.38919899548413	4	966	98
14.09233204650216	15.786730036120298	210.49700000000004	252.63600000000005	42.13900000000001	7.902039	13.38919899548413	4	966	436
14.09233204650216	15.812925091731795	295.814	349.93600000000004	54.122000000000014	9.552327	16.435667401959268	8	965	455
14.09233204650216	15.813099325277369	84.27800000000002	126.35100000000003	42.07300000000001	7.780947	13.38919899548413	4	870	102
14.09233204650216	15.813099325277369	126.35100000000003	168.42400000000004	42.07300000000001	7.780947	13.38919899548413	4	870	132
14.09233204650216	15.813099325277369	168.42400000000004	210.49700000000004	42.07300000000001	7.780947	13.38919899548413	4	870	136
15.813099325277369	17.52029309327781	0	50.059	50.059	7.243537	12.366121224680613	3	901	390
15.813099325277369	17.52029309327781	50.059	100.118	50.059	7.243537	12.366121224680613	3	901	401
15.813099325277369	17.52029309327781	100.118	150.177	50.059	7.243537	12.366121224680613	3	901	439
15.813099325277369	17.52029309327781	150.177	200.236	50.059	7.243537	12.366121224680613	3	901	450
15.813099325277369	17.52029309327781	200.236	250.295	50.059	7.243537	12.366121224680613	3	901	451
15.813099325277369	17.52029309327781	298.932	348.991	50.059	7.243537	12.366121224680613	3	901	208
15.813099325277369	17.535498685781327	250.295	298.932	48.637	7.17959	12.366121224680613	3	994	227
17.535498685781327	18.133138593231074	247.86700000000002	255.062	7.194999999999993	26.159495	15.633958170732068	7	7	12
17.535498685781327	18.162737990234756	255.062	280.775	25.712999999999994	17.205117	10.791725620119887	6	258	111
17.535498685781327	18.211653474208937	0	247.86700000000002	247.86700000000002	18.288891	12.366121224680613	3	1022	391
18.211653474208937	18.212058036368198	0	219.63299999999998	219.63299999999998	26252.175633	10.620636859348437	14	511	182
18.212058036368198	18.24729876879901	0	249.0	249.0	461.886286	16.277211018387277	13	1023	18
18.24729876879901	18.292576475626447	0	274.22	274.22	365.855021	16.565076382184426	22	1023	153
18.292576475626447	18.968731264054057	0	247.86700000000002	247.86700000000002	18.288891	12.366121224680613	3	1022	21
18.968731264054057	18.969135826213314	0	219.63299999999998	219.63299999999998	26252.175633	10.620636859348437	14	511	126
18.969135826213314	19.014413533040756	0	274.22	274.22	365.855021	16.565076382184426	22	1023	141
19.014413533040756	19.014818095200013	0	219.63299999999998	219.63299999999998	26252.175633	10.620636859348437	14	511	217
19.014818095200013	19.266406084419906	0	47.929	47.929	62.141115	15.633958170732068	7	30	419
19.266406084419906	19.301646816850717	0	249.0	249.0	461.886286	16.277211018387277	13	1023	387
19.301646816850717	19.70248963412906	0	221.27999999999997	221.27999999999997	52.796022	21.162906199569335	25	510	234
19.70248963412906	31.161289216544574	342.808	349.206	6.397999999999996	1.662327	19.048271933438038	11	5	408
19.70248963412906	31.525643628178024	0	42.851	42.851	1.418878	16.77561309276821	15	964	49
19.70248963412906	31.525643628178024	42.851	85.702	42.851	1.418878	16.77561309276821	15	964	71
19.70248963412906	31.525643628178024	85.702	128.553	42.851	1.418878	16.77561309276821	15	964	73
19.70248963412906	31.525643628178024	128.553	171.404	42.851	1.418878	16.77561309276821	15	964	170
19.70248963412906	31.525643628178024	171.404	214.255	42.851	1.418878	16.77561309276821	15	964	205
19.70248963412906	31.525643628178024	214.255	257.106	42.851	1.418878	16.77561309276821	15	964	259
19.70248963412906	31.525643628178024	257.106	299.957	42.851	1.418878	16.77561309276821	15	964	393
19.70248963412906	31.525643628178024	299.957	342.808	42.851	1.418878	16.77561309276821	15	964	420
31.525643628178024	32.89551427789132	0	60.91399999999999	60.91399999999999	13.905161	19.048271933438038	11	248	430
31.525643628178024	32.89551427789132	172.656	233.57	60.91399999999999	13.905161	19.048271933438038	11	248	232
31.525643628178024	32.95023509288485	233.57	283.57899999999995	50.008999999999986	15.342859	21.857305975600276	19	134	433
31.525643628178024	32.95216381875268	283.57899999999995	347.29999999999995	63.721000000000004	8.668732	12.366121224680613	3	967	233
31.525643628178024	32.95270078909538	60.91399999999999	116.785	55.87100000000001	13.347939	19.048271933438038	11	188	2
31.525643628178024	32.95270078909538	116.785	172.656	55.87100000000001	13.347939	19.048271933438038	11	188	23
32.95270078909538	58.355074386884354	0	45.099999999999994	45.099999999999994	0.393664	10.0	0	802	421
32.95270078909538	58.355074386884354	45.099999999999994	90.19999999999999	45.099999999999994	0.393664	10.0	0	802	176
32.95270078909538	58.5516522560433	90.19999999999999	133.41	43.21000000000001	0.390641	10.0	0	610	26
32.95270078909538	58.5516522560433	133.41	176.62	43.21000000000001	0.390641	10.0	0	610	77
32.95270078909538	58.5516522560433	176.62	219.83	43.21000000000001	0.390641	10.0	0	610	85
32.95270078909538	58.5516522560433	219.83	263.04	43.21000000000001	0.390641	10.0	0	610	90
32.95270078909538	58.5516522560433	263.04	306.25	43.21000000000001	0.390641	10.0	0	610	154
32.95270078909538	58.5516522560433	306.25	349.46000000000004	43.21000000000001	0.390641	10.0	0	610	163
58.5516522560433	79.76955024207211	305.62199999999996	320.29099999999994	14.668999999999997	0.48495	10.289619628324678	1	838	237
58.5516522560433	79.76955024207211	320.29099999999994	334.9599999999999	14.668999999999997	0.48495	10.289619628324678	1	838	62
58.5516522560433	79.76955024207211	334.9599999999999	349.6289999999999	14.668999999999997	0.48495	10.289619628324678	1	838	82
58.5516522560433	82.0382907074283	0	51.93899999999999	51.93899999999999	0.425774	10.0	0	964	183
58.5516522560433	82.0382907074283	51.93899999999999	103.87799999999999	51.93899999999999	0.425774	10.0	0	964	371
58.5516522560433	82.0382907074283	103.87799999999999	155.81699999999998	51.93899999999999	0.425774	10.0	0	964	375
58.5516522560433	82.0382907074283	155.81699999999998	207.75599999999997	51.93899999999999	0.425774	10.0	0	964	457
58.5516522560433	82.18611224408426	207.75599999999997	256.68899999999996	48.93299999999999	0.423111	10.0	0	772	184
58.5516522560433	82.18611224408426	256.68899999999996	305.62199999999996	48.93299999999999	0.423111	10.0	0	772	19
82.18611224408426	94.69271924587542	243.028	295.714	52.68600000000001	1.416581	17.71662185320434	9	938	221
82.18611224408426	94.69271924587542	295.714	348.4	52.68600000000001	1.416581	17.71662185320434	9	938	31
82.18611224408426	94.75080893809715	0	35.788	35.788	0.818931	10.289619628324678	1	826	93
82.18611224408426	94.75080893809715	35.788	71.576	35.788	0.818931	10.289619628324678	1	826	94
82.18611224408426	94.75080893809715	71.576	107.36399999999999	35.788	0.818931	10.289619628324678	1	826	168
82.18611224408426	94.75080893809715	107.36399999999999	143.152	35.788	0.818931	10.289619628324678	1	826	192
82.18611224408426	94.77374218139417	143.152	176.444	33.292	0.817439	10.289619628324678	1	1016	226
82.18611224408426	94.77374218139417	176.444	209.736	33.292	0.817439	10.289619628324678	1	1016	127
82.18611224408426	94.77374218139417	209.736	243.028	33.292	0.817439	10.289619628324678	1	1016	449
94.77374218139417	109.82348129239145	279.655	313.525	33.870000000000005	1.114678	16.77561309276821	15	770	368
94.77374218139417	109.82348129239145	313.525	347.395	33.870000000000005	1.114678	16.77561309276821	15	770	161
94.77374218139417	109.9456679559816	0	41.989000000000004	41.989000000000004	1.167724	17.71662185320434	9	678	56
94.77374218139417	109.9456679559816	41.989000000000004	83.97800000000001	41.989000000000004	1.167724	17.71662185320434	9	678	180
94.77374218139417	109.9456679559816	237.666	279.655	41.989000000000004	1.167724	17.71662185320434	9	678	196
94.77374218139417	110.08389837407651	83.97800000000001	122.4	38.422	1.157181	17.71662185320434	9	964	199
94.77374218139417	110.08389837407651	122.4	160.822	38.422	1.157181	17.71662185320434	9	964	378
94.77374218139417	110.08389837407651	160.822	199.244	38.422	1.157181	17.71662185320434	9	964	107
94.77374218139417	110.08389837407651	199.244	237.666	38.422	1.157181	17.71662185320434	9	964	460
110.08389837407651	110.11913910650732	0	249.0	249.0	461.886286	16.277211018387277	13	1023	241
110.11913910650732	110.24089377602954	0	222.358	222.358	88.635004	10.791725620119887	6	1023	238
110.24089377602954	110.29183367020094	172.22899999999998	284.05899999999997	111.83000000000001	319.53759	16.277211018387277	13	1010	427
110.24089377602954	110.29185407414164	0	172.22899999999998	172.22899999999998	325.058467	16.565076382184426	22	1021	425
110.29185407414164	111.23286050414669	296.224	345.124	48.900000000000006	22.489651	21.162906199569335	25	932	397
110.29185407414164	111.23811689253611	194.887	228.666	33.778999999999996	15.333914	14.50991267865854	23	200	422
110.29185407414164	111.23811689253611	228.666	262.445	33.778999999999996	15.333914	14.50991267865854	23	200	428
110.29185407414164	111.23811689253611	262.445	296.224	33.778999999999996	15.333914	14.50991267865854	23	200	398
110.29185407414164	111.24025313879012	0	59.69999999999999	59.69999999999999	19.630793	18.617825719508023	12	218	424
110.29185407414164	111.24366731633236	59.69999999999999	194.887	135.187	17.267744	16.435667401959268	8	1015	423
111.24366731633236	112.35431279770226	0	110.46000000000001	110.46000000000001	17.150632	19.048271933438038	11	255	240
112.35431279770226	173.73423087661547	0	58.762	58.762	0.234004	14.363146350138003	10	356	392
112.35431279770226	173.73423087661547	58.762	117.524	58.762	0.234004	14.363146350138003	10	356	45
112.35431279770226	173.73423087661547	117.524	176.286	58.762	0.234004	14.363146350138003	10	356	68
112.35431279770226	173.73423087661547	176.286	235.048	58.762	0.234004	14.363146350138003	10	356	87
112.35431279770226	173.73423087661547	235.048	293.81	58.762	0.234004	14.363146350138003	10	356	121
112.35431279770226	176.92083793823855	293.81	346.01	52.19999999999999	0.222455	14.363146350138003	10	512	158
176.92083793823855	226.11290484541058	303.744	312.809	9.064999999999998	0.219226	10.78418005979169	5	898	30
176.92083793823855	226.11290484541058	312.809	321.874	9.064999999999998	0.219226	10.78418005979169	5	898	38
176.92083793823855	226.11290484541058	321.874	330.939	9.064999999999998	0.219226	10.78418005979169	5	898	66
176.92083793823855	226.11290484541058	330.939	340.004	9.064999999999998	0.219226	10.78418005979169	5	898	69
176.92083793823855	226.11290484541058	340.004	349.069	9.064999999999998	0.219226	10.78418005979169	5	898	70
176.92083793823855	228.5270578926008	0	75.936	75.936	0.278322	14.363146350138003	10	392	181
176.92083793823855	228.5270578926008	75.936	151.872	75.936	0.278322	14.363146350138003	10	392	202
176.92083793823855	228.5270578926008	151.872	227.80800000000002	75.936	0.278322	14.363146350138003	10	392	225
176.92083793823855	228.5270578926008	227.80800000000002	303.744	75.936	0.278322	14.363146350138003	10	392	399
228.5270578926008	245.48442511093816	136.118	158.1	21.982	0.598015	10.140759957074033	2	344	175
228.5270578926008	245.48442511093816	158.1	180.082	21.982	0.598015	10.140759957074033	2	344	218
228.5270578926008	245.48442511093816	180.082	202.064	21.982	0.598015	10.140759957074033	2	344	43
228.5270578926008	245.48442511093816	202.064	224.046	21.982	0.598015	10.140759957074033	2	344	91
228.5270578926008	245.48442511093816	224.046	246.028	21.982	0.598015	10.140759957074033	2	344	100
228.5270578926008	245.48442511093816	246.028	268.01	21.982	0.598015	10.140759957074033	2	344	145
228.5270578926008	245.48442511093816	268.01	289.99199999999996	21.982	0.598015	10.140759957074033	2	344	167
228.5270578926008	245.5821064123151	0	68.059	68.059	0.632316	10.78418005979169	5	1023	236
228.5270578926008	245.5821064123151	68.059	136.118	68.059	0.632316	10.78418005979169	5	1023	129
245.5821064123151	257.65889660521253	75.78900000000002	126.24100000000001	50.452	0.83969	10.140759957074033	2	862	243
245.5821064123151	261.09550688764574	126.24100000000001	225.616	99.375	0.644604	10.0	0	979	258
245.5821064123151	261.09550688764574	225.616	324.991	99.375	0.644604	10.0	0	979	239
245.5821064123151	261.2657716562274	0	25.263000000000005	25.263000000000005	0.646581	10.140759957074033	2	988	445
245.5821064123151	261.2657716562274	25.263000000000005	50.52600000000001	25.263000000000005	0.646581	10.140759957074033	2	988	152
245.5821064123151	261.2657716562274	50.52600000000001	75.78900000000002	25.263000000000005	0.646581	10.140759957074033	2	988	20
261.2657716562274	359.94084166779334	0	39.25800000000001	39.25800000000001	0.145313	14.338770448590681	21	230	133
261.2657716562274	359.94084166779334	39.25800000000001	78.51600000000002	39.25800000000001	0.145313	14.338770448590681	21	230	214
261.2657716562274	359.94084166779334	78.51600000000002	117.77400000000003	39.25800000000001	0.145313	14.338770448590681	21	230	219
261.2657716562274	359.94084166779334	271.74199999999996	311.0	39.25800000000001	0.145313	14.338770448590681	21	230	139
261.2657716562274	360.49395687446287	117.77400000000003	156.26600000000002	38.49199999999999	0.144503	14.338770448590681	21	168	447
261.2657716562274	360.49395687446287	156.26600000000002	194.758	38.49199999999999	0.144503	14.338770448590681	21	168	40
261.2657716562274	360.49395687446287	194.758	233.25	38.49199999999999	0.144503	14.338770448590681	21	168	58
261.2657716562274	360.49395687446287	233.25	271.74199999999996	38.49199999999999	0.144503	14.338770448590681	21	168	101
261.2657716562274	360.49395687446287	311.0	349.49199999999996	38.49199999999999	0.144503	14.338770448590681	21	168	191
360.49395687446287	451.75097096534	244.48799999999994	279.0999999999999	34.611999999999995	0.22282	20.333887879729236	17	290	260
360.49395687446287	451.75097096534	279.0999999999999	313.7119999999999	34.611999999999995	0.22282	20.333887879729236	17	290	54
360.49395687446287	451.75097096534	313.7119999999999	348.32399999999984	34.611999999999995	0.22282	20.333887879729236	17	290	160
360.49395687446287	455.3503069640396	0	40.74799999999999	40.74799999999999	0.151163	14.338770448590681	21	170	210
360.49395687446287	455.3503069640396	40.74799999999999	81.49599999999998	40.74799999999999	0.151163	14.338770448590681	21	170	256
360.49395687446287	455.3503069640396	81.49599999999998	122.24399999999997	40.74799999999999	0.151163	14.338770448590681	21	170	385
360.49395687446287	455.3503069640396	122.24399999999997	162.99199999999996	40.74799999999999	0.151163	14.338770448590681	21	170	396
360.49395687446287	455.3503069640396	162.99199999999996	203.73999999999995	40.74799999999999	0.151163	14.338770448590681	21	170	197
360.49395687446287	455.3503069640396	203.73999999999995	244.48799999999994	40.74799999999999	0.151163	14.338770448590681	21	170	247
455.3503069640396	527.3569640212522	0	43.74600000000001	43.74600000000001	0.282389	20.333887879729236	17	704	194
455.3503069640396	527.3569640212522	43.74600000000001	87.49200000000002	43.74600000000001	0.282389	20.333887879729236	17	704	250
455.3503069640396	527.3569640212522	87.49200000000002	131.23800000000003	43.74600000000001	0.282389	20.333887879729236	17	704	358
455.3503069640396	527.3569640212522	131.23800000000003	174.98400000000004	43.74600000000001	0.282389	20.333887879729236	17	704	14
455.3503069640396	527.3569640212522	174.98400000000004	218.73000000000005	43.74600000000001	0.282389	20.333887879729236	17	704	7
455.3503069640396	527.3569640212522	218.73000000000005	262.47600000000006	43.74600000000001	0.282389	20.333887879729236	17	704	432
455.3503069640396	527.3569640212522	262.47600000000006	306.2220000000001	43.74600000000001	0.282389	20.333887879729236	17	704	253
455.3503069640396	527.3569640212522	306.2220000000001	349.9680000000001	43.74600000000001	0.282389	20.333887879729236	17	704	17
527.3569640212522	579.5435779545166	63.92699999999999	129.04399999999998	65.11699999999999	0.389638	20.333887879729236	17	966	242
527.3569640212522	579.6573352511997	129.04399999999998	202.44899999999998	73.405	0.274628	14.363146350138003	10	360	438
527.3569640212522	579.6573352511997	202.44899999999998	275.854	73.405	0.274628	14.363146350138003	10	360	149
527.3569640212522	579.6573352511997	275.854	349.259	73.405	0.274628	14.363146350138003	10	360	444
527.3569640212522	580.5323304106194	0	63.92699999999999	63.92699999999999	0.382393	20.333887879729236	17	902	128
580.5323304106194	580.5327690087489	162.725	338.192	175.46699999999998	24214.961587	10.620636859348437	14	350	303
580.5323304106194	580.5327698033224	0	162.725	162.725	24171.17259	10.620636859348437	14	383	280
580.5327698033224	580.6488680077235	267.82	309.224	41.403999999999996	140.202091	16.277211018387277	13	900	266
580.5327698033224	580.6495333305132	0	45.44	45.44	141.868585	16.565076382184426	22	963	297
580.5327698033224	580.6495333305132	45.44	90.88	45.44	141.868585	16.565076382184426	22	963	301
580.5327698033224	580.6495333305132	90.88	136.32	45.44	141.868585	16.565076382184426	22	963	307
580.5327698033224	580.6495333305132	136.32	181.76	45.44	141.868585	16.565076382184426	22	963	318
580.5327698033224	580.6495333305132	181.76	227.2	45.44	141.868585	16.565076382184426	22	963	348
580.5327698033224	580.6515274792948	227.2	267.82	40.620000000000005	137.062391	16.277211018387277	13	868	264
580.5327698033224	580.6515274792948	309.224	349.844	40.620000000000005	137.062391	16.277211018387277	13	868	279
580.6515274792948	580.7021577009517	0	115.61000000000001	115.61000000000001	321.491996	16.277211018387277	13	1011	286
580.6515274792948	580.7021577009517	115.61000000000001	231.22000000000003	115.61000000000001	321.491996	16.277211018387277	13	1011	321
580.6515274792948	580.7021577009517	231.22000000000003	346.83000000000004	115.61000000000001	321.491996	16.277211018387277	13	1011	323
580.7021577009517	580.702562263111	0	219.63299999999998	219.63299999999998	26252.175633	10.620636859348437	14	511	412
580.702562263111	580.9750031748185	0	35.456	35.456	50.553987	13.772974308732945	24	626	316
580.702562263111	580.9750031748185	35.456	70.912	35.456	50.553987	13.772974308732945	24	626	345
580.702562263111	580.9750031748185	70.912	106.36800000000001	35.456	50.553987	13.772974308732945	24	626	351
580.702562263111	580.9750031748185	106.36800000000001	141.824	35.456	50.553987	13.772974308732945	24	626	361
580.702562263111	580.9750031748185	141.824	177.28000000000003	35.456	50.553987	13.772974308732945	24	626	370
580.702562263111	580.9750031748185	177.28000000000003	212.73600000000005	35.456	50.553987	13.772974308732945	24	626	409
580.702562263111	580.986245320412	212.73600000000005	256.52700000000004	43.791	38.041488	10.791725620119887	6	997	273
580.702562263111	580.986245320412	256.52700000000004	300.31800000000004	43.791	38.041488	10.791725620119887	6	997	283
580.702562263111	580.986245320412	300.31800000000004	344.10900000000004	43.791	38.041488	10.791725620119887	6	997	299
580.986245320412	581.1079999899341	0	222.358	222.358	88.635004	10.791725620119887	6	1023	355
581.1079999899341	581.7937737206125	329.63	336.025	6.394999999999996	22.797546	15.633958170732068	7	5	270
581.1079999899341	581.7937737206125	336.025	342.41999999999996	6.394999999999996	22.797546	15.633958170732068	7	5	271
581.1079999899341	581.7937737206125	342.41999999999996	348.81499999999994	6.394999999999996	22.797546	15.633958170732068	7	5	278
581.1079999899341	581.823563177486	0	47.39099999999999	47.39099999999999	20.277612	14.50991267865854	23	238	281
581.1079999899341	581.823563177486	47.39099999999999	94.78199999999998	47.39099999999999	20.277612	14.50991267865854	23	238	287
581.1079999899341	581.823563177486	94.78199999999998	142.17299999999997	47.39099999999999	20.277612	14.50991267865854	23	238	329
581.1079999899341	581.823563177486	142.17299999999997	189.56399999999996	47.39099999999999	20.277612	14.50991267865854	23	238	338
581.1079999899341	581.8446764001953	189.56399999999996	259.597	70.03299999999999	28.727547	21.162906199569335	25	489	263
581.1079999899341	581.8446764001953	259.597	329.63	70.03299999999999	28.727547	21.162906199569335	25	489	327
581.8446764001953	582.0962643894152	0	47.929	47.929	62.141115	15.633958170732068	7	30	325
581.8446764001953	582.0962643894152	47.929	95.858	47.929	62.141115	15.633958170732068	7	30	334
581.8446764001953	582.0962643894152	95.858	143.787	47.929	62.141115	15.633958170732068	7	30	341
581.8446764001953	582.0962643894152	143.787	191.716	47.929	62.141115	15.633958170732068	7	30	394
582.0962643894152	583.5761240422362	0	25.942999999999998	25.942999999999998	12.580805	18.617825719508023	12	140	265
582.0962643894152	583.5761240422362	25.942999999999998	51.885999999999996	25.942999999999998	12.580805	18.617825719508023	12	140	292
582.0962643894152	583.5761240422362	51.885999999999996	77.829	25.942999999999998	12.580805	18.617825719508023	12	140	309
582.0962643894152	583.5761240422362	77.829	103.77199999999999	25.942999999999998	12.580805	18.617825719508023	12	140	326
582.0962643894152	583.5761240422362	103.77199999999999	129.71499999999997	25.942999999999998	12.580805	18.617825719508023	12	140	344
582.0962643894152	583.5761240422362	129.71499999999997	155.65799999999996	25.942999999999998	12.580805	18.617825719508023	12	140	402
582.0962643894152	583.6228159173731	155.65799999999996	221.98399999999995	66.326	10.766533	16.435667401959268	8	967	305
582.0962643894152	583.6228159173731	283.09299999999996	349.419	66.326	10.766533	16.435667401959268	8	967	346
582.0962643894152	583.6234066876492	221.98399999999995	283.09299999999996	61.10900000000001	10.762368	16.435667401959268	8	997	343
583.6234066876492	585.3306004556496	54.122000000000014	104.18100000000001	50.059	7.243537	12.366121224680613	3	901	295
583.6234066876492	585.3306004556496	104.18100000000001	154.24	50.059	7.243537	12.366121224680613	3	901	298
583.6234066876492	585.3439997328788	0	54.122000000000014	54.122000000000014	9.552327	16.435667401959268	8	965	347
583.6234066876492	585.3458060481531	154.24	202.877	48.637	7.17959	12.366121224680613	3	994	339
583.6234066876492	585.3458060481531	202.877	251.514	48.637	7.17959	12.366121224680613	3	994	350
583.6234066876492	585.3458060481531	251.514	300.151	48.637	7.17959	12.366121224680613	3	994	357
583.6234066876492	585.3458060481531	300.151	348.788	48.637	7.17959	12.366121224680613	3	994	404
585.3458060481531	586.0012070970025	247.86700000000002	302.41200000000003	54.54499999999999	22.138983	14.50991267865854	23	422	366
585.3458060481531	586.0219608365808	0	247.86700000000002	247.86700000000002	18.288891	12.366121224680613	3	1022	446
586.0219608365808	587.7272899348326	230.26799999999992	270.9239999999999	40.656000000000006	11.169851	19.048271933438038	11	210	328
586.0219608365808	587.7874683396282	309.3019999999999	348.13699999999994	38.83500000000001	12.380183	21.857305975600276	19	96	320
586.0219608365808	587.805726026971	0	38.377999999999986	38.377999999999986	10.678688	19.048271933438038	11	209	291
586.0219608365808	587.805726026971	38.377999999999986	76.75599999999997	38.377999999999986	10.678688	19.048271933438038	11	209	293
586.0219608365808	587.805726026971	76.75599999999997	115.13399999999996	38.377999999999986	10.678688	19.048271933438038	11	209	302
586.0219608365808	587.805726026971	115.13399999999996	153.51199999999994	38.377999999999986	10.678688	19.048271933438038	11	209	306
586.0219608365808	587.805726026971	153.51199999999994	191.88999999999993	38.377999999999986	10.678688	19.048271933438038	11	209	311
586.0219608365808	587.805726026971	191.88999999999993	230.26799999999992	38.377999999999986	10.678688	19.048271933438038	11	209	314
586.0219608365808	587.805726026971	270.9239999999999	309.3019999999999	38.377999999999986	10.678688	19.048271933438038	11	209	336
587.805726026971	589.0567927672439	141.2	210.646	69.446	10.702226	13.38919899548413	4	912	268
587.805726026971	589.0567927672439	210.646	280.092	69.446	10.702226	13.38919899548413	4	912	275
587.805726026971	589.0567927672439	280.092	349.538	69.446	10.702226	13.38919899548413	4	912	312
587.805726026971	589.0785604379173	0	70.6	70.6	17.172152	21.857305975600276	19	148	332
587.805726026971	589.0785604379173	70.6	141.2	70.6	17.172152	21.857305975600276	19	148	388
589.0785604379173	610.1442305579494	0	58.400000000000006	58.400000000000006	0.474706	10.0	0	520	269
589.0785604379173	610.1442305579494	232.81700000000004	291.21700000000004	58.400000000000006	0.474706	10.0	0	520	413
589.0785604379173	610.2964584239461	291.21700000000004	305.886	14.668999999999997	0.48495	10.289619628324678	1	838	285
589.0785604379173	610.2964584239461	305.886	320.555	14.668999999999997	0.48495	10.289619628324678	1	838	322
589.0785604379173	610.2964584239461	320.555	335.224	14.668999999999997	0.48495	10.289619628324678	1	838	356
589.0785604379173	610.2964584239461	335.224	349.893	14.668999999999997	0.48495	10.289619628324678	1	838	453
589.0785604379173	610.5656842789556	58.400000000000006	116.53900000000002	58.13900000000001	0.465395	10.0	0	935	282
589.0785604379173	610.5656842789556	116.53900000000002	174.67800000000003	58.13900000000001	0.465395	10.0	0	935	331
589.0785604379173	610.5656842789556	174.67800000000003	232.81700000000004	58.13900000000001	0.465395	10.0	0	935	335
610.5656842789556	624.3807894163136	171.51199999999994	207.19499999999994	35.68300000000001	1.214295	16.77561309276821	15	960	272
610.5656842789556	624.3807894163136	207.19499999999994	242.87799999999993	35.68300000000001	1.214295	16.77561309276821	15	960	288
610.5656842789556	624.3807894163136	242.87799999999993	278.5609999999999	35.68300000000001	1.214295	16.77561309276821	15	960	296
610.5656842789556	624.3807894163136	278.5609999999999	314.2439999999999	35.68300000000001	1.214295	16.77561309276821	15	960	317
610.5656842789556	624.3807894163136	314.2439999999999	349.9269999999999	35.68300000000001	1.214295	16.77561309276821	15	960	340
610.5656842789556	624.6581361834334	0	42.877999999999986	42.877999999999986	1.257171	17.71662185320434	9	870	261
610.5656842789556	624.6581361834334	42.877999999999986	85.75599999999997	42.877999999999986	1.257171	17.71662185320434	9	870	290
610.5656842789556	624.6581361834334	85.75599999999997	128.63399999999996	42.877999999999986	1.257171	17.71662185320434	9	870	300
610.5656842789556	624.6581361834334	128.63399999999996	171.51199999999994	42.877999999999986	1.257171	17.71662185320434	9	870	310
624.6581361834334	629.3411903144253	0	226.692	226.692	3.582195	16.77561309276821	15	1023	354
629.3411903144253	646.2985575327626	204.177	226.159	21.982	0.598015	10.140759957074033	2	344	313
629.3411903144253	646.2985575327626	226.159	248.141	21.982	0.598015	10.140759957074033	2	344	330
629.3411903144253	646.3962388341396	0	68.059	68.059	0.632316	10.78418005979169	5	1023	276
629.3411903144253	646.3962388341396	68.059	136.118	68.059	0.632316	10.78418005979169	5	1023	304
629.3411903144253	646.3962388341396	136.118	204.177	68.059	0.632316	10.78418005979169	5	1023	352
646.3962388341396	646.441516540967	0	274.22	274.22	365.855021	16.565076382184426	22	1023	134
646.441516540967	646.5632712104892	0	222.358	222.358	88.635004	10.791725620119887	6	1023	135
646.5632712104892	646.8148591997091	0	47.929	47.929	62.141115	15.633958170732068	7	30	157
646.8148591997091	647.6464535874153	137.572	288.558	150.986	14.870376	12.366121224680613	3	1016	418
646.8148591997091	647.6466790767269	0	137.572	137.572	16.096272	13.38919899548413	4	1024	215
647.6466790767269	831.3477913391594	263.53599999999994	308.08699999999993	44.55099999999999	0.106622	19.586579991645078	16	710	156
647.6466790767269	831.8332110036889	0	37.647999999999996	37.647999999999996	0.106341	19.586579991645078	16	965	8
647.6466790767269	831.8332110036889	37.647999999999996	75.29599999999999	37.647999999999996	0.106341	19.586579991645078	16	965	123
647.6466790767269	831.8332110036889	75.29599999999999	112.94399999999999	37.647999999999996	0.106341	19.586579991645078	16	965	50
647.6466790767269	831.8332110036889	112.94399999999999	150.59199999999998	37.647999999999996	0.106341	19.586579991645078	16	965	60
647.6466790767269	831.8332110036889	150.59199999999998	188.23999999999998	37.647999999999996	0.106341	19.586579991645078	16	965	89
647.6466790767269	831.8332110036889	188.23999999999998	225.88799999999998	37.647999999999996	0.106341	19.586579991645078	16	965	144
647.6466790767269	831.8332110036889	225.88799999999998	263.53599999999994	37.647999999999996	0.106341	19.586579991645078	16	965	151
647.6466790767269	831.8332110036889	308.08699999999993	345.7349999999999	37.647999999999996	0.106341	19.586579991645078	16	965	206
831.8332110036889	1004.3629063265864	321.8929999999999	344.88199999999995	22.989000000000004	0.083109	14.338770448590681	21	68	416
831.8332110036889	1015.5343232661214	0	44.55099999999999	44.55099999999999	0.106622	19.586579991645078	16	710	222
831.8332110036889	1015.5343232661214	44.55099999999999	89.10199999999998	44.55099999999999	0.106622	19.586579991645078	16	710	244
831.8332110036889	1015.5343232661214	239.69399999999996	284.24499999999995	44.55099999999999	0.106622	19.586579991645078	16	710	333
831.8332110036889	1016.0197429306511	89.10199999999998	126.74999999999997	37.647999999999996	0.106341	19.586579991645078	16	965	400
831.8332110036889	1016.0197429306511	126.74999999999997	164.39799999999997	37.647999999999996	0.106341	19.586579991645078	16	965	209
831.8332110036889	1016.0197429306511	164.39799999999997	202.04599999999996	37.647999999999996	0.106341	19.586579991645078	16	965	267
831.8332110036889	1016.0197429306511	202.04599999999996	239.69399999999996	37.647999999999996	0.106341	19.586579991645078	16	965	315
831.8332110036889	1016.0197429306511	284.24499999999995	321.8929999999999	37.647999999999996	0.106341	19.586579991645078	16	965	380
1016.0197429306511	1107.2767570215283	210.97999999999996	245.59199999999996	34.611999999999995	0.22282	20.333887879729236	17	290	308
1016.0197429306511	1107.2767570215283	245.59199999999996	280.20399999999995	34.611999999999995	0.22282	20.333887879729236	17	290	319
1016.0197429306511	1107.2767570215283	280.20399999999995	314.8159999999999	34.611999999999995	0.22282	20.333887879729236	17	290	382
1016.0197429306511	1107.2767570215283	314.8159999999999	349.4279999999999	34.611999999999995	0.22282	20.333887879729236	17	290	443
1016.0197429306511	1109.4380141443503	0	42.55799999999999	42.55799999999999	0.15349	14.338770448590681	21	142	274
1016.0197429306511	1109.4380141443503	42.55799999999999	85.11599999999999	42.55799999999999	0.15349	14.338770448590681	21	142	277
1016.0197429306511	1109.4380141443503	85.11599999999999	127.67399999999998	42.55799999999999	0.15349	14.338770448590681	21	142	294
1016.0197429306511	1109.4380141443503	127.67399999999998	170.23199999999997	42.55799999999999	0.15349	14.338770448590681	21	142	349
1016.0197429306511	1110.8760930202277	170.23199999999997	210.97999999999996	40.74799999999999	0.151163	14.338770448590681	21	170	360
1110.8760930202277	1137.951337795597	0	242.51999999999998	242.51999999999998	0.751014	20.333887879729236	17	991	406
1137.951337795597	1138.7831576726148	0	137.572	137.572	16.096272	13.38919899548413	4	1024	337
1138.7831576726148	1139.6147290279832	137.572	229.572	92.0	22.388729	18.617825719508023	12	158	389
1138.7831576726148	1139.6149775496326	0	137.572	137.572	16.096272	13.38919899548413	4	1024	403
1139.6149775496326	1139.6153821117919	0	219.63299999999998	219.63299999999998	26252.175633	10.620636859348437	14	511	379
1139.6153821117919	1139.6606598186193	0	274.22	274.22	365.855021	16.565076382184426	22	1023	148
1139.6606598186193	1140.4922542063255	180.983	331.969	150.986	14.870376	12.366121224680613	3	1016	15
1139.6606598186193	1140.5179802344708	0	180.983	180.983	19.170974	16.435667401959268	8	1020	372
1140.5179802344708	1140.5632579412982	0	274.22	274.22	365.855021	16.565076382184426	22	1023	441
1140.5632579412982	1141.6774520347708	93.72	182.532	88.81200000000001	19.617144	21.857305975600276	19	257	195
1140.5632579412982	1141.6774520347708	182.532	271.34400000000005	88.81200000000001	19.617144	21.857305975600276	19	257	173
1140.5632579412982	1141.7218120935004	0	93.72	93.72	16.441417	19.048271933438038	11	222	223
1140.5632579412982	1141.7502200969686	271.34400000000005	349.18000000000006	77.83600000000001	11.280224	13.38919899548413	4	1011	164
1141.7502200969686	1176.6036266689268	241.87699999999998	277.873	35.995999999999995	0.286916	10.0	0	288	22
1141.7502200969686	1176.6036266689268	277.873	313.86899999999997	35.995999999999995	0.286916	10.0	0	288	417
1141.7502200969686	1176.6036266689268	313.86899999999997	349.86499999999995	35.995999999999995	0.286916	10.0	0	288	431
1141.7502200969686	1178.4809460607164	114.60499999999999	226.91899999999998	112.314	0.391039	14.363146350138003	10	967	10
1141.7502200969686	1178.6308118037334	226.91899999999998	241.87699999999998	14.957999999999998	0.292408	10.78418005979169	5	142	362
1141.7502200969686	1179.4110776663708	0	114.60499999999999	114.60499999999999	0.539921	20.333887879729236	17	885	9
1179.4110776663708	1179.41148222853	0	219.63299999999998	219.63299999999998	26252.175633	10.620636859348437	14	511	383
1179.41148222853	1179.5647986323754	0	128.436	128.436	89.833664	13.772974308732945	24	958	381
1179.5647986323754	1517.8127903088428	0	41.55199999999999	41.55199999999999	0.085667	28.97669070294793	20	200	35
1179.5647986323754	1517.8127903088428	41.55199999999999	83.10399999999998	41.55199999999999	0.085667	28.97669070294793	20	200	44
1179.5647986323754	1517.8127903088428	83.10399999999998	124.65599999999998	41.55199999999999	0.085667	28.97669070294793	20	200	75
1179.5647986323754	1517.8127903088428	271.53999999999996	313.092	41.55199999999999	0.085667	28.97669070294793	20	200	130
1179.5647986323754	1543.4198766472418	124.65599999999998	161.37699999999998	36.721000000000004	0.079638	28.97669070294793	20	228	105
1179.5647986323754	1543.4198766472418	161.37699999999998	198.09799999999998	36.721000000000004	0.079638	28.97669070294793	20	228	115
1179.5647986323754	1543.4198766472418	198.09799999999998	234.819	36.721000000000004	0.079638	28.97669070294793	20	228	155
1179.5647986323754	1543.4198766472418	234.819	271.53999999999996	36.721000000000004	0.079638	28.97669070294793	20	228	5
1179.5647986323754	1543.4198766472418	313.092	349.813	36.721000000000004	0.079638	28.97669070294793	20	228	426
1543.4198766472418	1776.9465180174693	260.86199999999997	289.32099999999997	28.459000000000003	0.083873	19.586579991645078	16	864	386
1543.4198766472418	1776.9465180174693	289.32099999999997	317.78	28.459000000000003	0.083873	19.586579991645078	16	864	228
1543.4198766472418	1776.9465180174693	317.78	346.239	28.459000000000003	0.083873	19.586579991645078	16	864	459
1543.4198766472418	1777.0896751501323	171.094	260.86199999999997	89.768	0.124007	28.97669070294793	20	250	434
1543.4198766472418	1777.601446303186	0	85.547	85.547	0.123736	28.97669070294793	20	248	284
1543.4198766472418	1777.601446303186	85.547	171.094	85.547	0.123736	28.97669070294793	20	248	448
1777.601446303186	1789.6204239098277	0	52.5	52.5	0.843729	10.140759957074033	2	831	353
1789.6204239098277	2199.7925235501943	0	40.12100000000001	40.12100000000001	0.030947	12.693595967570435	18	954	32
1789.6204239098277	2199.7925235501943	40.12100000000001	80.24200000000002	40.12100000000001	0.030947	12.693595967570435	18	954	64
1789.6204239098277	2199.7925235501943	307.702	347.823	40.12100000000001	0.030947	12.693595967570435	18	954	254
1789.6204239098277	2206.6927408991633	80.24200000000002	118.15200000000002	37.91	0.030435	12.693595967570435	18	1016	97
1789.6204239098277	2206.6927408991633	118.15200000000002	156.062	37.91	0.030435	12.693595967570435	18	1016	112
1789.6204239098277	2206.6927408991633	156.062	193.972	37.91	0.030435	12.693595967570435	18	1016	118
1789.6204239098277	2206.6927408991633	193.972	231.882	37.91	0.030435	12.693595967570435	18	1016	150
1789.6204239098277	2206.6927408991633	231.882	269.79200000000003	37.91	0.030435	12.693595967570435	18	1016	245
1789.6204239098277	2206.6927408991633	269.79200000000003	307.702	37.91	0.030435	12.693595967570435	18	1016	248
2206.6927408991633	2616.8648405395306	0	40.12100000000001	40.12100000000001	0.030947	12.693595967570435	18	954	172
2206.6927408991633	2616.8648405395306	40.12100000000001	80.24200000000002	40.12100000000001	0.030947	12.693595967570435	18	954	435
2206.6927408991633	2616.8648405395306	307.702	347.823	40.12100000000001	0.030947	12.693595967570435	18	954	414
2206.6927408991633	2623.765057888499	80.24200000000002	118.15200000000002	37.91	0.030435	12.693595967570435	18	1016	262
2206.6927408991633	2623.765057888499	118.15200000000002	156.062	37.91	0.030435	12.693595967570435	18	1016	289
2206.6927408991633	2623.765057888499	156.062	193.972	37.91	0.030435	12.693595967570435	18	1016	324
2206.6927408991633	2623.765057888499	193.972	231.882	37.91	0.030435	12.693595967570435	18	1016	342
2206.6927408991633	2623.765057888499	231.882	269.79200000000003	37.91	0.030435	12.693595967570435	18	1016	429
2206.6927408991633	2623.765057888499	269.79200000000003	307.702	37.91	0.030435	12.693595967570435	18	1016	410
2623.765057888499	2933.2592785831507	0	78.80000000000001	78.80000000000001	0.041014	12.693595967570435	18	1022	124
2933.2592785831507	2934.3603709134954	110.46000000000001	200.46800000000002	90.00800000000001	19.850566	21.857305975600276	19	259	452
2933.2592785831507	2934.3699240645205	0	110.46000000000001	110.46000000000001	17.150632	19.048271933438038	11	255	249
2934.3699240645205	2946.0133401089506	191.733	245.619	53.885999999999996	1.5216	17.71662185320434	9	940	437
2934.3699240645205	2946.3401925688936	245.619	288.442	42.82300000000001	1.40144	16.77561309276821	15	996	255
2934.3699240645205	2946.5067448728573	0	191.733	191.733	0.823939	10.0	0	1023	456
2946.5067448728573	2963.5617933925714	0	68.059	68.059	0.632316	10.78418005979169	5	1023	376
2963.5617933925714	2964.359919271872	0	100.025	100.025	23.326929	18.617825719508023	12	254	395
2964.359919271872	2981.4149677915866	0	68.059	68.059	0.632316	10.78418005979169	5	1023	454
2981.4149677915866	3165.5143515342747	0	173.993	173.993	0.157397	28.97669070294793	20	1019	359
2981.4149677915866	3165.5143515342747	173.993	347.986	173.993	0.157397	28.97669070294793	20	1019	442
