0.0	0.32533070182664436	208.681	230.537	21.855999999999995	48.055588	15.633958170732068	7	28	24
0.0	1.0302293902370903	0	43.08500000000001	43.08500000000001	20.541936	21.162906199569335	25	867	0
0.0	1.0302293902370903	43.08500000000001	86.17000000000002	43.08500000000001	20.541936	21.162906199569335	25	867	1
1.0302293902370903	1.0309825264300605	0	45.257000000000005	45.257000000000005	14101.880853	10.620636859348437	14	209	174
0.0	1.0906831261989263	167.501	208.681	41.18000000000001	17.069876	18.617825719508023	12	122	16
1.03022939023709	1.315733765113439	45.257000000000005	88.80700000000002	43.55000000000001	37.79881	10.791725620119887	6	996	185
1.0906831261989263	1.3932423064546515	167.501	207.18	39.679	35.668148	10.791725620119887	6	995	211
0.0	1.5885772577675468	268.185	309.885	41.69999999999999	13.759045	21.857305975600276	19	100	125
1.0309825264300607	1.771836280950319	0	43.760999999999996	43.760999999999996	19.585394	14.50991267865854	23	482	207
0.0	1.8995108146604383	86.17000000000002	129.853	43.68299999999999	6.510161	12.366121224680613	3	960	4
1.8995108146604383	2.0223364559076833	89.71099999999998	130.087	40.376000000000005	134.866598	16.565076382184426	22	992	25
1.3157337651134393	2.9395559340136	43.760999999999996	89.71099999999998	45.94999999999999	11.730516	19.048271933438038	11	242	231
2.9395559340136	3.915735857440557	43.21000000000001	89.88500000000002	46.67500000000001	21.679309	21.162906199569335	25	514	27
3.9157358574405565	4.167440591167455	43.21000000000001	89.18100000000001	45.971000000000004	62.112293	15.633958170732068	7	31	28
4.167440591167455	6.1289871749579286	43.21000000000001	90.10400000000001	46.894000000000005	8.378933	16.435667401959268	8	866	29
1.3932423064546509	13.433602557433101	167.501	207.305	39.804	0.854594	10.289619628324678	1	893	237
13.433602557433101	26.12269269594699	167.501	214.976	47.474999999999994	1.396209	17.71662185320434	9	968	31
1.7718362809503176	27.37078774789823	0	43.21000000000001	43.21000000000001	0.390641	10.0	0	610	421
2.022336455907684	27.621287922855597	89.71099999999998	132.921	43.21000000000001	0.390641	10.0	0	610	26
27.621287922855597	27.84905614973449	79.80000000000001	123.071	43.27099999999999	60.469252	13.772974308732945	24	632	34
6.128987174957928	28.304695596798684	43.21000000000001	79.80000000000001	36.59	0.486306	10.78418005979169	5	1021	30
28.304695596798684	28.630026298625328	49.09700000000001	70.953	21.855999999999995	48.055588	15.633958170732068	7	28	36
28.630026298625328	28.749113157219455	49.09700000000001	86.99700000000001	37.900000000000006	136.68352	16.277211018387277	13	930	37
27.37078774789823	29.218749810385177	0	49.09700000000001	49.09700000000001	8.893942	16.435667401959268	8	963	33
29.218749810385177	30.25695838025917	0	44.02000000000001	44.02000000000001	17.932645	18.617825719508023	12	153	39
28.74911315721945	50.92482157906021	49.09700000000001	85.68700000000001	36.59	0.486306	10.78418005979169	5	1021	38
50.92482157906021	52.70934261030134	49.881	87.114	37.233000000000004	10.674165	19.048271933438038	11	208	41
52.70934261030134	53.03658929826566	49.881	85.967	36.086	32.977341	10.791725620119887	6	993	42
53.03658929826567	68.72025454217793	49.881	75.144	25.263000000000005	0.646581	10.140759957074033	2	988	43
0.32533070182664403	72.1319192888617	208.681	267.794	59.113	0.199686	14.338770448590681	21	999	133
1.5885772577675539	77.00289797152325	268.185	310.536	42.351	0.269629	20.333887879729236	17	448	260
77.00289797152325	77.10099221331156	268.185	311.647	43.46199999999999	165.934419	16.277211018387277	13	992	46
77.10099221331156	77.38649658818791	268.185	311.735	43.55000000000001	37.79881	10.791725620119887	6	996	47
77.38649658818791	78.416725978425	268.185	311.27	43.08500000000001	20.541936	21.162906199569335	25	867	48
78.416725978425	90.23987997247397	268.185	311.036	42.851	1.418878	16.77561309276821	15	964	49
30.256958380259164	113.66797288589123	0	49.881	49.881	0.171905	14.338770448590681	21	206	40
113.66797288589123	115.29069446917264	0	54.952	54.952	10.128458	16.435667401959268	8	995	51
115.29069446917264	115.50113022124737	0	55.089	55.089	65.449783	13.772974308732945	24	700	52
115.50113022124737	116.84846062643267	0	55.673	55.673	16.222677	21.857305975600276	19	110	53
72.1319192888617	133.5118373677749	211.655	270.41700000000003	58.762	0.234004	14.363146350138003	10	356	45
133.5118373677749	135.1040021840173	211.655	271.668	60.013000000000005	7.76686	12.366121224680613	3	806	55
135.1040021840173	146.35048737017155	211.655	271.041	59.385999999999996	1.575303	17.71662185320434	9	910	56
146.35048737017155	147.69522349289454	211.655	270.16499999999996	58.50999999999999	16.253974	21.857305975600276	19	140	57
116.84846062643267	175.8058932057961	0	54.54400000000001	54.54400000000001	0.344891	20.333887879729236	17	964	54
175.8058932057961	176.05213422397384	0	52.93199999999999	52.93199999999999	43.825865	10.791725620119887	6	999	59
0.0	184.1865319269621	129.853	167.501	37.647999999999996	0.106341	19.586579991645078	16	965	8
0.0	184.1865319269621	230.537	268.185	37.647999999999996	0.106341	19.586579991645078	16	965	123
184.1865319269621	184.5137786149264	121.352	157.438	36.086	32.977341	10.791725620119887	6	993	61
184.5137786149264	184.8410253028907	121.352	157.438	36.086	32.977341	10.791725620119887	6	993	63
184.1865319269621	196.23584533466044	270.76800000000003	308.66400000000004	37.896	0.853959	10.289619628324678	1	892	62
196.23584533466044	197.2820692888592	270.76800000000003	313.06000000000006	42.292	20.227893	21.162906199569335	25	898	65
197.2820692888592	219.45777771069996	270.76800000000003	307.35800000000006	36.59	0.486306	10.78418005979169	5	1021	66
147.69522349289457	219.5018120799296	211.655	270.76800000000003	59.113	0.199686	14.338770448590681	21	999	58
219.45777771069996	221.14561342233281	270.76800000000003	313.284	42.51599999999999	7.932762	13.38919899548413	4	998	67
221.14561342233281	243.32132184417358	270.41700000000003	307.00700000000006	36.59	0.486306	10.78418005979169	5	1021	69
243.32132184417358	265.49703026601435	270.41700000000003	307.00700000000006	36.59	0.486306	10.78418005979169	5	1021	70
90.23987997247397	274.42641189943606	268.185	305.83299999999997	37.647999999999996	0.106341	19.586579991645078	16	965	50
274.42641189943606	274.75365858740037	313.26800000000003	349.35400000000004	36.086	32.977341	10.791725620119887	6	993	72
265.49703026601435	277.32018426006334	270.41700000000003	313.26800000000003	42.851	1.418878	16.77561309276821	15	964	71
277.32018426006334	278.9087615178309	270.41700000000003	312.117	41.69999999999999	13.759045	21.857305975600276	19	100	74
219.5018120799296	280.8817301588428	211.655	270.41700000000003	58.762	0.234004	14.363146350138003	10	356	68
280.8817301588428	281.6972271205538	211.655	269.23699999999997	57.581999999999994	25.950932	21.162906199569335	25	550	76
274.75365858740037	287.8436018152259	313.26800000000003	350.57300000000004	37.30500000000001	1.281565	16.77561309276821	15	930	73
287.8436018152259	290.12953625149066	311.96900000000005	349.5060000000001	37.537000000000006	5.409657	12.366121224680613	3	704	78
290.12953625149066	291.36606072760696	311.96900000000005	349.62200000000007	37.653000000000006	17.11483	21.162906199569335	25	385	79
291.36606072760696	291.4892487186673	311.96900000000005	349.37700000000007	37.408	132.133099	16.277211018387277	13	899	80
291.4892487186673	293.39018486470087	311.96900000000005	348.653	36.684	11.49818	21.857305975600276	19	68	81
281.6972271205538	302.0144604009946	211.655	271.76800000000003	60.113	0.492193	10.0	0	808	77
302.0144604009946	302.01510983288944	211.655	269.188	57.53299999999999	16353.734616	10.620636859348437	14	244	83
302.01510983288944	302.83060679460044	211.655	269.23699999999997	57.581999999999994	25.950932	21.162906199569335	25	550	84
293.39018486470087	305.79034975843354	311.96900000000005	349.60200000000003	37.632999999999996	0.829797	10.289619628324678	1	956	82
305.79034975843354	307.6912859044671	311.96900000000005	348.653	36.684	11.49818	21.857305975600276	19	68	86
302.83060679460044	323.14784007504124	211.655	271.76800000000003	60.113	0.492193	10.0	0	808	85
323.14784007504124	323.2214599443526	211.655	271.624	59.968999999999994	221.09807	16.277211018387277	13	998	88
176.05213422397384	328.78353260863	0	55.474999999999994	55.474999999999994	0.128242	19.586579991645078	16	907	60
328.78353260863	350.46262139317025	0	55.21199999999999	55.21199999999999	0.461274	10.0	0	614	90
350.46262139317025	362.48159899981175	0	52.5	52.5	0.843729	10.140759957074033	2	831	91
362.48159899981175	362.4822630219181	0	54.96700000000001	54.96700000000001	15994.402533	10.620636859348437	14	245	92
27.84905614973451	366.0970478262019	79.80000000000001	121.352	41.55199999999999	0.085667	28.97669070294793	20	200	35
362.4822630219181	374.5226232728965	0	39.804	39.804	0.854594	10.289619628324678	1	893	93
374.5226232728965	375.4816604786913	0	53.24000000000001	53.24000000000001	19.413038	18.617825719508023	12	186	95
375.4816604786913	376.3418531711454	0	56.62700000000001	56.62700000000001	24.602518	21.162906199569335	25	838	96
366.0970478262019	378.13740807718034	86.602	126.406	39.804	0.854594	10.289619628324678	1	893	94
378.13740807718034	379.64199825022354	86.602	137.747	51.14500000000001	8.898901	13.38919899548413	4	1002	98
379.64199825022354	380.3335549441136	86.602	134.34	47.738	20.981523	14.50991267865854	23	484	99
380.3335549441136	392.3525325507551	86.602	139.102	52.5	0.843729	10.140759957074033	2	831	100
307.6912859044671	409.1897301959922	311.96900000000005	348.71600000000007	36.747	0.141511	14.363146350138003	10	194	87
409.1897301959922	411.1050273688336	311.96900000000005	346.2660000000001	34.297	6.990664	13.38919899548413	4	996	102
411.1050273688336	411.2543742529219	311.96900000000005	350.40600000000006	38.43700000000001	110.916786	16.565076382184426	22	641	103
411.2543742529219	411.57970495474854	311.96900000000005	333.82500000000005	21.855999999999995	48.055588	15.633958170732068	7	28	104
26.122692695946967	420.6277886547496	167.501	211.655	44.153999999999996	0.032176	12.693595967570435	18	1021	32
420.6277886547496	421.6108743403895	154.125	199.702	45.577	21.527021	21.162906199569335	25	868	106
421.6108743403895	421.7015188128323	154.125	200.014	45.88900000000001	179.57202	16.277211018387277	13	994	108
421.7015188128323	422.6846044984722	154.125	199.702	45.577	21.527021	21.162906199569335	25	868	109
422.6846044984722	423.72281306834617	154.125	198.145	44.02000000000001	17.932645	18.617825719508023	12	153	110
68.72025454217794	432.57533255704436	49.881	86.602	36.721000000000004	0.079638	28.97669070294793	20	228	44
432.57533255704436	433.75650966069134	44.153999999999996	79.854	35.7	15.762095	18.617825719508023	12	149	113
433.75650966069134	436.4353764363598	44.153999999999996	82.595	38.441	6.135306	16.435667401959268	8	355	114
323.22145994435255	459.2176549385207	211.655	272.40200000000004	60.747000000000014	0.144023	19.586579991645078	16	973	89
459.2176549385207	460.587525588234	198.279	259.193	60.91399999999999	13.905161	19.048271933438038	11	248	116
460.587525588234	461.95739623794725	198.279	259.193	60.91399999999999	13.905161	19.048271933438038	11	248	117
392.3525325507551	474.2630884283168	86.602	137.632	51.03	0.175054	14.338770448590681	21	995	101
474.2630884283168	475.1809715209969	80.875	144.375	63.5	20.283439	18.617825719508023	12	221	119
475.1809715209969	476.53121117086397	80.875	150.206	69.33099999999999	9.158464	12.366121224680613	3	968	120
476.531211170864	531.3469407173136	80.875	149.821	68.946	0.262026	14.363146350138003	10	358	121
531.3469407173136	532.6659324545825	80.875	149.775	68.9	14.44154	19.048271933438038	11	251	122
532.6659324545825	533.5838155472626	80.875	144.375	63.5	20.283439	18.617825719508023	12	221	131
533.5838155472626	534.8348822875355	80.875	150.321	69.446	10.702226	13.38919899548413	4	912	132
534.8348822875355	536.0859490278084	80.875	150.321	69.446	10.702226	13.38919899548413	4	912	136
536.0859490278084	537.3642819636711	80.875	149.054	68.179	17.098289	21.857305975600276	19	118	137
537.3642819636711	537.615869952891	80.875	128.804	47.929	62.141115	15.633958170732068	7	30	138
537.615869952891	600.7666805396656	80.875	149.183	68.30799999999999	0.227056	14.338770448590681	21	1007	139
600.7666805396656	602.0856722769345	80.875	149.775	68.9	14.44154	19.048271933438038	11	251	140
602.0856722769345	602.0862503998113	80.875	150.615	69.74000000000001	18370.898792	10.620636859348437	14	248	142
602.0862503998113	602.6347958356442	80.875	150.25	69.375	26.451615	14.50991267865854	23	490	143
278.9087615178309	617.1567531942983	270.41700000000003	311.96900000000005	41.55199999999999	0.085667	28.97669070294793	20	200	75
617.1567531942983	632.8404184382106	242.433	267.696	25.263000000000005	0.646581	10.140759957074033	2	988	145
632.8404184382106	633.1241014955116	242.433	286.224	43.791	38.041488	10.791725620119887	6	997	146
633.1241014955116	633.4077845528126	242.433	286.224	43.791	38.041488	10.791725620119887	6	997	147
184.84102530289073	638.962231927477	121.352	154.125	32.772999999999996	0.027952	12.693595967570435	18	918	64
602.6347958356442	733.0893684816575	80.875	147.063	66.18799999999999	0.150141	19.586579991645078	16	975	144
733.0893684816575	752.6531356023992	80.875	144.375	63.5	0.511149	10.0	0	586	154
376.3418531711454	770.846949129948	0	44.153999999999996	44.153999999999996	0.032176	12.693595967570435	18	1021	97
411.57970495474854	775.434782969615	311.96900000000005	348.69000000000005	36.721000000000004	0.079638	28.97669070294793	20	228	105
436.4353764363598	800.2904544512262	44.153999999999996	80.875	36.721000000000004	0.079638	28.97669070294793	20	228	115
800.2904544512262	802.8183386301871	45.56100000000001	81.47600000000001	35.915000000000006	4.891886	12.366121224680613	3	577	159
423.72281306834617	818.2279090271488	154.125	198.279	44.153999999999996	0.032176	12.693595967570435	18	1021	112
818.2279090271488	818.4796137608757	180.565	226.536	45.971000000000004	62.112293	15.633958170732068	7	31	162
638.962231927477	838.3309400455626	147.063	180.565	33.501999999999995	0.098243	19.586579991645078	16	963	151
838.3309400455626	840.3530279241216	145.687	180.05700000000002	34.370000000000005	10.809276	21.857305975600276	19	66	165
840.3530279241216	842.9559927879516	145.687	180.073	34.385999999999996	4.750783	12.366121224680613	3	545	166
818.4796137608757	843.4496497177275	180.565	225.681	45.116000000000014	0.40048	10.0	0	452	163
843.4496497177275	855.490009968706	170.95000000000002	210.75400000000002	39.804	0.854594	10.289619628324678	1	893	168
855.490009968706	855.7362509868838	170.95000000000002	223.882	52.93199999999999	43.825865	10.791725620119887	6	999	169
461.9573962379473	856.46249219675	198.279	242.433	44.153999999999996	0.032176	12.693595967570435	18	1021	118
856.46249219675	858.3371780049567	224.573	268.432	43.85900000000001	6.59637	12.366121224680613	3	992	171
842.9559927879516	858.6396580318639	145.687	170.95000000000002	25.263000000000005	0.646581	10.140759957074033	2	988	167
855.7362509868838	865.8621046166165	170.95000000000002	224.573	53.62299999999999	1.656711	16.77561309276821	15	998	170
858.3371780049567	872.0726757273168	224.573	269.26099999999997	44.68799999999999	1.289842	17.71662185320434	9	934	180
775.434782969615	876.93322726114	286.587	323.334	36.747	0.141511	14.363146350138003	10	194	158
876.93322726114	888.9825406688384	286.587	324.483	37.896	0.853959	10.289619628324678	1	892	192
865.8621046166165	889.2782922271117	171.08100000000002	224.25900000000001	53.178	0.427055	10.0	0	422	183
888.9825406688384	891.6614074445068	286.587	325.028	38.441	6.135306	16.435667401959268	8	355	193
802.8183386301871	894.0753527210642	45.56100000000001	80.173	34.611999999999995	0.22282	20.333887879729236	17	290	160
894.0753527210642	894.2082422976697	45.56100000000001	79.84	34.278999999999996	122.48674	16.277211018387277	13	865	200
891.6614074445068	906.9715636371892	286.587	325.009	38.422	1.157181	17.71662185320434	9	964	199
906.9715636371892	907.2440045488968	286.587	322.043	35.456	50.553987	13.772974308732945	24	626	203
907.2440045488968	907.2448235436176	286.587	323.837	37.25	12967.894162	10.620636859348437	14	207	204
907.2448235436176	920.3347667714431	286.587	323.892	37.30500000000001	1.281565	16.77561309276821	15	930	205
770.846949129948	932.6245836720356	0	45.56100000000001	45.56100000000001	0.121071	19.586579991645078	16	966	156
889.2782922271117	949.8012195114801	171.08100000000002	224.69000000000003	53.60900000000001	0.33597	20.333887879729236	17	804	194
872.0726757273168	962.4844848032634	224.25900000000001	267.646	43.387	0.158594	14.338770448590681	21	172	191
962.4844848032634	964.4543326022302	222.412	267.547	45.13499999999999	8.343623	16.435667401959268	8	960	224
894.2082422976696	1011.2520373214481	45.56100000000001	79.962	34.400999999999996	0.122716	14.363146350138003	10	162	202
752.6531356023993	1017.396499843783	80.875	145.687	64.81200000000001	0.109452	28.97669070294793	20	240	155
1017.396499843783	1017.9754374513159	79.68199999999999	142.593	62.911	25.062999	14.50991267865854	23	488	229
1017.9754374513159	1018.1958692316159	79.68199999999999	144.928	65.24600000000001	48.957213	10.791725620119887	6	1003	230
1018.1958692316159	1018.4063049836907	79.68199999999999	134.771	55.089	65.449783	13.772974308732945	24	700	235
932.6245836720356	1019.398953678394	0	46.389999999999986	46.389999999999986	0.165242	14.338770448590681	21	204	210
858.6396580318639	1021.2713863530025	145.687	171.08100000000002	25.394000000000005	0.088317	14.363146350138003	10	96	181
1011.2520373214481	1023.839667258758	46.389999999999986	79.68199999999999	33.292	0.817439	10.289619628324678	1	1016	226
633.4077845528125	1027.9128805116152	242.433	286.587	44.153999999999996	0.032176	12.693595967570435	18	1021	150
1018.4063049836907	1035.6015662563989	79.68199999999999	145.285	65.60300000000001	0.62716	10.78418005979169	5	638	236
1035.6015662563989	1035.8120020084737	78.334	133.423	55.089	65.449783	13.772974308732945	24	700	251
1035.8120020084737	1037.2201051864538	78.334	143.026	64.69200000000001	8.782113	12.366121224680613	3	998	252
964.4543326022302	1041.5776940905462	222.412	268.115	45.703	0.186236	14.363146350138003	10	320	225
1027.9128805116152	1098.4224003539414	268.115	312.327	44.21199999999999	0.288385	20.333887879729236	17	864	250
1098.4224003539414	1099.1632541084616	289.298	333.05899999999997	43.760999999999996	19.585394	14.50991267865854	23	482	257
949.8012195114802	1102.5481019767967	171.08100000000002	222.412	51.33099999999999	0.128229	19.586579991645078	16	969	222
920.3347667714431	1104.5212986984052	286.587	324.235	37.647999999999996	0.106341	19.586579991645078	16	965	206
1041.5776940905462	1106.4056206333512	222.412	289.298	66.886	0.221182	14.338770448590681	21	1005	256
1106.4056206333512	1106.4062277469309	222.805	290.08799999999997	67.28299999999999	17493.657226	10.620636859348437	14	218	364
1106.4062277469309	1106.4068348605106	222.805	290.08799999999997	67.28299999999999	17493.657226	10.620636859348437	14	218	365
1106.4068348605106	1106.4074419740903	222.805	290.08799999999997	67.28299999999999	17493.657226	10.620636859348437	14	218	369
1104.5212986984052	1107.20637300373	334.272	371.717	37.44499999999999	6.121122	16.435667401959268	8	354	363
1107.20637300373	1108.297056129929	334.272	375.452	41.18000000000001	17.069876	18.617825719508023	12	122	373
1108.297056129929	1109.9699215019016	334.272	375.027	40.754999999999995	13.065789	21.857305975600276	19	98	374
1099.1632541084616	1110.7558996938244	289.298	334.272	44.97399999999999	1.447091	16.77561309276821	15	997	259
1110.7558996938244	1112.6305855020312	286.305	330.164	43.85900000000001	6.59637	12.366121224680613	3	992	377
1106.4074419740903	1125.971209094832	222.805	286.305	63.5	0.511149	10.0	0	586	371
1112.6305855020312	1126.3660832243913	286.305	330.993	44.68799999999999	1.289842	17.71662185320434	9	934	378
1125.971209094832	1126.7520455066674	222.805	285.08500000000004	62.28	27.102868	21.162906199569335	25	486	384
1126.7520455066674	1128.2136166701819	222.805	285.11199999999997	62.30699999999999	8.460841	12.366121224680613	3	935	390
1109.9699215019016	1137.4212571466373	334.272	375.78999999999996	41.518	0.364281	10.0	0	513	375
1128.2136166701819	1137.6810302575927	222.805	285.087	62.28200000000001	1.771932	16.77561309276821	15	970	393
1102.5481019767967	1164.9547259412973	171.913	222.805	50.891999999999996	0.325829	20.333887879729236	17	676	358
1019.398953678394	1181.1765882204816	0	45.56100000000001	45.56100000000001	0.121071	19.586579991645078	16	966	244
1181.1765882204816	1182.968209758946	0	45.46100000000001	45.46100000000001	6.902195	12.366121224680613	3	931	401
1182.968209758946	1183.0849732861368	0	45.44	45.44	141.868585	16.565076382184426	22	963	407
1183.0849732861368	1184.7146739281807	0	45.5	45.5	11.688203	19.048271933438038	11	154	408
1184.7146739281807	1185.455527682701	0	43.760999999999996	43.760999999999996	19.585394	14.50991267865854	23	482	411
1185.455527682701	1186.493736252575	0	44.02000000000001	44.02000000000001	17.932645	18.617825719508023	12	153	415
1137.6810302575927	1196.914652202793	222.805	285.376	62.571	0.242483	14.363146350138003	10	326	399
1186.493736252575	1198.0863818379378	0	44.97399999999999	44.97399999999999	1.447091	16.77561309276821	15	997	420
1196.914652202793	1198.2523801381424	223.244	286.25800000000004	63.01400000000001	14.239272	19.048271933438038	11	221	430
1198.2523801381424	1199.6124959464357	223.244	285.182	61.93799999999999	9.844161	13.38919899548413	4	1007	436
1198.0863818379378	1199.671005783426	0	44.75	44.75	13.793371	21.857305975600276	19	74	433
1199.671005783426	1200.6662466926864	0	44.131	44.131	21.264104	21.162906199569335	25	642	440
1199.6124959464357	1201.0390161370103	223.244	286.96500000000003	63.721000000000004	8.668732	12.366121224680613	3	967	439
1201.0390161370103	1202.2413081136306	223.244	304.502	81.25800000000001	10.285456	12.366121224680613	3	972	450
1202.2413081136306	1203.4436000902508	223.244	304.502	81.25800000000001	10.285456	12.366121224680613	3	972	451
1203.4436000902508	1204.7256711310263	223.244	302.46500000000003	79.221	12.819623	16.435667401959268	8	1001	455
1126.3660832243913	1215.4035420773034	285.08500000000004	330.961	45.876000000000005	0.161042	14.338770448590681	21	234	385
1215.4035420773034	1215.6552468110303	304.975	350.946	45.971000000000004	62.112293	15.633958170732068	7	31	458
1200.6662466926864	1216.3499119365986	0	25.263000000000005	25.263000000000005	0.646581	10.140759957074033	2	988	445
1215.6552468110303	1217.2790689799306	304.975	350.925	45.94999999999999	11.730516	19.048271933438038	11	242	2
1204.7256711310263	1222.2824057188468	223.244	304.975	81.731	0.569582	10.0	0	911	457
1222.2824057188468	1222.5339937080666	223.244	271.173	47.929	62.141115	15.633958170732068	7	30	12
1137.4212571466373	1232.277607236214	330.961	371.709	40.74799999999999	0.151163	14.338770448590681	21	170	396
1232.277607236214	1232.2783759998238	349.129	390.379	41.25	13815.218	10.620636859348437	14	239	13
1216.3499119365986	1241.3073998403395	0	26.227000000000004	26.227000000000004	0.709872	17.71662185320434	9	352	107
1241.3073998403395	1241.6418053867847	0	26.022000000000006	26.022000000000006	41.186441	13.772974308732945	24	464	3
1241.6418053867847	1245.6508118575678	0	25.697999999999993	25.697999999999993	3.084585	12.366121224680613	3	320	227
1232.2783759998238	1259.3767376328794	349.129	390.986	41.857	0.369026	10.0	0	576	184
1222.5339937080666	1267.344895858555	223.244	305.698	82.45400000000001	0.453771	20.333887879729236	17	718	14
1267.344895858555	1276.5414896945224	223.244	301.084	77.84	1.926433	17.71662185320434	9	981	460
1276.5414896945224	1284.4679223739358	223.244	301.61400000000003	78.37	2.116414	16.77561309276821	15	1007	368
1164.9547259412973	1317.7016084066138	171.913	223.244	51.33099999999999	0.128229	19.586579991645078	16	969	400
1284.4679223739358	1329.2788245244242	223.244	305.698	82.45400000000001	0.453771	20.333887879729236	17	718	432
1329.2788245244242	1329.3405198507387	223.101	301.401	78.30000000000001	263.832157	16.277211018387277	13	1004	198
1317.7016084066138	1329.7278981794288	171.913	223.101	51.18799999999999	0.843216	10.140759957074033	2	958	152
1259.3767376328794	1335.6593302188985	349.129	390.857	41.72800000000001	0.26656	20.333887879729236	17	386	7
1329.7278981794288	1341.754187952244	171.913	223.101	51.18799999999999	0.843216	10.140759957074033	2	958	175
1341.754187952244	1342.037871009545	171.913	215.704	43.791	38.041488	10.791725620119887	6	997	177
1342.037871009545	1342.261978008425	171.913	222.092	50.179	61.457136	13.772974308732945	24	697	178
1342.261978008425	1343.2771621116158	171.913	223.133	51.22	18.339359	18.617825719508023	12	185	179
1343.2771621116158	1354.5261860088112	171.913	222.019	50.105999999999995	1.491295	16.77561309276821	15	870	161
1335.6593302188985	1362.530143410318	349.129	391.5	42.37100000000001	0.372151	10.0	0	481	176
1362.530143410318	1362.6407991554197	349.129	391.377	42.24799999999999	147.097749	16.277211018387277	13	965	18
1329.3405198507387	1378.207391389429	223.101	305.477	82.376	0.293924	14.363146350138003	10	421	392
1245.6508118575678	1382.925667042107	0	26.257999999999996	26.257999999999996	0.104453	14.338770448590681	21	130	197
1382.925667042107	1384.532215765316	0	54.287000000000006	54.287000000000006	7.697321	12.366121224680613	3	997	21
1384.532215765316	1384.6355739207704	0	51.536	51.536	160.268692	16.565076382184426	22	997	153
1384.6355739207704	1386.2582955040518	0	54.952	54.952	10.128458	16.435667401959268	8	995	201
1386.2582955040518	1386.5098834932717	0	47.929	47.929	62.141115	15.633958170732068	7	30	367
1386.5098834932717	1387.857213898457	0	55.673	55.673	16.222677	21.857305975600276	19	110	246
1387.857213898457	1388.816251104252	0	53.24000000000001	53.24000000000001	19.413038	18.617825719508023	12	186	186
1362.6407991554197	1389.274936662145	349.129	391.78600000000006	42.65700000000001	0.375458	10.0	0	450	19
1378.207391389429	1390.2263689960705	222.805	275.305	52.5	0.843729	10.140759957074033	2	831	20
1389.274936662145	1390.305166052382	349.129	392.21400000000006	43.08500000000001	20.541936	21.162906199569335	25	867	188
1388.816251104252	1390.4389726875334	0	54.952	54.952	10.128458	16.435667401959268	8	995	187
1390.4389726875334	1391.3374425605994	0	54.02699999999999	54.02699999999999	23.554386	21.162906199569335	25	484	189
1391.3374425605994	1391.5890305498192	0	47.929	47.929	62.141115	15.633958170732068	7	30	212
1391.5890305498192	1391.8352715679969	0	52.93199999999999	52.93199999999999	43.825865	10.791725620119887	6	999	405
1390.305166052382	1392.245006067297	349.129	391.434	42.30500000000001	6.374815	12.366121224680613	3	928	190
1392.245006067297	1393.8335833250646	349.129	390.829	41.69999999999999	13.759045	21.857305975600276	19	100	216
1390.2263689960705	1402.4197786558937	222.805	275.848	53.043000000000006	1.452967	17.71662185320434	9	971	221
1393.8335833250646	1409.5172485689768	349.129	374.39200000000005	25.263000000000005	0.646581	10.140759957074033	2	988	218
1409.5172485689768	1412.2779233751564	349.129	376.081	26.951999999999998	7.917378	21.857305975600276	19	36	220
1354.5261860088112	1416.9328099733118	171.913	222.805	50.891999999999996	0.325829	20.333887879729236	17	676	17
1037.2201051864538	1431.7252011452565	78.334	122.488	44.153999999999996	0.032176	12.693595967570435	18	1021	254
1431.7252011452565	1453.9009095670972	78.334	114.924	36.59	0.486306	10.78418005979169	5	1021	129
1402.4197786558937	1465.5705892426681	222.805	291.113	68.30799999999999	0.227056	14.338770448590681	21	1007	219
1465.5705892426681	1465.822177231888	222.805	270.73400000000004	47.929	62.141115	15.633958170732068	7	30	419
1391.8352715679969	1469.9957292797305	0	54.00999999999999	54.00999999999999	0.183453	14.338770448590681	21	997	214
1469.9957292797305	1470.0990874351849	0	51.536	51.536	160.268692	16.565076382184426	22	997	141
1470.0990874351849	1470.099753740865	0	53.91399999999999	53.91399999999999	15939.586254	10.620636859348437	14	214	126
1465.822177231888	1476.3794990777958	222.805	290.58799999999997	67.78299999999999	1.678136	17.71662185320434	9	880	196
1476.3794990777958	1477.581791054416	222.805	304.063	81.25800000000001	10.285456	12.366121224680613	3	972	208
1023.839667258758	1477.9608738833442	45.56100000000001	78.334	32.772999999999996	0.027952	12.693595967570435	18	918	248
1416.9328099733118	1479.3394339378124	171.913	222.805	50.891999999999996	0.325829	20.333887879729236	17	676	128
1479.3394339378124	1481.0466277058129	171.913	221.972	50.059	7.243537	12.366121224680613	3	901	391
1470.099753740865	1482.1401139918435	0	39.804	39.804	0.854594	10.289619628324678	1	893	127
1482.1401139918435	1482.1408827554533	0	41.25	41.25	13815.218	10.620636859348437	14	239	6
1482.1408827554533	1482.251538500555	0	42.24799999999999	42.24799999999999	147.097749	16.277211018387277	13	965	11
1482.251538500555	1482.5540976808106	0	39.679	39.679	35.668148	10.791725620119887	6	995	111
1412.2779233751564	1539.111331440389	349.129	377.09400000000005	27.965000000000003	0.113052	14.338770448590681	21	162	447
1021.2713863530024	1539.6100677026056	145.285	171.913	26.628	0.024489	12.693595967570435	18	976	245
1539.6100677026056	1539.6111539628666	123.44900000000001	149.339	25.89	9777.248825	10.620636859348437	14	229	182
1539.6111539628666	1541.81574030426	123.44900000000001	150.149	26.700000000000003	8.640293	19.048271933438038	11	173	23
1477.9608738833442	1583.915036985572	39.804	75.025	35.221000000000004	0.13556	14.363146350138003	10	192	438
1477.581791054416	1593.7343872522306	222.805	301.916	79.11099999999999	0.168628	19.586579991645078	16	976	209
1593.7343872522306	1593.796082578545	220.877	299.177	78.30000000000001	263.832157	16.277211018387277	13	1004	387
1593.796082578545	1595.0711279075692	220.877	298.127	77.25	14.93929	19.048271933438038	11	253	232
1595.0711279075692	1596.3147814721547	220.877	299.05899999999997	78.18199999999999	9.943381	12.366121224680613	3	1003	233
1583.915036985572	1596.3922335848642	41.26599999999999	77.654	36.388000000000005	0.824674	10.289619628324678	1	731	449
1596.3147814721547	1596.9988079875218	220.877	298.177	77.30000000000001	30.938722	21.162906199569335	25	942	234
1596.9988079875218	1597.1948447582142	220.877	295.645	74.768	55.049497	10.791725620119887	6	1007	238
1217.2790689799306	1611.7841649387333	304.975	349.129	44.153999999999996	0.032176	12.693595967570435	18	1021	172
1611.7841649387333	1613.4148763866674	298.00800000000004	342.73300000000006	44.724999999999994	11.680958	19.048271933438038	11	212	240
1613.4148763866674	1613.5127926236844	298.00800000000004	341.793	43.785	166.236076	16.277211018387277	13	993	241
1597.1948447582142	1614.9089462458444	220.877	298.00800000000004	77.131	0.564522	10.0	0	974	239
1614.9089462458444	1626.927923852486	220.877	273.377	52.5	0.843729	10.140759957074033	2	831	243
1541.81574030426	1670.7062004289376	123.44900000000001	148.95000000000002	25.501000000000005	0.157761	20.333887879729236	17	192	253
1670.7062004289376	1671.8010074945269	123.44900000000001	149.23700000000002	25.787999999999997	13.253397	14.50991267865854	23	226	422
1539.111331440389	1672.9735315758808	349.129	378.564	29.435000000000002	0.107298	14.363146350138003	10	130	149
1672.9735315758808	1674.3776329749655	343.15500000000003	371.65500000000003	28.5	13.259602	18.617825719508023	12	143	424
1674.3776329749655	1674.6070872203472	343.15500000000003	370.93000000000006	27.775000000000006	72.193375	16.565076382184426	22	321	425
1671.8010074945269	1675.7829453250245	123.44900000000001	150.05700000000002	26.608000000000004	4.127555	16.435667401959268	8	225	423
1675.7829453250245	1675.976389776595	123.44900000000001	149.95100000000002	26.501999999999995	84.144109	16.277211018387277	13	258	427
1675.976389776595	1677.0711968421842	123.44900000000001	149.23700000000002	25.787999999999997	13.253397	14.50991267865854	23	226	428
1677.0711968421842	1677.396527544011	123.44900000000001	145.305	21.855999999999995	48.055588	15.633958170732068	7	28	157
1677.396527544011	1677.6480269209997	123.44900000000001	150.296	26.846999999999994	65.865278	16.565076382184426	22	288	134
1677.6480269209997	1678.2604841605632	123.44900000000001	149.409	25.959999999999994	17.620374	10.791725620119887	6	289	135
1626.927923852486	1678.534143806848	220.877	296.813	75.936	0.278322	14.363146350138003	10	392	444
1613.5127926236844	1683.4218487387122	298.00800000000004	343.15500000000003	45.14699999999999	0.290862	20.333887879729236	17	832	242
1683.4218487387122	1684.3346888451742	291.54	341.84000000000003	50.30000000000001	23.183585	21.162906199569335	25	580	263
1684.3346888451742	1684.4178733492442	291.54	342.75800000000004	51.21799999999999	195.676	16.277211018387277	13	997	264
1684.4178733492442	1685.433057452435	291.54	342.76	51.22	18.339359	18.617825719508023	12	185	265
1685.433057452435	1685.516241956505	291.54	342.75800000000004	51.21799999999999	195.676	16.277211018387277	13	997	266
1596.3922335848642	1697.2664848676436	41.26599999999999	78.702	37.43600000000001	0.142145	14.338770448590681	21	198	247
1697.2664848676436	1699.181782040485	41.26599999999999	75.56299999999999	34.297	6.990664	13.38919899548413	4	996	268
1678.2604841605632	1703.2179720643041	123.44900000000001	149.67600000000002	26.227000000000004	0.709872	17.71662185320434	9	352	261
1703.2179720643041	1703.5433027661309	123.44900000000001	145.305	21.855999999999995	48.055588	15.633958170732068	7	28	270
1703.5433027661309	1703.8686334679576	123.44900000000001	145.305	21.855999999999995	48.055588	15.633958170732068	7	28	271
1703.8686334679576	1726.0439609869209	123.44900000000001	149.185	25.736000000000004	0.756499	16.77561309276821	15	481	272
1726.0439609869209	1726.6564182264844	123.44900000000001	149.409	25.959999999999994	17.620374	10.791725620119887	6	289	273
1699.181782040485	1730.373200657395	41.26599999999999	79.36599999999999	38.099999999999994	0.320601	10.0	0	352	269
1730.373200657395	1732.2884978302363	41.26599999999999	75.56299999999999	34.297	6.990664	13.38919899548413	4	996	275
1732.2884978302363	1754.464206252077	41.26599999999999	77.856	36.59	0.486306	10.78418005979169	5	1021	276
1453.9009095670972	1771.8857953620177	78.334	123.44900000000001	45.11500000000001	0.091126	28.97669070294793	20	232	130
1771.8857953620177	1772.2111260638444	78.702	100.55799999999999	21.855999999999995	48.055588	15.633958170732068	7	28	278
1772.2111260638444	1772.3090423008614	78.702	122.487	43.785	166.236076	16.277211018387277	13	993	279
1772.3090423008614	1772.3097954370544	78.702	123.959	45.257000000000005	14101.880853	10.620636859348437	14	209	280
1772.3097954370544	1773.0506491915746	78.702	122.463	43.760999999999996	19.585394	14.50991267865854	23	482	281
1481.0466277058129	1781.2236747259506	171.913	220.877	48.964	0.096532	28.97669070294793	20	234	5
1781.2236747259506	1781.5073577832516	149.707	193.498	43.791	38.041488	10.791725620119887	6	997	283
1773.0506491915746	1798.0206851484263	78.702	123.81800000000001	45.116000000000014	0.40048	10.0	0	452	282
1798.0206851484263	1810.0610453994047	78.702	118.506	39.804	0.854594	10.289619628324678	1	893	285
1810.0610453994047	1810.1589616364217	78.702	122.487	43.785	166.236076	16.277211018387277	13	993	286
1810.1589616364217	1810.899815390942	78.702	122.463	43.760999999999996	19.585394	14.50991267865854	23	482	287
1810.899815390942	1822.4924609763048	78.702	123.67599999999999	44.97399999999999	1.447091	16.77561309276821	15	997	288
1685.516241956505	1840.5702709116674	291.54	342.09900000000005	50.559	0.126321	19.586579991645078	16	968	267
1840.5702709116674	1853.2593610501813	291.54	339.015	47.474999999999994	1.396209	17.71662185320434	9	968	290
1853.2593610501813	1854.7323213049049	291.54	340.802	49.262	12.931966	19.048271933438038	11	187	291
1754.464206252077	1855.3384575348564	41.26599999999999	78.702	37.43600000000001	0.142145	14.338770448590681	21	198	277
1854.7323213049049	1855.7347326344184	291.54	343.22	51.68000000000001	18.57304	18.617825719508023	12	184	292
1855.3384575348564	1857.1229785660976	41.26599999999999	78.499	37.233000000000004	10.674165	19.048271933438038	11	208	293
1857.1229785660976	1859.4089130023624	41.26599999999999	78.803	37.537000000000006	5.409657	12.366121224680613	3	704	295
1726.6564182264844	1863.9312734110238	123.44900000000001	149.707	26.257999999999996	0.104453	14.338770448590681	21	130	274
1863.9312734110238	1864.164716734652	122.856	150.236	27.379999999999995	70.959735	16.565076382184426	22	291	297
1864.164716734652	1868.1737232054352	122.856	148.55399999999997	25.697999999999993	3.084585	12.366121224680613	3	320	298
1868.1737232054352	1868.7332962318633	122.856	149.973	27.117000000000004	19.285643	10.791725620119887	6	321	299
1859.4089130023624	1872.4988562301878	41.26599999999999	78.571	37.30500000000001	1.281565	16.77561309276821	15	930	296
1872.4988562301878	1872.6482031142762	41.26599999999999	79.703	38.43700000000001	110.916786	16.565076382184426	22	641	301
1872.6482031142762	1874.4319683046665	41.26599999999999	79.64399999999998	38.377999999999986	10.678688	19.048271933438038	11	209	302
1874.4319683046665	1874.4327872993874	41.26599999999999	78.51599999999999	37.25	12967.894162	10.620636859348437	14	207	303
1482.5540976808106	1891.3787286695842	0	41.26599999999999	41.26599999999999	0.031049	12.693595967570435	18	1019	435
1891.3787286695842	1893.5599805394602	0	42.488	42.488	7.53497	16.435667401959268	8	801	305
1868.7332962318633	1893.6907841356042	122.856	149.083	26.227000000000004	0.709872	17.71662185320434	9	352	300
1893.6907841356042	1893.9456366988404	122.856	148.514	25.658	64.998665	16.565076382184426	22	289	307
1893.5599805394602	1895.2263945472719	0	43.07499999999999	43.07499999999999	11.430696	19.048271933438038	11	183	306
1895.2263945472719	1896.264603117146	0	44.02000000000001	44.02000000000001	17.932645	18.617825719508023	12	153	309
1874.4327872993874	1896.608495721228	41.26599999999999	77.856	36.59	0.486306	10.78418005979169	5	1021	304
1896.608495721228	1898.3930167524693	42.877999999999986	80.11099999999999	37.233000000000004	10.674165	19.048271933438038	11	208	311
1898.3930167524693	1900.3083139253106	42.877999999999986	77.17499999999998	34.297	6.990664	13.38919899548413	4	996	312
1896.264603117146	1910.3570550216239	0	42.877999999999986	42.877999999999986	1.257171	17.71662185320434	9	870	310
1910.3570550216239	1911.8300152763475	0	49.262	49.262	12.931966	19.048271933438038	11	187	314
1900.3083139253106	1915.9919791692228	42.877999999999986	68.14099999999999	25.263000000000005	0.646581	10.140759957074033	2	988	313
1915.9919791692228	1916.326384715668	51.33099999999999	77.353	26.022000000000006	41.186441	13.772974308732945	24	464	316
1916.326384715668	1935.7252478771777	51.33099999999999	79.32	27.989000000000004	0.864773	16.77561309276821	15	577	317
1935.7252478771777	1935.9547021225594	51.33099999999999	79.106	27.775000000000006	72.193375	16.565076382184426	22	321	318
1855.7347326344184	1937.64528851198	291.54	342.57000000000005	51.03	0.175054	14.338770448590681	21	995	294
1937.64528851198	1939.0334858543658	291.54	343.30100000000004	51.760999999999996	15.7451	21.857305975600276	19	106	320
1939.0334858543658	1939.1166703584358	291.54	342.75800000000004	51.21799999999999	195.676	16.277211018387277	13	997	321
1939.1166703584358	1951.1570306094143	291.54	331.34400000000005	39.804	0.854594	10.289619628324678	1	893	322
1951.1570306094143	1951.2402151134843	291.54	342.75800000000004	51.21799999999999	195.676	16.277211018387277	13	997	323
1893.9456366988404	2022.836096823518	122.856	148.357	25.501000000000005	0.157761	20.333887879729236	17	192	308
2022.836096823518	2023.1614275253446	122.856	144.712	21.855999999999995	48.055588	15.633958170732068	7	28	325
2023.1614275253446	2024.4341506772696	122.856	155.656	32.8	14.628339	18.617825719508023	12	145	326
2024.4341506772696	2025.9062069220988	122.856	155.762	32.906000000000006	14.376425	21.162906199569335	25	320	327
2025.9062069220988	2027.8777491322935	122.856	155.31599999999997	32.459999999999994	9.66161	19.048271933438038	11	206	328
2027.8777491322935	2028.8100384160525	122.856	156.76299999999998	33.907	15.563745	14.50991267865854	23	385	329
1678.534143806848	2041.4571758165243	220.877	291.54	70.66300000000001	0.034976	12.693595967570435	18	254	262
2028.8100384160525	2044.4937036599647	122.856	148.119	25.263000000000005	0.646581	10.140759957074033	2	988	330
2044.4937036599647	2047.2543784661443	122.856	149.808	26.951999999999998	7.917378	21.857305975600276	19	36	332
1935.9547021225592	2051.6827895863007	51.33099999999999	78.99399999999999	27.662999999999997	0.175704	20.333887879729236	17	224	319
2051.6827895863007	2052.0081202881274	51.33099999999999	73.18699999999998	21.855999999999995	48.055588	15.633958170732068	7	28	334
2041.4571758165243	2059.1712773041545	198.671	275.802	77.131	0.564522	10.0	0	974	331
2059.1712773041545	2060.4463226331786	198.671	275.921	77.25	14.93929	19.048271933438038	11	253	336
2060.4463226331786	2060.956598392594	198.671	275.971	77.30000000000001	28.435434	14.50991267865854	23	462	338
2060.956598392594	2062.205129492353	198.671	274.671	76.0	9.904536	12.366121224680613	3	1002	339
1911.8300152763477	2064.576897741664	0	51.33099999999999	51.33099999999999	0.128229	19.586579991645078	16	969	315
2064.576897741664	2064.828485730884	0	47.929	47.929	62.141115	15.633958170732068	7	30	341
2062.205129492353	2070.416434047328	198.671	275.76300000000003	77.09200000000001	2.04299	16.77561309276821	15	1006	340
2070.416434047328	2071.6480035840805	198.671	282.134	83.463	13.345302	16.435667401959268	8	1002	343
2071.6480035840805	2072.5429233464765	198.671	271.89599999999996	73.225	20.803905	18.617825719508023	12	127	344
2072.5429233464765	2072.722252159244	198.671	276.856	78.185	76.802908	13.772974308732945	24	671	345
2072.722252159244	2073.9538216959963	198.671	282.134	83.463	13.345302	16.435667401959268	8	1002	346
2073.9538216959963	2075.1853912327488	198.671	282.134	83.463	13.345302	16.435667401959268	8	1002	347
2075.1853912327488	2075.2620030960575	198.671	283.64099999999996	84.97	216.220774	16.565076382184426	22	1005	348
1781.5073577832513	2081.684404803389	149.707	198.671	48.964	0.096532	28.97669070294793	20	234	284
2081.684404803389	2083.2965918617556	150.36399999999998	202.85699999999997	52.492999999999995	7.670401	12.366121224680613	3	996	350
2083.2965918617556	2083.508773650429	150.36399999999998	202.25699999999998	51.893	64.911199	13.772974308732945	24	698	351
2083.508773650429	2105.6844820722695	150.36399999999998	186.95399999999998	36.59	0.486306	10.78418005979169	5	1021	352
2052.0081202881274	2108.746352778709	51.33099999999999	78.28499999999998	26.953999999999994	0.176248	10.0	0	130	335
2108.746352778709	2109.358810018273	44.153999999999996	70.11399999999999	25.959999999999994	17.620374	10.791725620119887	6	289	355
2105.6844820722695	2115.8103357020022	150.36399999999998	203.98699999999997	53.62299999999999	1.656711	16.77561309276821	15	998	354
2115.8103357020022	2117.4168844252113	150.36399999999998	204.65099999999998	54.287000000000006	7.697321	12.366121224680613	3	997	357
2109.358810018273	2124.219333475118	44.153999999999996	69.292	25.138000000000005	0.692413	10.289619628324678	1	1010	356
2124.219333475118	2124.553739021563	44.153999999999996	70.176	26.022000000000006	41.186441	13.772974308732945	24	464	361
2124.553739021563	2124.888144568008	44.153999999999996	70.176	26.022000000000006	41.186441	13.772974308732945	24	464	370
1674.607087220347	2127.8778090159285	343.15500000000003	372.226	29.070999999999998	0.063928	28.97669070294793	20	192	426
2075.2620030960575	2134.340280073292	198.671	279.01099999999997	80.34	0.242708	14.338770448590681	21	1009	349
2134.340280073292	2135.5859530048397	204.37399999999997	285.54499999999996	81.17099999999999	17.546585	21.857305975600276	19	152	388
2135.5859530048397	2135.8375409940595	204.37399999999997	252.30299999999997	47.929	62.141115	15.633958170732068	7	30	394
2135.8375409940595	2136.7324607564556	204.37399999999997	277.59899999999993	73.225	20.803905	18.617825719508023	12	127	402
2136.7324607564556	2137.934752733076	204.37399999999997	285.63199999999995	81.25800000000001	10.285456	12.366121224680613	3	972	404
2137.934752733076	2138.1140815458434	204.37399999999997	282.55899999999997	78.185	76.802908	13.772974308732945	24	671	409
2138.1140815458434	2138.114629495281	204.37399999999997	285.8539999999999	81.47999999999999	19382.512573	10.620636859348437	14	253	412
2138.114629495281	2155.6713640831017	204.37399999999997	286.10499999999996	81.731	0.569582	10.0	0	911	413
2117.4168844252113	2195.577342136945	150.36399999999998	204.37399999999997	54.00999999999999	0.183453	14.338770448590681	21	997	360
1822.4924609763045	2216.9975569351072	78.702	122.856	44.153999999999996	0.032176	12.693595967570435	18	1021	289
2216.9975569351072	2229.037917186086	70.52499999999999	110.329	39.804	0.854594	10.289619628324678	1	893	453
2229.037917186086	2230.6300421050314	70.52499999999999	116.99	46.465	8.409641	13.38919899548413	4	1000	164
2127.8778090159285	2243.60589647967	335.694	363.357	27.662999999999997	0.175704	20.333887879729236	17	224	382
2195.577342136945	2254.534774716308	150.36399999999998	204.908	54.54400000000001	0.344891	20.333887879729236	17	964	443
2254.534774716308	2319.1012998568444	150.36399999999998	202.56399999999996	52.19999999999999	0.222455	14.363146350138003	10	512	10
2319.1012998568444	2320.7078485800535	150.36399999999998	204.65099999999998	54.287000000000006	7.697321	12.366121224680613	3	997	15
2047.2543784661443	2331.6949824691224	122.856	150.36399999999998	27.507999999999996	0.06886	19.586579991645078	16	449	333
2320.7078485800535	2342.3869373645935	150.36399999999998	205.57599999999996	55.21199999999999	0.461274	10.0	0	614	22
2342.3869373645935	2343.734267769779	143.04	198.713	55.673	16.222677	21.857305975600276	19	110	195
2343.734267769779	2345.0815981749643	143.04	198.713	55.673	16.222677	21.857305975600276	19	110	173
2345.0815981749643	2345.1849563304186	143.04	194.576	51.536	160.268692	16.565076382184426	22	997	148
2345.1849563304186	2345.185620352525	143.04	198.007	54.96700000000001	15994.402533	10.620636859348437	14	245	379
1951.240215113484	2345.7453110722868	291.54	335.694	44.153999999999996	0.032176	12.693595967570435	18	1021	324
2345.7453110722868	2347.172368233204	283.174	339.04499999999996	55.87100000000001	13.347939	19.048271933438038	11	188	223
2347.172368233204	2347.823972234079	283.174	339.49	56.316	22.267992	14.50991267865854	23	240	398
2347.823972234079	2348.722442107145	283.174	337.20099999999996	54.02699999999999	23.554386	21.162906199569335	25	484	397
2243.60589647967	2359.333983943411	335.694	363.357	27.662999999999997	0.175704	20.333887879729236	17	224	9
2348.722442107145	2370.401530891685	283.174	338.38599999999997	55.21199999999999	0.461274	10.0	0	614	258
2370.401530891685	2371.0569319405345	283.174	337.71899999999994	54.54499999999999	22.138983	14.50991267865854	23	422	366
2371.0569319405345	2372.679653523816	283.174	338.126	54.952	10.128458	16.435667401959268	8	995	372
2331.6949824691224	2388.433214959704	116.086	143.04	26.953999999999994	0.176248	10.0	0	130	417
2230.6300421050314	2392.407676647119	70.52499999999999	116.086	45.56100000000001	0.121071	19.586579991645078	16	966	228
2392.407676647119	2394.1992981855833	70.52499999999999	115.986	45.46100000000001	6.902195	12.366121224680613	3	931	418
2372.679653523816	2394.8553619456566	283.174	319.764	36.59	0.486306	10.78418005979169	5	1021	376
2359.333983943411	2412.0146390800383	338.38599999999997	366.79599999999994	28.409999999999997	0.189823	10.0	0	160	431
2412.0146390800383	2414.482245326132	316.889	348.171	31.281999999999996	8.857696	21.857305975600276	19	38	452
2124.888144568008	2415.4169428183764	44.153999999999996	70.52499999999999	26.370999999999995	0.067417	19.586579991645078	16	417	380
2064.828485730884	2459.3335816896865	0	44.153999999999996	44.153999999999996	0.032176	12.693595967570435	18	1021	342
2414.482245326132	2464.232746562432	316.889	347.4	30.510999999999996	0.201003	10.0	0	162	456
2155.6713640831017	2465.1655847777533	204.37399999999997	283.174	78.80000000000001	0.041014	12.693595967570435	18	1022	429
2465.1655847777533	2465.24871184358	187.194	263.13	75.936	199.274162	16.565076382184426	22	971	441
2465.24871184358	2465.2492751105515	187.194	260.31399999999996	73.12	18855.422734	10.620636859348437	14	251	213
2465.2492751105515	2465.249838377523	187.194	260.31399999999996	73.12	18855.422734	10.620636859348437	14	251	217
2464.232746562432	2467.6155599338736	316.889	347.35900000000004	30.47	3.655573	12.366121224680613	3	385	446
2465.249838377523	2473.1762710569365	187.194	265.56399999999996	78.37	2.116414	16.77561309276821	15	1007	255
2473.1762710569365	2474.3551936012727	187.194	267.029	79.83500000000001	11.357149	13.38919899548413	4	788	215
2474.3551936012727	2475.630238930297	187.194	264.44399999999996	77.25	14.93929	19.048271933438038	11	253	249
2394.1992981855833	2480.9736681919417	70.52499999999999	116.91499999999998	46.389999999999986	0.165242	14.338770448590681	21	204	416
2480.9736681919417	2493.6627583304557	70.52499999999999	117.99999999999999	47.474999999999994	1.396209	17.71662185320434	9	968	437
2467.6155599338736	2574.350086280289	316.889	346.458	29.569000000000003	0.190509	20.333887879729236	17	226	406
2574.350086280289	2576.558354967538	316.889	346.153	29.263999999999996	6.063211	13.38919899548413	4	993	337
2576.558354967538	2592.2420202114504	316.889	342.15200000000004	25.263000000000005	0.646581	10.140759957074033	2	988	353
2592.2420202114504	2593.6411510648145	316.889	346.789	29.900000000000006	13.306708	18.617825719508023	12	113	389
2593.6411510648145	2595.8494197520636	316.889	346.153	29.263999999999996	6.063211	13.38919899548413	4	993	403
2459.3335816896865	2636.4018176740383	0	44.787000000000006	44.787000000000006	0.110616	19.586579991645078	16	838	459
2415.4169428183764	2705.9457410687446	44.153999999999996	70.52499999999999	26.370999999999995	0.067417	19.586579991645078	16	417	386
2388.433214959704	2706.4181007546244	116.086	161.20100000000002	45.11500000000001	0.091126	28.97669070294793	20	232	359
2706.4181007546244	2706.4188538908174	119.48899999999999	164.74599999999998	45.257000000000005	14101.880853	10.620636859348437	14	209	383
2706.4188538908174	2707.4570624606913	119.48899999999999	163.50900000000001	44.02000000000001	17.932645	18.617825719508023	12	153	395
2707.4570624606913	2707.6848306875704	119.48899999999999	162.76	43.27099999999999	60.469252	13.772974308732945	24	632	381
2475.630238930297	2717.622945774578	187.194	264.057	76.863	0.119742	28.97669070294793	20	246	5
2707.6848306875704	2729.860539109411	119.48899999999999	156.079	36.59	0.486306	10.78418005979169	5	1021	3
2705.9457410687446	2731.6827196012355	44.153999999999996	70.804	26.650000000000006	0.419015	10.78418005979169	5	982	1
2345.185620352525	2739.6907163113274	143.04	187.194	44.153999999999996	0.032176	12.693595967570435	18	1021	4
2394.8553619456566	2778.7034306030673	283.174	316.889	33.715	0.07549	28.97669070294793	20	226	6
2493.6627583304557	2793.8398053505935	70.52499999999999	119.48899999999999	48.964	0.096532	28.97669070294793	20	234	2
2636.4018176740383	3030.9069136328408	0	44.153999999999996	44.153999999999996	0.032176	12.693595967570435	18	1021	0
2595.8494197520636	3091.6349123728673	316.889	346.832	29.942999999999998	0.025603	12.693595967570435	18	979	7
