0.0	0.21583371429832224	87.666	117.627	29.961	96.426582	20.81210735015174	13	321	3
0.0	0.2783038898488689	117.627	139.483	21.855999999999995	48.055588	13.374057069374626	7	28	4
0.0	1.1283473732731895	29.070999999999998	58.744	29.673000000000002	9.161173	10.336985490651264	11	234	1
0.0	3.442071820289596	58.744	87.666	28.921999999999997	3.367212	11.590185538140972	3	352	2
3.442071820289596	3.720375710138465	60.486000000000004	82.342	21.855999999999995	48.055588	13.374057069374626	7	28	8
3.720375710138465	4.153850751470881	60.486000000000004	86.50800000000001	26.022000000000006	41.186441	17.85329421481013	24	464	9
4.153850751470881	4.43215464131975	60.486000000000004	82.342	21.855999999999995	48.055588	13.374057069374626	7	28	10
1.12834737327319	15.594864854170913	29.070999999999998	60.486000000000004	31.415000000000006	0.749906	10.848528258030088	1	1015	7
0.27830388984886767	17.811278852321735	127.99799999999999	147.786	19.787999999999997	0.61875	10.848528258030088	1	1006	6
17.811278852321735	18.165565117793196	127.99799999999999	147.25599999999997	19.257999999999996	58.74376	20.81210735015174	13	162	13
18.165565117793196	19.361479919905907	127.99799999999999	147.736	19.738	12.360958	14.782652640493534	6	192	14
19.361479919905907	19.662628035314782	127.99799999999999	146.88799999999998	18.89	44.41023	13.374057069374626	7	24	15
19.662628035314782	20.858542837427493	127.99799999999999	147.736	19.738	12.360958	14.782652640493534	6	192	16
0.21583371429832354	28.764830930771094	87.666	127.99799999999999	40.331999999999994	0.350275	10.0	0	416	5
28.764830930771094	30.696603327200318	88.92	129.37400000000002	40.45400000000001	12.743488	24.617518352627044	19	70	19
30.696603327200314	32.69648108264195	88.92	129.349	40.429	5.795447	11.590185538140972	3	800	20
32.69648108264195	33.66448253475398	88.92	127.29799999999999	38.377999999999986	10.678688	10.336985490651264	11	209	21
20.858542837427493	38.83037565536971	127.99799999999999	147.76299999999998	19.765	0.557883	10.026180007972057	2	918	17
15.594864854170915	41.479293941736344	29.070999999999998	61.343999999999994	32.272999999999996	0.467665	12.105241529236286	5	890	12
33.66448253475398	42.46205157447579	88.92	127.342	38.422	1.157181	10.180379738954324	9	964	22
41.479293941736344	44.42854287195502	29.070999999999998	61.343999999999994	32.272999999999996	3.929877	11.590185538140972	3	417	24
42.462051574475794	54.64644179765796	88.92	127.659	38.739000000000004	1.2981	15.81655694871277	15	962	25
54.64644179765796	63.444010837379764	88.92	127.342	38.422	1.157181	10.180379738954324	9	964	27
38.830375655369714	64.41986606565558	127.342	148.69	21.348	0.618088	15.81655694871277	15	385	23
63.444010837379764	64.42798796864844	88.92	127.79299999999999	38.87299999999999	17.552426	17.271185782285656	23	449	28
44.428542871955024	92.15144461527262	29.070999999999998	61.08	32.009	0.209543	10.0	0	192	26
92.15144461527262	94.93066828163316	29.070999999999998	60.352999999999994	31.281999999999996	8.857696	24.617518352627044	19	38	31
94.93066828163316	95.13078244332887	29.070999999999998	61.044	31.973	104.001172	20.81210735015174	13	322	32
95.13078244332887	121.0106184431328	29.070999999999998	61.771	32.7	0.467748	12.105241529236286	5	858	33
64.42798796864844	126.38987701643802	88.92	128.31599999999997	39.39599999999999	0.259985	16.109161724089574	17	416	30
126.38987701643802	126.53136189633344	88.92	131.168	42.24799999999999	147.097749	20.81210735015174	13	965	35
4.432154641319755	136.0704389013614	60.486000000000004	88.92	28.433999999999997	0.102631	13.510168751892333	10	128	11
126.53136189633344	139.22572700775487	88.92	128.724	39.804	0.854594	10.848528258030088	1	893	36
139.22572700775487	140.1698324135371	87.644	128.798	41.153999999999996	18.293705	17.271185782285656	23	234	38
140.1698324135371	140.58428209678092	87.644	127.32300000000001	39.679	35.668148	14.782652640493534	6	995	39
140.58428209678092	141.65999663380958	87.644	128.537	40.893	19.528126	21.00668901912733	25	544	40
141.65999663380958	143.4491846445056	87.644	129.344	41.69999999999999	13.759045	24.617518352627044	19	100	41
136.0704389013614	150.6126240076478	58.64	87.644	29.004000000000005	0.746004	10.848528258030088	1	982	37
0.0	177.95644242362584	0	29.070999999999998	29.070999999999998	0.063928	11.376399451257553	20	192	0
121.0106184431328	205.56915228714843	29.070999999999998	58.64	29.569000000000003	0.190509	16.109161724089574	17	226	1
143.44918464450558	276.1472941597966	87.644	128.392	40.74799999999999	0.151163	20.059044328659937	21	170	3
64.41986606565558	342.0114345280341	127.79299999999999	148.178	20.385000000000005	0.072261	20.059044328659937	21	64	4
177.95644242362584	906.1052923387258	0	44.153999999999996	44.153999999999996	0.032176	23.428917394868257	18	1021	0
