0.0	0.7780312744792478	0	68.62200000000001	68.62200000000001	28.114233	21.873752531996526	25	488	0
0.7780312744792477	2.122457851901711	68.65800000000002	137.989	69.33099999999999	9.158464	12.312882409966846	3	968	123
0.0	7.234451288077479	68.62200000000001	68.64000000000001	0.018000000000000682	3.993946	28.894007784211897	19	3	385
0.0	7.234451288077479	68.64000000000001	68.65800000000002	0.018000000000000682	3.993946	28.894007784211897	19	3	447
7.234451288077479	14.468902576154958	68.65800000000002	68.67600000000002	0.018000000000000682	3.993946	28.894007784211897	19	3	2
7.234451288077479	14.468902576154958	68.67600000000002	68.69400000000002	0.018000000000000682	3.993946	28.894007784211897	19	3	32
14.468902576154957	21.703353864232437	68.69400000000002	68.71200000000002	0.018000000000000682	3.993946	28.894007784211897	19	3	57
14.468902576154957	21.703353864232437	68.71200000000002	68.73000000000002	0.018000000000000682	3.993946	28.894007784211897	19	3	65
21.703353864232437	28.937805152309917	68.73000000000002	68.74800000000002	0.018000000000000682	3.993946	28.894007784211897	19	3	77
21.703353864232437	28.937805152309917	68.74800000000002	68.76600000000002	0.018000000000000682	3.993946	28.894007784211897	19	3	84
28.937805152309913	36.17225644038739	68.76600000000002	68.78400000000002	0.018000000000000682	3.993946	28.894007784211897	19	3	93
2.1224578519017143	63.87722010355162	0	68.946	68.946	0.262026	16.181353333750817	10	358	133
63.87722010355163	65.22164668097409	68.78400000000002	138.115	69.33099999999999	9.158464	12.312882409966846	3	968	141
65.22164668097409	66.56607325839656	0	69.33099999999999	69.33099999999999	9.158464	12.312882409966846	3	968	146
66.56607325839653	276.9381209029291	68.78400000000002	136.97100000000003	68.18700000000001	0.117257	24.667595190654954	20	244	154
276.9381209029291	277.34909803054217	52.5	68.591	16.090999999999994	40.185082	16.515149573256803	7	22	376
277.34909803054217	280.3642765665916	68.76600000000002	86.23700000000002	17.471000000000004	6.659309	20.079005561720844	11	134	443
280.3642765665916	283.3794551026411	52.5	69.971	17.471000000000004	6.659309	20.079005561720844	11	134	5
283.3794551026411	283.3828831881572	68.76600000000002	84.56000000000002	15.793999999999997	6510.534478	22.31866894650097	14	101	7
283.3828831881572	283.38631127367336	52.5	68.294	15.793999999999997	6510.534478	22.31866894650097	14	101	14
276.9381209029291	289.11384580303735	0	52.5	52.5	0.843729	10.273012194243446	2	831	161
289.11384580303735	289.3584993255277	52.5	104.393	51.893	64.911199	15.880753484421883	24	698	394
289.35849932552776	375.30411365919974	0	51.03	51.03	0.175054	15.045123571566618	21	995	402
375.30411365919974	375.8971128614041	51.03	98.768	47.738	20.981523	12.442026400032539	23	484	410
375.30411365919974	376.08418714808175	0	5.7039999999999935	5.7039999999999935	21.171274	16.515149573256803	7	2	39
375.8971128614041	376.15973812894373	5.7039999999999935	48.97499999999998	43.27099999999999	60.469252	15.880753484421883	24	632	428
376.15973812894373	401.75868959589167	0	43.21000000000001	43.21000000000001	0.390641	10.0	0	610	436
401.75868959589167	401.8408286835611	0	40.376000000000005	40.376000000000005	134.866598	11.077819316795054	22	992	1
401.8408286835611	409.9965049611806	0	42.877999999999986	42.877999999999986	1.257171	10.253079701611217	9	870	3
376.08418714808175	427.2970594922503	0	9.756	9.756	0.236489	12.111280967800079	5	964	22
409.9965049611806	472.80337219425513	0	43.80699999999999	43.80699999999999	0.285361	17.922630440497368	17	768	4
427.2970594922503	478.50993183641884	0	9.756	9.756	0.236489	12.111280967800079	5	964	23
472.80337219425513	480.95904847187467	0	42.877999999999986	42.877999999999986	1.257171	10.253079701611217	9	870	6
478.5099318364189	529.7228041805874	0	9.756	9.756	0.236489	12.111280967800079	5	964	24
529.7228041805874	577.6400714357054	0	11.537000000000006	11.537000000000006	0.252754	12.111280967800079	5	230	33
577.6400714357054	625.5573386908234	0	11.537000000000006	11.537000000000006	0.252754	12.111280967800079	5	230	35
625.5573386908234	673.4746059459413	0	11.537000000000006	11.537000000000006	0.252754	12.111280967800079	5	230	40
673.4746059459413	699.7252051060217	0	11.397999999999996	11.397999999999996	0.406046	10.658950786553993	1	994	44
480.95904847187467	768.9065100458174	0	41.55199999999999	41.55199999999999	0.085667	24.667595190654954	20	200	9
768.9065100458174	768.9886491334868	0	40.376000000000005	40.376000000000005	134.866598	11.077819316795054	22	992	10
768.9886491334869	1056.9361107074296	0	41.55199999999999	41.55199999999999	0.085667	24.667595190654954	20	200	11
283.3863112736734	1118.349783219771	68.76600000000002	85.18600000000002	16.42	0.017942	14.980914613656884	18	934	15
1118.349783219771	1122.0063422425453	0	16.259	16.259	3.400771	12.43511988443879	4	192	25
1122.0063422425453	1122.0097703280614	11.989000000000004	27.783	15.793999999999997	6510.534478	22.31866894650097	14	101	28
1122.0097703280614	1124.2348112691272	27.783	43.983000000000004	16.200000000000003	8.745687	19.459511632747585	12	72	43
1124.2348112691272	1127.8913702919015	43.983000000000004	60.242000000000004	16.259	3.400771	12.43511988443879	4	192	52
1127.8913702919015	1130.1164112329673	60.242000000000004	76.44200000000001	16.200000000000003	8.745687	19.459511632747585	12	72	73
1130.1164112329673	1130.1198393184834	0	15.793999999999997	15.793999999999997	6510.534478	22.31866894650097	14	101	78
1130.1198393184834	1133.7763983412576	11.989000000000004	28.248000000000005	16.259	3.400771	12.43511988443879	4	192	80
1133.7763983412576	1136.0014392823234	28.248000000000005	44.44800000000001	16.200000000000003	8.745687	19.459511632747585	12	72	81
1136.0014392823234	1139.149237049145	44.44800000000001	60.721000000000004	16.272999999999996	6.378747	20.079005561720844	11	165	83
1139.149237049145	1159.377022792948	60.721000000000004	76.536	15.814999999999998	0.526946	10.658950786553993	1	1000	87
1159.377022792948	1195.5561276648114	0	16.393	16.393	0.334759	12.111280967800079	5	654	88
1195.5561276648114	1197.7811686058772	11.989000000000004	28.189000000000007	16.200000000000003	8.745687	19.459511632747585	12	72	92
1197.7811686058772	1198.1921457334902	28.189000000000007	44.28	16.090999999999994	40.185082	16.515149573256803	7	22	95
1198.1921457334902	1201.3399435003118	44.28	60.553	16.272999999999996	6.378747	20.079005561720844	11	165	107
1201.3399435003118	1221.5677292441148	60.553	76.368	15.814999999999998	0.526946	10.658950786553993	1	1000	111
1221.5677292441148	1225.224288266889	0	16.259	16.259	3.400771	12.43511988443879	4	192	112
1225.224288266889	1225.635265394502	11.989000000000004	28.08	16.090999999999994	40.185082	16.515149573256803	7	22	116
1225.635265394502	1261.8143702663654	28.08	44.473	16.393	0.334759	12.111280967800079	5	654	118
1261.8143702663654	1262.2253473939784	44.473	60.56399999999999	16.090999999999994	40.185082	16.515149573256803	7	22	120
1262.2253473939784	1265.8819064167526	60.56399999999999	76.823	16.259	3.400771	12.43511988443879	4	192	121
1265.8819064167526	1286.7835939197912	0	16.418999999999997	16.418999999999997	0.491492	10.273012194243446	2	784	128
1286.7835939197912	1294.0180452078687	11.989000000000004	12.007000000000005	0.018000000000000682	3.993946	28.894007784211897	19	3	130
1294.0180452078687	1297.674604230643	12.007000000000005	28.266000000000005	16.259	3.400771	12.43511988443879	4	192	132
1297.674604230643	1317.902389974446	28.266000000000005	44.081	15.814999999999998	0.526946	10.658950786553993	1	1000	124
1317.902389974446	1338.8040774774845	44.081	60.5	16.418999999999997	0.491492	10.273012194243446	2	784	386
1338.8040774774845	1341.0291184185503	60.5	76.7	16.200000000000003	8.745687	19.459511632747585	12	72	387
1056.9361107074296	1344.8835722813724	0	41.55199999999999	41.55199999999999	0.085667	24.667595190654954	20	200	12
1344.8835722813724	1345.2934484593718	11.989000000000004	51.668000000000006	39.679	35.668148	14.619524178558557	6	995	16
1345.2934484593718	1358.5475686651653	51.668000000000006	92.012	40.343999999999994	1.355174	17.96163909576586	15	995	18
1358.5475686651653	1359.227694774121	0	41.153999999999996	41.153999999999996	18.293705	12.442026400032539	23	234	20
1359.227694774121	1359.5220070293972	11.989000000000004	53.244	41.254999999999995	53.958859	15.880753484421883	24	444	21
1341.0291184185503	1361.2569041623533	0	15.814999999999998	15.814999999999998	0.526946	10.658950786553993	1	1000	391
1361.2569041623533	1364.9134631851275	0	16.259	16.259	3.400771	12.43511988443879	4	192	448
1364.9134631851275	1364.9168912706436	0	15.793999999999997	15.793999999999997	6510.534478	22.31866894650097	14	101	449
1364.9168912706436	1385.8185787736822	0	16.418999999999997	16.418999999999997	0.491492	10.273012194243446	2	784	454
1385.8185787736822	1406.7202662767208	0	16.418999999999997	16.418999999999997	0.491492	10.273012194243446	2	784	457
1406.7202662767208	1407.1312434043339	0	16.090999999999994	16.090999999999994	40.185082	16.515149573256803	7	22	134
1359.5220070293972	1647.46946860334	53.244	94.79599999999999	41.55199999999999	0.085667	24.667595190654954	20	200	29
699.7252051060218	1727.0818512215674	0	11.989000000000004	11.989000000000004	0.014582	14.980914613656884	18	834	66
1727.0818512215674	1731.2972860536	11.989000000000004	23.189000000000007	11.200000000000003	4.763211	20.079005561720844	11	98	137
1731.2972860536	1779.2145533087178	23.189000000000007	34.72600000000001	11.537000000000006	0.252754	12.111280967800079	5	230	144
1779.2145533087178	1805.4651524687981	34.72600000000001	46.12400000000001	11.397999999999996	0.406046	10.658950786553993	1	994	149
1647.46946860334	1935.4169301772827	0	41.55199999999999	41.55199999999999	0.085667	24.667595190654954	20	200	31
1935.4169301772827	2004.3541013236847	58.113000000000014	97.509	39.39599999999999	0.259985	17.922630440497368	17	416	34
1407.1312434043339	2242.0947153504317	0	16.42	16.42	0.017942	14.980914613656884	18	934	135
2242.0947153504317	2245.751274373206	58.113000000000014	74.37200000000001	16.259	3.400771	12.43511988443879	4	192	139
2245.751274373206	2245.754702458722	0	15.793999999999997	15.793999999999997	6510.534478	22.31866894650097	14	101	150
2245.754702458722	2247.979743399788	58.113000000000014	74.31300000000002	16.200000000000003	8.745687	19.459511632747585	12	72	155
2247.979743399788	2268.881430902826	0	16.418999999999997	16.418999999999997	0.491492	10.273012194243446	2	784	156
2268.881430902826	2289.109216646629	58.113000000000014	73.92800000000001	15.814999999999998	0.526946	10.658950786553993	1	1000	384
2004.3541013236845	2292.3015628976273	16.42	57.971999999999994	41.55199999999999	0.085667	24.667595190654954	20	200	38
2289.109216646629	2309.337002390432	0	15.814999999999998	15.814999999999998	0.526946	10.658950786553993	1	1000	380
2309.337002390432	2329.564788134235	15.814999999999998	31.629999999999995	15.814999999999998	0.526946	10.658950786553993	1	1000	383
2292.3015628976273	2580.24902447157	58.113000000000014	99.665	41.55199999999999	0.085667	24.667595190654954	20	200	41
2580.24902447157	2649.1861956179723	16.42	55.81599999999999	39.39599999999999	0.259985	17.922630440497368	17	416	42
2649.1861956179723	2748.7153368202944	58.113000000000014	98.861	40.74799999999999	0.151163	15.045123571566618	21	170	46
2748.7153368202944	2748.797475907964	16.42	56.79600000000001	40.376000000000005	134.866598	11.077819316795054	22	992	47
1805.4651524687984	2832.821798584344	46.12400000000001	58.113000000000014	11.989000000000004	0.014582	14.980914613656884	18	834	160
2748.797475907964	2848.326617110286	58.113000000000014	98.861	40.74799999999999	0.151163	15.045123571566618	21	170	48
2848.326617110286	2947.855758312608	0	40.74799999999999	40.74799999999999	0.151163	15.045123571566618	21	170	53
2947.855758312608	2947.9378974002775	28.607	68.983	40.376000000000005	134.866598	11.077819316795054	22	992	55
2947.9378974002775	2948.6180235092334	68.983	110.137	41.153999999999996	18.293705	12.442026400032539	23	234	56
2948.6180235092334	2949.298149618189	0	41.153999999999996	41.153999999999996	18.293705	12.442026400032539	23	234	59
2949.298149618189	3043.619453961155	28.607	66.255	37.647999999999996	0.106341	10.030221825135332	16	965	62
3043.619453961155	3052.479848058199	66.255	104.67699999999999	38.422	1.157181	10.253079701611217	9	964	63
3052.479848058199	3061.340242155243	0	38.422	38.422	1.157181	10.253079701611217	9	964	64
3061.340242155243	3155.6615464982087	28.607	66.255	37.647999999999996	0.106341	10.030221825135332	16	965	67
3155.6615464982087	3155.743685585878	66.255	106.631	40.376000000000005	134.866598	11.077819316795054	22	992	70
2329.564788134235	3164.528260080333	0	16.42	16.42	0.017942	14.980914613656884	18	934	444
3164.528260080333	3166.642325993125	28.607	45.471000000000004	16.864000000000004	9.20478	19.459511632747585	12	133	446
3155.743685585878	3168.9978057916715	0	40.343999999999994	40.343999999999994	1.355174	17.96163909576586	15	995	82
3168.9978057916715	3182.2519259974647	61.891000000000005	102.235	40.343999999999994	1.355174	17.96163909576586	15	995	89
3182.2519259974647	3276.5732303404307	28.607	66.255	37.647999999999996	0.106341	10.030221825135332	16	965	91
3276.5732303404307	3370.8945346833966	0	37.647999999999996	37.647999999999996	0.106341	10.030221825135332	16	965	94
3370.8945346833966	3371.3044108613963	61.891000000000005	101.57000000000001	39.679	35.668148	14.619524178558557	6	995	99
3371.3044108613963	3371.984536970352	28.607	69.761	41.153999999999996	18.293705	12.442026400032539	23	234	100
3371.984536970352	3681.73107996057	0	36.721000000000004	36.721000000000004	0.079638	24.667595190654954	20	228	102
3681.73107996057	3776.0523843035357	61.891000000000005	99.539	37.647999999999996	0.106341	10.030221825135332	16	965	108
3776.0523843035357	3784.9127784005796	28.607	67.029	38.422	1.157181	10.253079701611217	9	964	115
2832.821798584344	3853.25055777356	16.42	28.607	12.186999999999998	0.014681	14.980914613656884	18	994	445
3853.25055777356	3874.326732254952	61.891000000000005	77.634	15.742999999999995	0.487423	10.273012194243446	2	112	164
3874.326732254952	3876.557810793266	37.647999999999996	53.129999999999995	15.482	8.72202	19.459511632747585	12	73	166
3784.9127784005796	3879.2340827435455	0	37.647999999999996	37.647999999999996	0.106341	10.030221825135332	16	965	129
3876.557810793266	3896.785596537069	61.891000000000005	77.706	15.814999999999998	0.526946	10.658950786553993	1	1000	169
3896.785596537069	3900.1810703833066	0	15.575999999999993	15.575999999999993	5.913462	20.079005561720844	11	163	171
3900.1810703833066	3903.576544229544	15.575999999999993	31.151999999999987	15.575999999999993	5.913462	20.079005561720844	11	163	173
3903.576544229544	3910.8109955176214	0	0.018000000000000682	0.018000000000000682	3.993946	28.894007784211897	19	3	179
3910.8109955176214	3910.8144236031376	0.018000000000000682	15.811999999999998	15.793999999999997	6510.534478	22.31866894650097	14	101	180
3910.8144236031376	3911.250277095335	15.811999999999998	31.25	15.438000000000002	37.891516	16.515149573256803	7	19	182
3911.250277095335	3911.2537051808513	0	15.793999999999997	15.793999999999997	6510.534478	22.31866894650097	14	101	195
3911.2537051808513	3911.689558673049	15.793999999999997	31.232	15.438000000000002	37.891516	16.515149573256803	7	19	197
3911.689558673049	3911.692986758565	0	15.793999999999997	15.793999999999997	6510.534478	22.31866894650097	14	101	198
3911.692986758565	3913.9240652968792	15.793999999999997	31.275999999999996	15.482	8.72202	19.459511632747585	12	73	199
3913.9240652968792	3913.9274933823954	0	15.793999999999997	15.793999999999997	6510.534478	22.31866894650097	14	101	204
3879.2340827435455	3973.5553870865115	37.647999999999996	75.29599999999999	37.647999999999996	0.106341	10.030221825135332	16	965	131
3973.5553870865115	3973.8695216271644	0	35.456	35.456	50.553987	15.880753484421883	24	626	126
3973.8695216271644	3982.8157458417354	61.891000000000005	98.958	37.06699999999999	1.146079	10.253079701611217	9	933	389
3166.642325993125	4001.6057979392226	45.471000000000004	61.891000000000005	16.42	0.017942	14.980914613656884	18	934	163
4001.6057979392226	4004.953039589554	61.891000000000005	79.33	17.438999999999993	3.715035	12.43511988443879	4	225	212
4004.953039589554	4012.1874908776313	0	0.018000000000000682	0.018000000000000682	3.993946	28.894007784211897	19	3	215
4012.1874908776313	4015.5347325279627	31.536999999999992	48.975999999999985	17.438999999999993	3.715035	12.43511988443879	4	225	216
4015.5347325279627	4035.529656813297	48.975999999999985	66.16799999999998	17.191999999999993	0.513781	10.273012194243446	2	946	219
3982.8157458417354	4292.562288831953	0	36.721000000000004	36.721000000000004	0.079638	24.667595190654954	20	228	450
4292.562288831953	4365.3021837938595	66.16799999999998	118.36799999999997	52.19999999999999	0.222455	16.181353333750817	10	512	420
4365.3021837938595	4367.159197564324	31.536999999999992	85.659	54.122000000000014	9.552327	17.73880277898423	8	965	8
4367.159197564324	4367.2694074441515	0	51.21799999999999	51.21799999999999	195.676	21.565428445184704	13	997	13
4367.2694074441515	4368.8746536900735	66.16799999999998	118.66099999999997	52.492999999999995	7.670401	12.312882409966846	3	996	17
4368.8746536900735	4369.803302500193	31.536999999999992	85.56399999999998	54.02699999999999	23.554386	21.873752531996526	25	484	19
4369.803302500193	4371.408548746115	0	52.492999999999995	52.492999999999995	7.670401	12.312882409966846	3	996	26
4371.408548746115	4371.518758625943	66.16799999999998	117.38599999999997	51.21799999999999	195.676	21.565428445184704	13	997	27
4371.518758625943	4373.124004871865	31.536999999999992	84.02999999999999	52.492999999999995	7.670401	12.312882409966846	3	996	30
4373.124004871865	4396.54019248236	0	53.178	53.178	0.427055	10.0	0	422	36
4396.54019248236	4469.280087444266	66.16799999999998	118.36799999999997	52.19999999999999	0.222455	16.181353333750817	10	512	37
4469.280087444266	4470.885333690188	31.536999999999992	84.02999999999999	52.492999999999995	7.670401	12.312882409966846	3	996	45
4470.885333690188	4471.813982500308	0	54.02699999999999	54.02699999999999	23.554386	21.873752531996526	25	484	49
4471.813982500308	4471.9241923801355	66.16799999999998	117.38599999999997	51.21799999999999	195.676	21.565428445184704	13	997	50
4471.9241923801355	4495.340379990631	31.536999999999992	84.71499999999999	53.178	0.427055	10.0	0	422	51
4495.340379990631	4496.269028800751	0	54.02699999999999	54.02699999999999	23.554386	21.873752531996526	25	484	54
4496.269028800751	4497.19767761087	66.16799999999998	120.19499999999996	54.02699999999999	23.554386	21.873752531996526	25	484	58
4497.19767761087	4498.12632642099	31.536999999999992	85.56399999999998	54.02699999999999	23.554386	21.873752531996526	25	484	60
4498.12632642099	4570.866221382897	0	52.19999999999999	52.19999999999999	0.222455	16.181353333750817	10	512	61
4570.866221382897	4643.606116344803	66.16799999999998	118.36799999999997	52.19999999999999	0.222455	16.181353333750817	10	512	68
4643.606116344803	4644.534765154923	31.536999999999992	85.56399999999998	54.02699999999999	23.554386	21.873752531996526	25	484	69
4644.534765154923	4717.274660116829	0	52.19999999999999	52.19999999999999	0.222455	16.181353333750817	10	512	71
4717.274660116829	4718.879906362751	66.16799999999998	118.66099999999997	52.492999999999995	7.670401	12.312882409966846	3	996	72
4718.879906362751	4720.485152608673	31.536999999999992	84.02999999999999	52.492999999999995	7.670401	12.312882409966846	3	996	75
4720.485152608673	4720.5953624885005	0.018000000000000682	51.23599999999999	51.21799999999999	195.676	21.565428445184704	13	997	85
4720.5953624885005	4722.2006087344225	31.536999999999992	84.02999999999999	52.492999999999995	7.670401	12.312882409966846	3	996	90
4722.2006087344225	4724.057622504887	0.018000000000000682	54.140000000000015	54.122000000000014	9.552327	17.73880277898423	8	965	97
4724.057622504887	4725.914636275352	31.536999999999992	85.659	54.122000000000014	9.552327	17.73880277898423	8	965	98
4718.879906362751	4726.114357650828	0	0.018000000000000682	0.018000000000000682	3.993946	28.894007784211897	19	3	244
4725.914636275352	4749.330823885847	0.018000000000000682	53.196	53.178	0.427055	10.0	0	422	101
4749.330823885847	4749.441033765675	31.536999999999992	82.75499999999998	51.21799999999999	195.676	21.565428445184704	13	997	104
4749.441033765675	4822.180928727581	0.018000000000000682	52.21799999999999	52.19999999999999	0.222455	16.181353333750817	10	512	106
4822.180928727581	4823.109577537701	31.536999999999992	85.56399999999998	54.02699999999999	23.554386	21.873752531996526	25	484	110
4823.109577537701	4846.525765148196	0.018000000000000682	53.196	53.178	0.427055	10.0	0	422	114
3913.927493382396	4855.176212511378	15.793999999999997	31.536999999999992	15.742999999999995	0.015916	14.980914613656884	18	200	210
4855.176212511378	4857.079827282151	0.018000000000000682	17.796000000000006	17.778000000000006	10.2224	19.459511632747585	12	104	222
4857.079827282151	4876.608976006959	0	17.150000000000006	17.150000000000006	0.545797	10.658950786553993	1	938	224
4876.608976006959	4878.512590777732	0	17.778000000000006	17.778000000000006	10.2224	19.459511632747585	12	104	228
4878.512590777732	4881.859832428063	0	17.438999999999993	17.438999999999993	3.715035	12.43511988443879	4	225	230
4878.512590777732	4885.747042065809	0	0.018000000000000682	0.018000000000000682	3.993946	28.894007784211897	19	3	260
4846.525765148196	4919.2656601101025	31.536999999999992	83.73699999999998	52.19999999999999	0.222455	16.181353333750817	10	512	125
4919.2656601101025	4942.752298561488	0	51.93899999999999	51.93899999999999	0.425774	10.0	0	964	127
4942.752298561488	4944.624668493608	17.653999999999996	69.261	51.607	9.473984	17.73880277898423	8	992	388
4944.624668493608	4944.734878373435	69.261	120.47899999999998	51.21799999999999	195.676	21.565428445184704	13	997	390
4944.734878373435	4946.607248305555	0	51.607	51.607	9.473984	17.73880277898423	8	992	392
4946.607248305555	4970.09388675694	17.653999999999996	69.59299999999999	51.93899999999999	0.425774	10.0	0	964	393
4970.09388675694	4970.204096636768	69.59299999999999	120.81099999999998	51.21799999999999	195.676	21.565428445184704	13	997	452
4970.204096636768	5056.14971097044	0	51.03	51.03	0.175054	15.045123571566618	21	995	455
5056.14971097044	5110.280767550527	17.653999999999996	69.934	52.28	0.331097	17.922630440497368	17	772	459
5110.280767550527	5110.525421073017	69.934	121.827	51.893	64.911199	15.880753484421883	24	698	136
5110.525421073017	5112.162469864526	0	52.144000000000005	52.144000000000005	7.52139	12.312882409966846	3	964	138
5112.162469864526	5113.10597159353	17.653999999999996	67.95400000000001	50.30000000000001	23.183585	21.873752531996526	25	580	140
5113.10597159353	5114.049473322533	67.95400000000001	118.25400000000002	50.30000000000001	23.183585	21.873752531996526	25	580	145
5114.049473322533	5114.402839406666	0	52.26599999999999	52.26599999999999	41.372177	14.619524178558557	6	934	142
5114.402839406666	5116.0398881981755	17.653999999999996	69.798	52.144000000000005	7.52139	12.312882409966846	3	964	143
5116.0398881981755	5116.983389927179	69.798	120.09800000000001	50.30000000000001	23.183585	21.873752531996526	25	580	147
5116.983389927179	5128.863880908993	0	52.281000000000006	52.281000000000006	1.51186	17.96163909576586	15	903	148
5128.863880908993	5129.108534431483	17.653999999999996	69.547	51.893	64.911199	15.880753484421883	24	698	151
5129.108534431483	5215.054148765155	69.547	120.577	51.03	0.175054	15.045123571566618	21	995	152
5215.054148765155	5222.397662309053	0	47.474999999999994	47.474999999999994	1.396209	10.253079701611217	9	968	153
5222.397662309053	5222.642315831543	17.653999999999996	69.547	51.893	64.911199	15.880753484421883	24	698	157
5222.642315831543	5223.235315033748	69.547	117.285	47.738	20.981523	12.442026400032539	23	484	158
5223.235315033748	5223.588681117881	0	52.26599999999999	52.26599999999999	41.372177	14.619524178558557	6	934	159
5223.588681117881	5277.719737697968	17.653999999999996	69.934	52.28	0.331097	17.922630440497368	17	772	377
5277.719737697968	5279.592107630088	69.934	121.541	51.607	9.473984	17.73880277898423	8	992	378
5279.592107630088	5279.836761152578	0	51.893	51.893	64.911199	15.880753484421883	24	698	379
5279.836761152578	5280.190127236711	17.653999999999996	69.91999999999999	52.26599999999999	41.372177	14.619524178558557	6	934	381
5280.190127236711	5280.300337116539	69.91999999999999	121.13799999999998	51.21799999999999	195.676	21.565428445184704	13	997	382
5280.300337116539	5366.245951450211	0	51.03	51.03	0.175054	15.045123571566618	21	995	162
5366.245951450211	5366.838950652415	17.653999999999996	65.392	47.738	20.981523	12.442026400032539	23	484	165
5366.838950652415	5367.083604174905	65.392	117.285	51.893	64.911199	15.880753484421883	24	698	167
5367.083604174905	5374.427117718803	0	47.474999999999994	47.474999999999994	1.396209	10.253079701611217	9	968	168
5374.427117718803	5452.64828317385	17.653999999999996	68.98499999999999	51.33099999999999	0.128229	10.030221825135332	16	969	170
5452.64828317385	5464.528774155665	68.98499999999999	121.26599999999999	52.281000000000006	1.51186	17.96163909576586	15	903	172
5464.528774155665	5464.882140239798	0	52.26599999999999	52.26599999999999	41.372177	14.619524178558557	6	934	174
5464.882140239798	5537.622035201704	17.653999999999996	69.85399999999998	52.19999999999999	0.222455	16.181353333750817	10	512	175
5537.622035201704	5537.732245081532	69.85399999999998	121.07199999999997	51.21799999999999	195.676	21.565428445184704	13	997	176
5537.732245081532	5537.842454961359	0	51.21799999999999	51.21799999999999	195.676	21.565428445184704	13	997	177
5537.842454961359	5561.329093412744	17.653999999999996	69.59299999999999	51.93899999999999	0.425774	10.0	0	964	178
5561.329093412744	5562.272595141748	69.59299999999999	119.893	50.30000000000001	23.183585	21.873752531996526	25	580	181
4881.859832428063	5663.74472875671	0	17.653999999999996	17.653999999999996	0.01916	14.980914613656884	18	936	233
5663.74472875671	5680.971315886494	17.653999999999996	37.44199999999999	19.787999999999997	0.61875	10.658950786553993	1	1006	236
5562.272595141748	5817.810605238451	0	48.964	48.964	0.096532	24.667595190654954	20	234	183
5817.810605238451	5819.525589298817	58.32199999999999	106.95899999999999	48.637	7.17959	12.312882409966846	3	994	184
5819.525589298817	5902.371372559344	0.018000000000000682	45.57900000000001	45.56100000000001	0.121071	10.030221825135332	16	966	185
5902.371372559344	5904.08635661971	58.32199999999999	106.95899999999999	48.637	7.17959	12.312882409966846	3	994	186
5904.08635661971	5906.080838119476	0.018000000000000682	49.11500000000001	49.09700000000001	8.893942	17.73880277898423	8	963	188
5906.080838119476	6161.618848216179	58.32199999999999	107.28599999999999	48.964	0.096532	24.667595190654954	20	234	189
6161.618848216179	6163.613329715944	0.018000000000000682	49.11500000000001	49.09700000000001	8.893942	17.73880277898423	8	963	190
6163.613329715944	6163.732883575887	58.32199999999999	105.06399999999998	46.74199999999999	180.382536	21.565428445184704	13	995	191
6163.732883575887	6187.367343563928	0.018000000000000682	48.95099999999999	48.93299999999999	0.423111	10.0	0	772	192
6187.367343563928	6187.960342766133	58.32199999999999	106.05999999999999	47.738	20.981523	12.442026400032539	23	484	194
6187.960342766133	6188.9329569046095	0.018000000000000682	48.918000000000006	48.900000000000006	22.489651	21.873752531996526	25	932	196
6188.9329569046095	6201.34519573117	58.32199999999999	103.29599999999998	44.97399999999999	1.447091	17.96163909576586	15	997	201
6201.34519573117	6290.701111297007	0.018000000000000682	48.40100000000001	48.38300000000001	0.168373	15.045123571566618	21	236	202
6290.701111297007	6290.775987834153	58.32199999999999	105.062	46.74000000000001	147.947805	11.077819316795054	22	994	203
6290.775987834153	6373.62177109468	0.018000000000000682	45.57900000000001	45.56100000000001	0.121071	10.030221825135332	16	966	205
6373.62177109468	6374.214770296885	58.32199999999999	106.05999999999999	47.738	20.981523	12.442026400032539	23	484	206
6374.214770296885	6376.20925179665	0.018000000000000682	49.11500000000001	49.09700000000001	8.893942	17.73880277898423	8	963	207
6376.20925179665	6378.2037332964155	58.32199999999999	107.419	49.09700000000001	8.893942	17.73880277898423	8	963	208
6378.2037332964155	6379.918717356782	0.018000000000000682	48.655	48.637	7.17959	12.312882409966846	3	994	209
6379.918717356782	6381.633701417148	58.32199999999999	106.95899999999999	48.637	7.17959	12.312882409966846	3	994	211
5680.971315886494	6387.384981829668	37.44199999999999	58.32199999999999	20.879999999999995	0.021207	14.980914613656884	18	972	237
6387.384981829668	6387.387609100602	58.32199999999999	80.39699999999999	22.075000000000003	8495.000896	22.31866894650097	14	194	238
6381.633701417148	6388.977214961045	0.018000000000000682	47.492999999999995	47.474999999999994	1.396209	10.253079701611217	9	968	213
6388.977214961045	6389.823914537697	0	4.463999999999999	4.463999999999999	19.505324	16.515149573256803	7	0	314
6387.387609100602	6404.614196230386	0	19.787999999999997	19.787999999999997	0.61875	10.658950786553993	1	1006	240
6404.614196230386	6407.05717403222	0	23.417	23.417	8.21907	20.079005561720844	11	170	241
6407.05717403222	6409.500151834054	0	23.417	23.417	8.21907	20.079005561720844	11	170	242
6409.500151834054	6440.850050540846	0	23.147999999999996	23.147999999999996	0.386326	12.111280967800079	5	946	246
6440.850050540846	6443.371345471203	0	24.287000000000006	24.287000000000006	4.932037	12.43511988443879	4	385	249
6443.371345471203	6445.892640401561	0	24.287000000000006	24.287000000000006	4.932037	12.43511988443879	4	385	253
6388.977214961045	6471.822998221573	47.492999999999995	93.054	45.56100000000001	0.121071	10.030221825135332	16	966	214
6471.822998221573	6473.949029416772	0	45.13499999999999	45.13499999999999	8.343623	17.73880277898423	8	960	217
6473.949029416772	6564.998057942005	23.509	69.89899999999999	46.389999999999986	0.165242	15.045123571566618	21	204	218
6564.998057942005	6567.1240891372045	69.89899999999999	115.03399999999998	45.13499999999999	8.343623	17.73880277898423	8	960	220
6567.1240891372045	6567.202174213733	0	45.44	45.44	141.868585	11.077819316795054	22	963	221
6567.202174213733	6568.21828101885	23.509	69.086	45.577	21.527021	21.873752531996526	25	868	223
6568.21828101885	6575.452732306927	0	0.018000000000000682	0.018000000000000682	3.993946	28.894007784211897	19	3	350
6568.21828101885	6580.63051984541	69.086	114.05999999999999	44.97399999999999	1.447091	17.96163909576586	15	997	225
6580.63051984541	6581.014824586028	0	43.791	43.791	38.041488	14.619524178558557	6	997	226
6581.014824586028	6593.427063412589	23.509	68.48299999999999	44.97399999999999	1.447091	17.96163909576586	15	997	229
6593.427063412589	6593.547156890655	68.48299999999999	114.372	45.88900000000001	179.57202	21.565428445184704	13	994	231
6593.547156890655	6595.3310651126	0	45.46100000000001	45.46100000000001	6.902195	12.312882409966846	3	931	232
6595.3310651126	6597.1149733345455	23.509	68.97000000000001	45.46100000000001	6.902195	12.312882409966846	3	931	234
6597.1149733345455	6688.164001859779	68.97000000000001	115.36	46.389999999999986	0.165242	15.045123571566618	21	204	235
6688.164001859779	6688.79780363592	0	46.387	46.387	19.630785	12.442026400032539	23	612	239
6688.79780363592	6690.581711857865	23.509	68.97000000000001	45.46100000000001	6.902195	12.312882409966846	3	931	243
6690.581711857865	6702.993950684426	68.97000000000001	113.944	44.97399999999999	1.447091	17.96163909576586	15	997	245
6702.993950684426	6703.378255425044	0	43.791	43.791	38.041488	14.619524178558557	6	997	247
6703.378255425044	6703.49834890311	23.509	69.39800000000001	45.88900000000001	179.57202	21.565428445184704	13	994	248
6703.49834890311	6763.82054886103	69.39800000000001	115.50100000000002	46.10300000000001	0.297115	17.922630440497368	17	578	250
6763.82054886103	6788.790584817882	0	45.116000000000014	45.116000000000014	0.40048	10.0	0	452	251
6788.790584817882	6789.4243865940225	23.509	69.896	46.387	19.630785	12.442026400032539	23	612	252
6789.4243865940225	6872.27016985455	69.896	115.45700000000001	45.56100000000001	0.121071	10.030221825135332	16	966	255
6872.27016985455	6874.054078076495	0	45.46100000000001	45.46100000000001	6.902195	12.312882409966846	3	931	256
6874.054078076495	6875.070184881612	23.509	69.086	45.577	21.527021	21.873752531996526	25	868	257
6875.070184881612	6876.781874764795	69.086	115.03599999999999	45.94999999999999	11.730516	20.079005561720844	11	242	258
6876.781874764795	6876.783457437999	0	45.257000000000005	45.257000000000005	14101.880853	22.31866894650097	14	209	261
6876.781874764795	6884.0163260528725	23.509	23.527	0.018000000000000682	3.993946	28.894007784211897	19	3	397
6876.783457437999	6967.832485963232	23.527	69.91699999999999	46.389999999999986	0.165242	15.045123571566618	21	204	262
6445.892640401561	7116.870139109712	0	23.509	23.509	0.022327	14.980914613656884	18	943	254
6967.832485963232	7433.425307123627	69.91699999999999	114.07099999999998	44.153999999999996	0.032176	14.980914613656884	18	1021	264
7433.425307123627	7433.5454006016935	0	45.88900000000001	45.88900000000001	179.57202	21.565428445184704	13	994	265
7433.5454006016935	7435.329308823639	23.527	68.98800000000001	45.46100000000001	6.902195	12.312882409966846	3	931	266
7435.329308823639	7436.414453353782	68.98800000000001	113.00800000000002	44.02000000000001	17.932645	19.459511632747585	12	153	268
7436.414453353782	7448.886985089968	0	39.804	39.804	0.854594	10.658950786553993	1	893	269
7448.886985089968	7449.201119630621	29.989000000000004	65.44500000000001	35.456	50.553987	15.880753484421883	24	626	271
7436.414453353782	7472.088226734586	23.527	29.989000000000004	6.462000000000003	0.287971	10.273012194243446	2	66	306
7472.088226734586	7477.63911945847	23.509	33.172	9.662999999999997	3.617257	20.079005561720844	11	64	283
7477.63911945847	7528.851991802639	0	9.756	9.756	0.236489	12.111280967800079	5	964	286
7528.851991802639	7534.402884526523	0	9.662999999999997	9.662999999999997	3.617257	20.079005561720844	11	64	293
7534.402884526523	7539.953777250407	0	9.662999999999997	9.662999999999997	3.617257	20.079005561720844	11	64	310
7539.953777250407	7568.6630551296275	0	9.641000000000005	9.641000000000005	0.357829	10.273012194243446	2	422	313
7568.6630551296275	7574.213947853512	0	9.662999999999997	9.662999999999997	3.617257	20.079005561720844	11	64	316
7574.213947853512	7579.764840577396	0	9.662999999999997	9.662999999999997	3.617257	20.079005561720844	11	64	328
7579.764840577396	7585.3157333012805	0	9.662999999999997	9.662999999999997	3.617257	20.079005561720844	11	64	333
7585.3157333012805	7614.025011180501	0	9.641000000000005	9.641000000000005	0.357829	10.273012194243446	2	422	334
7614.025011180501	7642.734289059721	0	9.641000000000005	9.641000000000005	0.357829	10.273012194243446	2	422	340
7642.734289059721	7693.947161403889	0	9.756	9.756	0.236489	12.111280967800079	5	964	354
7693.947161403889	7745.160033748058	0	9.756	9.756	0.236489	12.111280967800079	5	964	356
7449.201119630621	7758.947662620839	65.44500000000001	102.16600000000001	36.721000000000004	0.079638	24.667595190654954	20	228	272
7758.947662620839	7759.261797161492	0	35.456	35.456	50.553987	15.880753484421883	24	626	273
7759.261797161492	7761.040615294424	23.509	57.806	34.297	6.990664	12.43511988443879	4	996	274
7761.040615294424	7770.09925853315	57.806	94.166	36.36	1.131856	10.253079701611217	9	932	275
7770.09925853315	7783.022942832667	0	36.696	36.696	0.824761	10.658950786553993	1	891	276
7116.870139109712	7787.847637817863	0	23.509	23.509	0.022327	14.980914613656884	18	943	267
7787.847637817863	7787.850091491915	60.205	82.878	22.673000000000002	9096.020282	22.31866894650097	14	137	289
7787.850091491915	7787.852545165967	9.756	32.429	22.673000000000002	9096.020282	22.31866894650097	14	137	290
7787.852545165967	7787.854998840019	60.205	82.878	22.673000000000002	9096.020282	22.31866894650097	14	137	291
7787.854998840019	7790.492269721381	9.756	33.126999999999995	23.370999999999995	4.715147	12.43511988443879	4	352	292
7790.492269721381	7790.913522392698	60.205	83.407	23.201999999999998	37.698879	15.880753484421883	24	462	295
7790.913522392698	7793.550793274059	9.756	33.126999999999995	23.370999999999995	4.715147	12.43511988443879	4	352	298
7793.550793274059	7793.9720459453765	60.205	83.407	23.201999999999998	37.698879	15.880753484421883	24	462	299
7793.9720459453765	7794.393298616694	9.756	32.958	23.201999999999998	37.698879	15.880753484421883	24	462	300
7783.022942832667	7795.9466271321835	23.509	60.205	36.696	0.824761	10.658950786553993	1	891	278
7795.9466271321835	7796.356503310183	9.756	49.435	39.679	35.668148	14.619524178558557	6	995	285
7745.160033748058	7796.372906092226	0	9.756	9.756	0.236489	12.111280967800079	5	964	358
7794.393298616694	7811.619885746478	60.205	79.993	19.787999999999997	0.61875	10.658950786553993	1	1006	303
7811.619885746478	7811.622555794818	0	20.423000000000002	20.423000000000002	8358.900703	22.31866894650097	14	164	323
7811.622555794818	7813.48075640729	20.423000000000002	40.32300000000001	19.900000000000006	10.472234	19.459511632747585	12	134	326
7813.48075640729	7830.707343537074	40.32300000000001	60.111000000000004	19.787999999999997	0.61875	10.658950786553993	1	1006	336
7830.707343537074	7830.710013585414	60.111000000000004	80.534	20.423000000000002	8358.900703	22.31866894650097	14	164	351
7796.372906092226	7847.585778436394	0	9.756	9.756	0.236489	12.111280967800079	5	964	364
7830.710013585414	7847.936600715198	0	19.787999999999997	19.787999999999997	0.61875	10.658950786553993	1	1006	352
7847.936600715198	7847.939478386854	30.560999999999993	50.139999999999986	19.578999999999994	7755.808034	22.31866894650097	14	162	360
7847.939478386854	7865.166065516638	50.139999999999986	69.92799999999998	19.787999999999997	0.61875	10.658950786553993	1	1006	363
7796.356503310183	7865.293674456585	0	39.39599999999999	39.39599999999999	0.259985	17.922630440497368	17	416	287
7865.293674456585	7865.998414711189	0	39.84	39.84	17.654769	12.442026400032539	23	448	288
7865.166065516638	7868.265821323655	69.92799999999998	89.17599999999999	19.248000000000005	4.011645	12.43511988443879	4	227	398
7868.265821323655	7885.492408453439	0	19.787999999999997	19.787999999999997	0.61875	10.658950786553993	1	1006	404
7885.492408453439	7885.850578554421	30.560999999999993	50.741	20.180000000000007	46.109794	16.515149573256803	7	26	405
7885.850578554421	7885.853248602762	50.741	71.164	20.423000000000002	8358.900703	22.31866894650097	14	164	406
7865.998414711189	7960.319719054155	0	37.647999999999996	37.647999999999996	0.106341	10.030221825135332	16	965	294
7960.319719054155	7961.03855145835	30.560999999999993	68.34899999999999	37.788	17.308661	12.442026400032539	23	232	297
7961.038551458351	8270.785094448569	68.34899999999999	105.07	36.721000000000004	0.079638	24.667595190654954	20	228	301
8270.785094448569	8271.099228989222	0	35.456	35.456	50.553987	15.880753484421883	24	626	304
8271.09922898922	8580.845771979439	30.560999999999993	67.282	36.721000000000004	0.079638	24.667595190654954	20	228	305
7885.853248602762	8592.266914545935	0	20.879999999999995	20.879999999999995	0.021207	14.980914613656884	18	972	408
8592.266914545935	8610.672613791905	0	21.674999999999997	21.674999999999997	0.558143	10.273012194243446	2	759	416
8610.672613791905	8611.030783892887	0	20.180000000000007	20.180000000000007	46.109794	16.515149573256803	7	26	418
8611.030783892887	8611.38895399387	0	20.180000000000007	20.180000000000007	46.109794	16.515149573256803	7	26	414
8611.38895399387	8613.12218270437	0	21.589	21.589	11.227319	19.459511632747585	12	137	415
8613.12218270437	8613.12485275271	0	20.423000000000002	20.423000000000002	8358.900703	22.31866894650097	14	164	429
8613.12485275271	8614.85808146321	0	21.589	21.589	11.227319	19.459511632747585	12	137	430
8614.85808146321	8616.59131017371	0	21.589	21.589	11.227319	19.459511632747585	12	137	441
8616.59131017371	8633.817897303494	0	19.787999999999997	19.787999999999997	0.61875	10.658950786553993	1	1006	421
8633.817897303494	8651.044484433278	0	19.787999999999997	19.787999999999997	0.61875	10.658950786553993	1	1006	423
8651.044484433278	8683.848870622223	0	21.679000000000002	21.679000000000002	0.369197	12.111280967800079	5	880	427
8580.845771979439	8686.689266802096	67.282	104.718	37.43600000000001	0.142145	15.045123571566618	21	198	307
8683.848870622223	8686.72492461807	0	21.242000000000004	21.242000000000004	4.323674	12.43511988443879	4	228	79
8686.689266802096	8781.010571145061	0	37.647999999999996	37.647999999999996	0.106341	10.030221825135332	16	965	317
8781.010571145061	8781.324705685714	51.44099999999999	86.89699999999999	35.456	50.553987	15.880753484421883	24	626	318
8781.324705685714	8781.638840226367	0	35.456	35.456	50.553987	15.880753484421883	24	626	319
8781.638840226367	8782.082160510394	51.44099999999999	87.52699999999999	36.086	32.977341	14.619524178558557	6	993	320
8782.082160510394	8796.097555044238	0	37.30500000000001	37.30500000000001	1.281565	17.96163909576586	15	930	322
8796.097555044238	8901.941049866895	51.44099999999999	88.877	37.43600000000001	0.142145	15.045123571566618	21	198	330
7847.585778436394	8949.285632360272	19.787999999999997	30.560999999999993	10.772999999999996	0.013598	14.980914613656884	18	928	399
8949.285632360272	8956.52008364835	51.44099999999999	51.45899999999999	0.018000000000000682	3.993946	28.894007784211897	19	3	76
8956.52008364835	9001.710587436712	51.45899999999999	63.513999999999996	12.055000000000007	0.268005	12.111280967800079	5	870	113
9001.710587436712	9008.945038724789	63.513999999999996	63.532	0.018000000000000682	3.993946	28.894007784211897	19	3	456
9008.945038724789	9033.243929615834	63.532	75.854	12.322000000000003	0.422777	10.273012194243446	2	172	227
9033.243929615834	9057.542820506878	0	12.322000000000003	12.322000000000003	0.422777	10.273012194243446	2	172	329
8901.941049866895	9211.687592857113	0	36.721000000000004	36.721000000000004	0.079638	24.667595190654954	20	228	337
9211.687592857113	9212.66020699559	51.44099999999999	100.341	48.900000000000006	22.489651	21.873752531996526	25	932	270
9212.66020699559	9214.654688495355	12.322000000000003	61.41900000000001	49.09700000000001	8.893942	17.73880277898423	8	963	277
9214.654688495355	9238.289148483396	51.44099999999999	100.37399999999998	48.93299999999999	0.423111	10.0	0	772	279
9238.289148483396	9261.923608471438	12.322000000000003	61.254999999999995	48.93299999999999	0.423111	10.0	0	772	280
9261.923608471438	9263.918089971203	51.44099999999999	100.538	49.09700000000001	8.893942	17.73880277898423	8	963	281
9263.918089971203	9265.63307403157	12.322000000000003	60.959	48.637	7.17959	12.312882409966846	3	994	284
9265.63307403157	9266.605688170046	51.44099999999999	100.341	48.900000000000006	22.489651	21.873752531996526	25	932	296
9266.605688170046	9266.72524202999	12.322000000000003	59.06399999999999	46.74199999999999	180.382536	21.565428445184704	13	995	309
9266.72524202999	9266.844795889934	51.44099999999999	98.18299999999998	46.74199999999999	180.382536	21.565428445184704	13	995	311
9266.844795889934	9267.81741002841	12.322000000000003	61.22200000000001	48.900000000000006	22.489651	21.873752531996526	25	932	315
9267.81741002841	9268.790024166887	51.44099999999999	100.341	48.900000000000006	22.489651	21.873752531996526	25	932	321
9268.790024166887	9270.784505666652	12.322000000000003	61.41900000000001	49.09700000000001	8.893942	17.73880277898423	8	963	324
9270.784505666652	9272.499489727019	51.44099999999999	100.07799999999999	48.637	7.17959	12.312882409966846	3	994	331
9272.499489727019	9329.569206587172	12.322000000000003	60.757000000000005	48.435	0.314048	17.922630440497368	17	866	332
8686.72492461807	9393.138590561244	30.560999999999993	51.44099999999999	20.879999999999995	0.021207	14.980914613656884	18	972	117
9393.138590561244	9393.559843232562	12.322000000000003	35.524	23.201999999999998	37.698879	15.880753484421883	24	462	440
9393.559843232562	9393.98109590388	0	23.201999999999998	23.201999999999998	37.698879	15.880753484421883	24	462	460
9329.569206587172	9412.414989847699	51.44099999999999	97.002	45.56100000000001	0.121071	10.030221825135332	16	966	339
9412.414989847699	9474.16975209935	0	68.946	68.946	0.262026	16.181353333750817	10	358	187
9474.16975209935	9535.924514351	23.201999999999998	92.148	68.946	0.262026	16.181353333750817	10	358	193
9535.924514351	9597.67927660265	0	68.946	68.946	0.262026	16.181353333750817	10	358	200
9597.67927660265	9659.4340388543	23.201999999999998	92.148	68.946	0.262026	16.181353333750817	10	358	263
9659.4340388543	9721.188801105951	0	68.946	68.946	0.262026	16.181353333750817	10	358	335
9721.188801105951	9782.943563357601	23.201999999999998	92.148	68.946	0.262026	16.181353333750817	10	358	341
9782.943563357601	9849.205294259082	0	68.30799999999999	68.30799999999999	0.227056	15.045123571566618	21	1007	342
9849.205294259082	9849.67566351253	23.201999999999998	92.577	69.375	26.451615	12.442026400032539	23	490	343
9849.67566351253	10060.047711157062	0	68.18700000000001	68.18700000000001	0.117257	24.667595190654954	20	244	345
10060.047711157062	10061.646612904136	23.201999999999998	92.459	69.257	11.094367	17.73880277898423	8	968	346
10061.646612904136	10128.451961377474	0	66.18799999999999	66.18799999999999	0.150141	10.030221825135332	16	975	347
10128.451961377474	10130.050863124548	23.201999999999998	92.459	69.257	11.094367	17.73880277898423	8	968	349
10130.050863124548	10130.111289274933	0	68.333	68.333	183.328232	11.077819316795054	22	936	355
10130.111289274933	10131.455715852357	23.201999999999998	92.53299999999999	69.33099999999999	9.158464	12.312882409966846	3	968	357
10131.455715852357	10137.565518455727	0	67.78299999999999	67.78299999999999	1.678136	10.253079701611217	9	880	362
10137.565518455727	10347.93756610026	23.201999999999998	91.38900000000001	68.18700000000001	0.117257	24.667595190654954	20	244	366
10347.93756610026	10349.536467847334	0	69.257	69.257	11.094367	17.73880277898423	8	968	367
10349.536467847334	10350.006837100782	23.201999999999998	92.577	69.375	26.451615	12.442026400032539	23	490	368
10350.006837100782	10350.288225960885	0	69.76499999999999	69.76499999999999	51.954879	14.619524178558557	6	1005	370
10350.288225960885	10350.569614820988	23.22	92.98499999999999	69.76499999999999	51.954879	14.619524178558557	6	1005	372
10350.006837100782	10357.24128838886	23.201999999999998	23.22	0.018000000000000682	3.993946	28.894007784211897	19	3	369
10350.569614820988	10395.134205196493	0	68.11000000000001	68.11000000000001	0.402172	17.922630440497368	17	840	374
10395.134205196493	10414.51374969968	23.22	92.227	69.007	0.516008	10.0	0	588	395
10414.51374969968	10476.26851195133	0	68.946	68.946	0.262026	16.181353333750817	10	358	396
10476.26851195133	10477.04654322581	23.22	91.84200000000001	68.62200000000001	28.114233	21.873752531996526	25	488	400
10477.04654322581	10478.645444972884	0	69.257	69.257	11.094367	17.73880277898423	8	968	401
10478.645444972884	10540.400207224535	23.22	92.166	68.946	0.262026	16.181353333750817	10	358	403
10540.400207224535	10602.154969476185	0	68.946	68.946	0.262026	16.181353333750817	10	358	407
10602.154969476185	10663.909731727836	23.22	92.166	68.946	0.262026	16.181353333750817	10	358	409
10663.909731727836	10725.664493979486	0	68.946	68.946	0.262026	16.181353333750817	10	358	417
10725.664493979486	10725.755691387454	23.22	89.12700000000001	65.90700000000001	236.469752	21.565428445184704	13	1000	419
10725.755691387454	10725.81611753784	0	68.333	68.333	183.328232	11.077819316795054	22	936	411
10725.81611753784	10725.907314945807	23.22	89.12700000000001	65.90700000000001	236.469752	21.565428445184704	13	1000	412
10725.907314945807	10727.25174152323	0	69.33099999999999	69.33099999999999	9.158464	12.312882409966846	3	968	413
10727.25174152323	10728.596168100654	23.22	92.55099999999999	69.33099999999999	9.158464	12.312882409966846	3	968	431
10728.596168100654	10737.59440824145	0	69.756	69.756	1.996128	17.96163909576586	15	1004	432
10737.59440824145	10803.85613914293	23.22	91.52799999999999	68.30799999999999	0.227056	15.045123571566618	21	1007	433
10803.85613914293	10804.63417041741	0	68.62200000000001	68.62200000000001	28.114233	21.873752531996526	25	488	434
10804.63417041741	10805.978596994833	23.22	92.55099999999999	69.33099999999999	9.158464	12.312882409966846	3	968	435
10805.978596994833	10806.259985854937	0	69.76499999999999	69.76499999999999	51.954879	14.619524178558557	6	1005	437
10806.259985854937	10815.258225995733	23.22	92.976	69.756	1.996128	17.96163909576586	15	1004	438
10815.258225995733	10859.822816371237	0	68.11000000000001	68.11000000000001	0.402172	17.922630440497368	17	840	439
10859.822816371237	10859.883242521622	23.22	91.553	68.333	183.328232	11.077819316795054	22	936	442
10859.883242521622	11070.255290166155	0	68.18700000000001	68.18700000000001	0.117257	24.667595190654954	20	244	458
11070.255290166155	11070.725659419602	23.22	92.595	69.375	26.451615	12.442026400032539	23	490	74
11070.725659419602	11136.987390321083	0	68.30799999999999	68.30799999999999	0.227056	15.045123571566618	21	1007	109
11136.987390321083	11198.742152572733	23.22	92.166	68.946	0.262026	16.181353333750817	10	358	451
11198.742152572733	11207.74039271353	0	69.756	69.756	1.996128	17.96163909576586	15	1004	422
11207.74039271353	11274.545741186867	23.22	89.40799999999999	66.18799999999999	0.150141	10.030221825135332	16	975	424
11274.545741186867	11275.323772461346	0	68.62200000000001	68.62200000000001	28.114233	21.873752531996526	25	488	425
11275.323772461346	11275.384198611731	23.22	91.553	68.333	183.328232	11.077819316795054	22	936	426
11275.384198611731	11342.189547085069	0	66.18799999999999	66.18799999999999	0.150141	10.030221825135332	16	975	122
11342.189547085069	11343.533973662492	23.22	92.55099999999999	69.33099999999999	9.158464	12.312882409966846	3	968	96
11343.533973662492	11343.62517107046	0	65.90700000000001	65.90700000000001	236.469752	21.565428445184704	13	1000	86
11343.62517107046	11345.224072817535	23.22	92.477	69.257	11.094367	17.73880277898423	8	968	103
11345.224072817535	11412.029421290872	0	66.18799999999999	66.18799999999999	0.150141	10.030221825135332	16	975	105
11412.029421290872	11412.807452565352	23.22	91.84200000000001	68.62200000000001	28.114233	21.873752531996526	25	488	119
11412.807452565352	11413.585483839832	0	68.62200000000001	68.62200000000001	28.114233	21.873752531996526	25	488	453
11413.585483839832	11414.929910417255	23.22	92.55099999999999	69.33099999999999	9.158464	12.312882409966846	3	968	259
11414.929910417255	11415.400279670703	0	69.375	69.375	26.451615	12.442026400032539	23	490	353
11415.400279670703	11625.772327315235	23.22	91.40700000000001	68.18700000000001	0.117257	24.667595190654954	20	244	302
11625.772327315235	11625.863524723203	0	65.90700000000001	65.90700000000001	236.469752	21.565428445184704	13	1000	308
11625.863524723203	11625.954722131171	23.22	89.12700000000001	65.90700000000001	236.469752	21.565428445184704	13	1000	359
11625.954722131171	11632.064524734542	0	67.78299999999999	67.78299999999999	1.678136	10.253079701611217	9	880	282
11632.064524734542	11698.326255636022	23.22	91.52799999999999	68.30799999999999	0.227056	15.045123571566618	21	1007	327
11698.326255636022	11760.081017887673	0	68.946	68.946	0.262026	16.181353333750817	10	358	312
11760.081017887673	11779.46056239086	23.22	92.227	69.007	0.516008	10.0	0	588	325
11779.46056239086	11779.672453402181	0	68.57300000000001	68.57300000000001	74.947745	15.880753484421883	24	924	338
11779.672453402181	11845.934184303662	23.22	91.52799999999999	68.30799999999999	0.227056	15.045123571566618	21	1007	365
11845.934184303662	11847.533086050737	0	69.257	69.257	11.094367	17.73880277898423	8	968	344
11847.533086050737	11848.003455304184	23.22	92.595	69.375	26.451615	12.442026400032539	23	490	361
11848.003455304184	11848.781486578664	0	68.62200000000001	68.62200000000001	28.114233	21.873752531996526	25	488	348
11848.781486578664	11915.586835052001	23.22	89.40799999999999	66.18799999999999	0.150141	10.030221825135332	16	975	371
11915.586835052001	11960.151425427506	0	68.11000000000001	68.11000000000001	0.402172	17.922630440497368	17	840	373
11960.151425427506	12004.716015803011	23.22	91.33000000000001	68.11000000000001	0.402172	17.922630440497368	17	840	0
