0	3.1480644512267464	0	6.144999999999996	6.144999999999996	3.202904	10.082948223091952	12	4	0
0	3.1480644512267464	6.144999999999996	12.289999999999992	6.144999999999996	3.202904	10.082948223091952	12	4	123
0	15.667321146001775	51.68599999999998	88.99099999999999	37.30500000000001	1.281565	20.078690424475766	15	930	141
0	87.74566844406617	12.289999999999992	51.68599999999998	39.39599999999999	0.259985	22.812557610430545	17	416	133
0	106.08889420613664	88.99099999999999	274.031	185.04000000000002	0.160491	17.026312720037076	20	1021	146
106.08889420613664	106.1002220298998	100.902	107.495	6.5930000000000035	2048.342564	23.203263571543708	14	0	385
106.08889420613664	106.38756370071778	0	23.201999999999998	23.201999999999998	37.698879	11.259505137205096	24	462	154
106.08889420613664	118.22571501447318	107.495	299.228	191.733	0.823939	10.0	0	1023	394
106.08889420613664	118.28929424603905	23.201999999999998	63.006	39.804	0.854594	10.426388671700357	1	893	161
106.08889420613664	118.29836640761278	63.006	100.902	37.896	0.853959	10.426388671700357	1	892	376
118.29836640761278	124.06828312012706	146.557	153.06	6.503	1.803822	10.407902704200952	6	0	410
118.29836640761278	133.96568755361454	153.06	190.365	37.30500000000001	1.281565	20.078690424475766	15	930	420
118.29836640761278	154.81949677687507	190.365	196.827	6.462000000000003	0.287971	10.51702643356683	2	66	428
118.29836640761278	231.994499907678	196.827	287.88	91.053	0.257041	29.224567850990265	21	1013	436
118.29836640761278	233.16406465650687	0	146.557	146.557	0.148228	17.026312720037076	20	1015	402
233.16406465650687	233.73025703259336	0	4.463999999999999	4.463999999999999	19.505324	11.043765741897023	7	0	443
233.16406465650687	234.69267117722714	111.22900000000001	155.36	44.131	21.264104	32.50444803167399	25	642	2
233.16406465650687	258.84191561846774	155.36	166.758	11.397999999999996	0.406046	10.426388671700357	1	994	3
233.16406465650687	491.66960061332554	4.463999999999999	32.429	27.965000000000003	0.113052	29.224567850990265	21	162	447
233.16406465650687	542.4853572515046	32.429	111.22900000000001	78.80000000000001	0.041014	12.686503494491237	18	1022	1
542.4853572515046	543.0515496275912	50.79399999999998	55.25799999999998	4.463999999999999	19.505324	11.043765741897023	7	0	6
542.4853572515046	568.1632082134655	39.39599999999999	50.79399999999998	11.397999999999996	0.406046	10.426388671700357	1	994	5
542.4853572515046	630.2310256955708	0	39.39599999999999	39.39599999999999	0.259985	22.812557610430545	17	416	4
542.4853572515046	630.2310256955708	134.058	173.45399999999998	39.39599999999999	0.259985	22.812557610430545	17	416	8
542.4853572515046	851.8066498465023	55.25799999999998	134.058	78.80000000000001	0.041014	12.686503494491237	18	1022	7
851.8066498465023	857.5734886537882	0	0.018000000000000682	0.018000000000000682	3.993946	23.03244278700427	19	3	9
851.8066498465023	863.3870254608966	0.018000000000000682	31.117999999999995	31.099999999999994	1.050567	12.165960468087341	9	898	10
851.8066498465023	867.4739709925041	261.717	299.022	37.30500000000001	1.281565	20.078690424475766	15	930	13
851.8066498465023	875.5645991129305	248.789	261.717	12.927999999999997	0.442674	10.51702643356683	2	142	12
851.8066498465023	875.6625103939631	31.117999999999995	248.789	217.671	0.615455	14.682208653237506	10	1019	11
875.6625103939631	901.4264547917788	0	7.454999999999998	7.454999999999998	0.566112	14.585278090936255	8	0	14
875.6625103939631	996.0729124037455	15.341999999999999	95.682	80.34	0.242708	29.224567850990265	21	1009	16
875.6625103939631	996.0729124037455	95.682	176.022	80.34	0.242708	29.224567850990265	21	1009	17
875.6625103939631	996.7673043846249	7.454999999999998	15.341999999999999	7.8870000000000005	0.165796	20.078690424475766	15	64	15
875.6625103939631	1000.4751242563468	176.022	294.51599999999996	118.494	0.136415	17.026312720037076	20	1009	18
1000.4751242563468	1016.9088660299906	0	5.3430000000000035	5.3430000000000035	0.661317	10.867912808520783	4	0	19
1000.4751242563468	1132.604175675496	5.3430000000000035	72.229	66.886	0.221182	29.224567850990265	21	1005	20
1000.4751242563468	1132.604175675496	166.11599999999999	233.00199999999998	66.886	0.221182	29.224567850990265	21	1005	23
1000.4751242563468	1132.604175675496	233.00199999999998	299.888	66.886	0.221182	29.224567850990265	21	1005	24
1000.4751242563468	1133.6076031056475	72.229	166.11599999999999	93.887	0.12789	17.026312720037076	20	252	22
1133.6076031056475	1133.6189309294107	94.551	101.144	6.5930000000000035	2048.342564	23.203263571543708	14	0	28
1133.6076031056475	1133.9062726002287	71.349	94.551	23.201999999999998	37.698879	11.259505137205096	24	462	27
1133.6076031056475	1135.537187409331	45.56100000000001	71.349	25.787999999999997	13.253397	25.573546821685294	23	226	26
1133.6076031056475	1238.092901485066	0	45.56100000000001	45.56100000000001	0.121071	12.650139560094573	16	966	25
1133.6076031056475	1239.6964973117842	101.144	286.184	185.04000000000002	0.160491	17.026312720037076	20	1021	29
1239.6964973117842	1241.2617059781758	0	6.983000000000004	6.983000000000004	10.707272	16.75911492781069	13	0	30
1239.6964973117842	1242.844561763011	256.329	262.474	6.144999999999996	3.202904	10.082948223091952	12	4	32
1239.6964973117842	1243.2622399254803	269.731	283.628	13.897000000000006	3.047868	10.867912808520783	4	161	34
1239.6964973117842	1244.6865213369574	262.474	269.731	7.257000000000005	3.101002	15.474074482110225	11	36	33
1239.6964973117842	1338.687838606666	6.983000000000004	256.329	249.346	0.171998	17.026312720037076	20	1023	31
1338.687838606666	1340.2530472730575	242.39000000000001	249.37300000000002	6.983000000000004	10.707272	16.75911492781069	13	0	38
1338.687838606666	1340.4380117716214	152.4	196.929	44.528999999999996	8.33362	14.585278090936255	8	961	36
1338.687838606666	1340.5633921531007	196.929	242.39000000000001	45.46100000000001	6.902195	12.94543631043449	3	931	37
1338.687838606666	1340.5633921531007	249.37300000000002	294.83400000000006	45.46100000000001	6.902195	12.94543631043449	3	931	39
1338.687838606666	1343.4366071930606	0	152.4	152.4	2.561919	12.165960468087341	9	830	35
1343.4366071930606	1348.174259157313	6.100999999999999	10.891000000000005	4.790000000000006	6.748091	31.97010658110419	22	0	41
1343.4366071930606	1355.016982807455	10.891000000000005	41.991	31.099999999999994	1.050567	12.165960468087341	9	898	42
1343.4366071930606	1359.1173090059235	0	6.100999999999999	6.100999999999999	1.630893	25.573546821685294	23	0	40
1343.4366071930606	1369.0355586600085	41.991	85.20100000000001	43.21000000000001	0.390641	10.0	0	610	43
1343.4366071930606	1652.7578997880582	85.20100000000001	164.00100000000003	78.80000000000001	0.041014	12.686503494491237	18	1022	44
1652.7578997880582	1653.3240921641448	242.09499999999997	246.55899999999997	4.463999999999999	19.505324	11.043765741897023	7	0	49
1652.7578997880582	1654.2865063087786	0	44.131	44.131	21.264104	32.50444803167399	25	642	45
1652.7578997880582	1654.5080729530137	44.131	88.66	44.528999999999996	8.33362	14.585278090936255	8	961	46
1652.7578997880582	1654.6874840917417	216.307	242.09499999999997	25.787999999999997	13.253397	25.573546821685294	23	226	48
1652.7578997880582	1754.767288808196	88.66	216.307	127.64699999999999	0.286489	29.224567850990265	21	1021	47
1754.767288808196	1780.1612135472678	26.79100000000001	90.11400000000002	63.32300000000001	0.587587	14.921140055656902	5	254	52
1754.767288808196	1780.355218879869	0	20.665000000000006	20.665000000000006	0.475457	12.165960468087341	9	193	50
1754.767288808196	1780.5312332060118	90.11400000000002	97.56900000000002	7.454999999999998	0.566112	14.585278090936255	8	0	53
1754.767288808196	1780.685648401879	20.665000000000006	26.79100000000001	6.126000000000005	1.254109	32.50444803167399	25	0	51
1754.767288808196	1780.7165727532326	97.56900000000002	278.343	180.774	0.565804	14.682208653237506	10	1015	54
1780.7165727532326	1780.7279005769958	0.018000000000000682	6.611000000000004	6.5930000000000035	2048.342564	23.203263571543708	14	0	56
1780.7165727532326	1782.466745918188	252.753	297.282	44.528999999999996	8.33362	14.585278090936255	8	961	59
1780.7165727532326	1786.4834115605186	0	0.018000000000000682	0.018000000000000682	3.993946	23.03244278700427	19	3	55
1780.7165727532326	1882.7259617733705	6.611000000000004	134.25799999999998	127.64699999999999	0.286489	29.224567850990265	21	1021	57
1780.7165727532326	1885.2644002046973	134.25799999999998	252.753	118.495	0.279533	29.224567850990265	21	1019	58
1885.2644002046973	1890.0020521689496	67.343	72.13300000000001	4.790000000000006	6.748091	31.97010658110419	22	0	63
1885.2644002046973	1893.1869965542671	58.75200000000001	67.343	8.590999999999994	3.227925	25.573546821685294	23	32	62
1885.2644002046973	1894.2155372511031	45.543000000000006	58.75200000000001	13.209000000000003	1.629433	14.585278090936255	8	64	61
1885.2644002046973	1894.457059403535	0	45.543000000000006	45.543000000000006	1.323443	12.165960468087341	9	966	60
1885.2644002046973	1894.6945415897715	72.13300000000001	138.044	65.911	1.105645	10.426388671700357	1	990	64
1894.6945415897715	1894.7058694135346	0	6.5930000000000035	6.5930000000000035	2048.342564	23.203263571543708	14	0	65
1894.6945415897715	1894.7058694135346	32.381	38.974000000000004	6.5930000000000035	2048.342564	23.203263571543708	14	0	67
1894.6945415897715	1895.0101492885306	38.974000000000004	75.06	36.086	32.977341	10.407902704200952	6	993	68
1894.6945415897715	1896.624125893455	6.5930000000000035	32.381	25.787999999999997	13.253397	25.573546821685294	23	226	66
1894.6945415897715	1944.9377699897689	75.06	272.727	197.66699999999997	0.251778	12.650139560094573	16	991	69
1944.9377699897689	1950.7076867022831	100.21400000000001	106.71700000000001	6.503	1.803822	10.407902704200952	6	0	74
1944.9377699897689	1952.8385394976367	86.10600000000001	94.11300000000001	8.007000000000005	1.425115	11.259505137205096	24	0	72
1944.9377699897689	1960.6184718026318	94.11300000000001	100.21400000000001	6.100999999999999	1.630893	25.573546821685294	23	0	73
1944.9377699897689	2021.6716854122972	78.80000000000001	86.10600000000001	7.305999999999997	0.194453	14.921140055656902	5	288	71
1944.9377699897689	2254.2590625847665	0	78.80000000000001	78.80000000000001	0.041014	12.686503494491237	18	1022	70
2254.2590625847665	2254.825254960853	50.19300000000001	54.65700000000001	4.463999999999999	19.505324	11.043765741897023	7	0	77
2254.2590625847665	2255.824271251158	43.21000000000001	50.19300000000001	6.983000000000004	10.707272	16.75911492781069	13	0	76
2254.2590625847665	2260.025901392052	54.65700000000001	54.67500000000001	0.018000000000000682	3.993946	23.03244278700427	19	3	78
2254.2590625847665	2279.8580140517142	0	43.21000000000001	43.21000000000001	0.390641	10.0	0	610	75
2254.2590625847665	2563.5803551797644	54.67500000000001	133.47500000000002	78.80000000000001	0.041014	12.686503494491237	18	1022	79
2563.5803551797644	2565.1455638461557	0	6.983000000000004	6.983000000000004	10.707272	16.75911492781069	13	0	80
2563.5803551797644	2565.509939483448	6.983000000000004	32.771	25.787999999999997	13.253397	25.573546821685294	23	226	82
2563.5803551797644	2569.3502718922787	108.837	115.34	6.503	1.803822	10.407902704200952	6	0	86
2563.5803551797644	2571.4811246876325	100.83	108.837	8.007000000000005	1.425115	11.259505137205096	24	0	85
2563.5803551797644	2587.1779552019952	32.771	100.83	68.059	0.632316	14.921140055656902	5	1023	84
2587.1779552019952	2587.1892830257584	0	6.5930000000000035	6.5930000000000035	2048.342564	23.203263571543708	14	0	87
2587.1779552019952	2587.4766246965764	6.5930000000000035	29.795	23.201999999999998	37.698879	11.259505137205096	24	462	89
2587.1779552019952	2590.7436978156916	29.795	43.69200000000001	13.897000000000006	3.047868	10.867912808520783	4	161	90
2587.1779552019952	2590.7436978156916	43.69200000000001	57.58900000000001	13.897000000000006	3.047868	10.867912808520783	4	161	91
2587.1779552019952	2693.2668494081317	57.58900000000001	242.62900000000002	185.04000000000002	0.160491	17.026312720037076	20	1021	92
2693.2668494081317	2701.167618916	164.68699999999998	172.694	8.007000000000005	1.425115	11.259505137205096	24	0	97
2693.2668494081317	2739.639835091683	159.22799999999998	164.68699999999998	5.459000000000003	0.279159	12.94543631043449	3	0	95
2693.2668494081317	2759.267652506455	0	52.19999999999999	52.19999999999999	0.222455	14.682208653237506	10	512	93
2693.2668494081317	2824.2556150162272	172.694	290.84799999999996	118.154	0.129983	17.026312720037076	20	222	98
2693.2668494081317	2825.85400926389	52.19999999999999	159.22799999999998	107.02799999999999	0.128416	17.026312720037076	20	1007	94
2825.85400926389	2825.865337087653	25.787999999999997	32.381	6.5930000000000035	2048.342564	23.203263571543708	14	0	102
2825.85400926389	2826.152678758471	32.381	55.583	23.201999999999998	37.698879	11.259505137205096	24	462	103
2825.85400926389	2827.7835935675735	0	25.787999999999997	25.787999999999997	13.253397	25.573546821685294	23	226	100
2825.85400926389	2862.1509184419124	55.583	174.139	118.55600000000001	0.404503	14.682208653237506	10	973	104
2825.85400926389	2862.1509184419124	174.139	292.69500000000005	118.55600000000001	0.404503	14.682208653237506	10	973	105
2862.1509184419124	2863.7161271083037	78.80000000000001	85.78300000000002	6.983000000000004	10.707272	16.75911492781069	13	0	107
2862.1509184419124	2867.1409424670856	85.78300000000002	93.04000000000002	7.257000000000005	3.101002	15.474074482110225	11	36	109
2862.1509184419124	2867.1409424670856	93.04000000000002	100.29700000000003	7.257000000000005	3.101002	15.474074482110225	11	36	110
2862.1509184419124	3171.4722110369103	0	78.80000000000001	78.80000000000001	0.041014	12.686503494491237	18	1022	106
2862.1509184419124	3171.4722110369103	100.29700000000003	179.09700000000004	78.80000000000001	0.041014	12.686503494491237	18	1022	112
3171.4722110369103	3173.0374197033016	0	6.983000000000004	6.983000000000004	10.707272	16.75911492781069	13	0	113
3171.4722110369103	3177.239049844196	21.49300000000001	21.51100000000001	0.018000000000000682	3.993946	23.03244278700427	19	3	116
3171.4722110369103	3177.2421277494245	6.983000000000004	13.486000000000004	6.503	1.803822	10.407902704200952	6	0	114
3171.4722110369103	3179.3729805447783	13.486000000000004	21.49300000000001	8.007000000000005	1.425115	11.259505137205096	24	0	115
3171.4722110369103	3183.9371451965358	21.51100000000001	74.01100000000001	52.5	0.843729	10.51702643356683	2	831	118
3183.9371451965358	3185.502353862927	0	6.983000000000004	6.983000000000004	10.707272	16.75911492781069	13	0	119
3183.9371451965358	3185.8126987429705	6.983000000000004	52.44400000000002	45.46100000000001	6.902195	12.94543631043449	3	931	121
3183.9371451965358	3189.7039840038215	118.35500000000002	118.37300000000002	0.018000000000000682	3.993946	23.03244278700427	19	3	129
3183.9371451965358	3193.3672865816097	52.44400000000002	118.35500000000002	65.911	1.105645	10.426388671700357	1	990	128
3183.9371451965358	3193.3672865816097	118.37300000000002	184.28400000000002	65.911	1.105645	10.426388671700357	1	990	130
3193.3672865816097	3204.227650432304	0	4.084000000000003	4.084000000000003	1.424821	15.474074482110225	11	0	131
3193.3672865816097	3205.504107389946	105.84400000000001	297.577	191.733	0.823939	10.0	0	1023	126
3193.3672865816097	3205.576758783086	67.94800000000001	105.84400000000001	37.896	0.853959	10.426388671700357	1	892	125
3193.3672865816097	3205.785023804769	56.584	67.94800000000001	11.364000000000004	1.174552	14.585278090936255	8	34	124
3193.3672865816097	3205.8322207412352	4.084000000000003	56.584	52.5	0.843729	10.51702643356683	2	831	132
3205.8322207412352	3205.8435485649984	0	6.5930000000000035	6.5930000000000035	2048.342564	23.203263571543708	14	0	127
3205.8322207412352	3206.3984131173215	262.401	266.865	4.463999999999999	19.505324	11.043765741897023	7	0	136
3205.8322207412352	3206.3984131173215	266.865	271.329	4.463999999999999	19.505324	11.043765741897023	7	0	137
3205.8322207412352	3242.3533511104974	6.5930000000000035	13.055000000000007	6.462000000000003	0.287971	10.51702643356683	2	66	134
3205.8322207412352	3304.823562036117	13.055000000000007	262.401	249.346	0.171998	17.026312720037076	20	1023	135
3304.823562036117	3304.83488985988	254.329	260.922	6.5930000000000035	2048.342564	23.203263571543708	14	0	145
3304.823562036117	3306.5737352010724	52.19999999999999	96.72899999999998	44.528999999999996	8.33362	14.585278090936255	8	961	139
3304.823562036117	3370.82436513444	0	52.19999999999999	52.19999999999999	0.222455	14.682208653237506	10	512	138
3304.823562036117	3614.144854631115	96.72899999999998	175.529	78.80000000000001	0.041014	12.686503494491237	18	1022	140
3304.823562036117	3614.144854631115	175.529	254.329	78.80000000000001	0.041014	12.686503494491237	18	1022	144
3614.144854631115	3614.711047007201	238.89300000000003	243.35700000000003	4.463999999999999	19.505324	11.043765741897023	7	0	149
3614.144854631115	3615.710063297506	231.91000000000003	238.89300000000003	6.983000000000004	10.707272	16.75911492781069	13	0	148
3614.144854631115	3619.9116934384006	231.89200000000002	231.91000000000003	0.018000000000000682	3.993946	23.03244278700427	19	3	147
3614.144854631115	3639.7438060980626	188.68200000000002	231.89200000000002	43.21000000000001	0.390641	10.0	0	610	143
3614.144854631115	3704.0848666058246	0	188.68200000000002	188.68200000000002	0.324934	29.224567850990265	21	1023	142
3704.0848666058246	3707.2329310570512	6.503	12.647999999999996	6.144999999999996	3.202904	10.082948223091952	12	4	151
3704.0848666058246	3709.854783318339	0	6.503	6.503	1.803822	10.407902704200952	6	0	150
3704.0848666058246	3715.6652422202187	12.647999999999996	43.74799999999999	31.099999999999994	1.050567	12.165960468087341	9	898	152
3704.0848666058246	3727.6446719664496	111.80699999999999	125.83299999999998	14.025999999999996	0.446397	10.51702643356683	2	622	160
3704.0848666058246	3727.6824666280554	43.74799999999999	111.80699999999999	68.059	0.632316	14.921140055656902	5	1023	153
3727.6824666280554	3728.2486590041417	199.74	204.204	4.463999999999999	19.505324	11.043765741897023	7	0	157
3727.6824666280554	3732.420118592308	204.204	208.99400000000003	4.790000000000006	6.748091	31.97010658110419	22	0	158
3727.6824666280554	3735.5832361359235	0	8.007000000000005	8.007000000000005	1.425115	11.259505137205096	24	0	155
3727.6824666280554	3739.802076158309	208.99400000000003	262.617	53.62299999999999	1.656711	20.078690424475766	15	998	159
3727.6824666280554	3739.8192874363917	8.007000000000005	199.74	191.733	0.823939	10.0	0	1023	156
3739.8192874363917	3756.2530292100355	0	5.3430000000000035	5.3430000000000035	0.661317	10.867912808520783	4	0	162
3739.8192874363917	3765.2132121754635	220.723	284.04600000000005	63.32300000000001	0.587587	14.921140055656902	5	254	167
3739.8192874363917	3765.329383416099	5.3430000000000035	32.494	27.150999999999996	0.787088	20.078690424475766	15	513	163
3739.8192874363917	3765.5832318342073	213.268	220.723	7.454999999999998	0.566112	14.585278090936255	8	0	166
3739.8192874363917	3765.7685713814285	32.494	213.268	180.774	0.565804	14.682208653237506	10	1015	165
3765.7685713814285	3766.334763757515	0	4.463999999999999	4.463999999999999	19.505324	11.043765741897023	7	0	168
3765.7685713814285	3767.698155685112	201.15300000000002	226.94100000000003	25.787999999999997	13.253397	25.573546821685294	23	226	171
3765.7685713814285	3770.7585954066017	226.94100000000003	234.19800000000004	7.257000000000005	3.101002	15.474074482110225	11	36	172
3765.7685713814285	3773.6693408892966	4.463999999999999	12.471000000000004	8.007000000000005	1.425115	11.259505137205096	24	0	169
3765.7685713814285	3855.708583356138	12.471000000000004	201.15300000000002	188.68200000000002	0.324934	29.224567850990265	21	1023	170
3855.708583356138	3866.5689472068325	0	4.084000000000003	4.084000000000003	1.424821	15.474074482110225	11	0	173
3855.708583356138	3872.142325129782	4.084000000000003	9.427000000000007	5.3430000000000035	0.661317	10.867912808520783	4	0	174
3855.708583356138	3966.3402354584177	9.427000000000007	108.31500000000001	98.888	0.264161	29.224567850990265	21	1015	175
3855.708583356138	3966.3402354584177	108.31500000000001	207.20300000000003	98.888	0.264161	29.224567850990265	21	1015	176
3855.708583356138	3969.4047168562033	207.20300000000003	298.25600000000003	91.053	0.257041	29.224567850990265	21	1013	177
3969.4047168562033	3974.142368820456	227.538	232.32800000000003	4.790000000000006	6.748091	31.97010658110419	22	0	181
3969.4047168562033	3975.1746335687176	232.32800000000003	238.83100000000002	6.503	1.803822	10.407902704200952	6	0	182
3969.4047168562033	3980.9850924705975	185.04000000000002	216.14000000000001	31.099999999999994	1.050567	12.165960468087341	9	898	179
3969.4047168562033	3995.082567818164	216.14000000000001	227.538	11.397999999999996	0.406046	10.426388671700357	1	994	180
3969.4047168562033	4075.49361106234	0	185.04000000000002	185.04000000000002	0.160491	17.026312720037076	20	1021	178
4075.49361106234	4097.652783494844	87.80799999999999	96.856	9.048000000000002	0.658205	14.585278090936255	8	4	186
4075.49361106234	4097.848417913442	79.928	87.80799999999999	7.8799999999999955	1.454025	32.50444803167399	25	4	185
4075.49361106234	4098.712063100593	0	27.989000000000004	27.989000000000004	0.864773	20.078690424475766	15	577	183
4075.49361106234	4098.980249513725	27.989000000000004	79.928	51.93899999999999	0.425774	10.0	0	964	184
4075.49361106234	4099.09121108457	96.856	164.915	68.059	0.632316	14.921140055656902	5	1023	187
4099.09121108457	4099.102538908333	50.516000000000005	57.10900000000001	6.5930000000000035	2048.342564	23.203263571543708	14	0	190
4099.09121108457	4100.61981760529	57.10900000000001	101.24000000000001	44.131	21.264104	32.50444803167399	25	642	191
4099.09121108457	4124.690162551518	0	43.21000000000001	43.21000000000001	0.390641	10.0	0	610	188
4099.09121108457	4175.8251265070985	43.21000000000001	50.516000000000005	7.305999999999997	0.194453	14.921140055656902	5	288	189
4099.09121108457	4189.03122305928	101.24000000000001	289.922	188.68200000000002	0.324934	29.224567850990265	21	1023	192
4189.03122305928	4196.931992567148	31.099999999999994	39.107	8.007000000000005	1.425115	11.259505137205096	24	0	194
4189.03122305928	4200.611598673674	0	31.099999999999994	31.099999999999994	1.050567	12.165960468087341	9	898	193
4189.03122305928	4447.536759016099	39.107	67.072	27.965000000000003	0.113052	29.224567850990265	21	162	195
4189.03122305928	4447.536759016099	67.072	95.037	27.965000000000003	0.113052	29.224567850990265	21	162	196
4189.03122305928	4498.352515654277	95.037	173.83700000000002	78.80000000000001	0.041014	12.686503494491237	18	1022	197
4498.352515654277	4498.918708030364	0	4.463999999999999	4.463999999999999	19.505324	11.043765741897023	7	0	198
4498.352515654277	4498.918708030364	4.463999999999999	8.927999999999997	4.463999999999999	19.505324	11.043765741897023	7	0	199
4498.352515654277	4500.2280692007125	209.008	254.46900000000002	45.46100000000001	6.902195	12.94543631043449	3	931	202
4498.352515654277	4524.030366616238	197.61	209.008	11.397999999999996	0.406046	10.426388671700357	1	994	201
4498.352515654277	4588.292527628987	8.927999999999997	197.61	188.68200000000002	0.324934	29.224567850990265	21	1023	200
4588.292527628987	4614.21088722267	283.857	289.98300000000006	6.126000000000005	1.254109	32.50444803167399	25	0	206
4588.292527628987	4624.813657998249	289.98300000000006	296.44500000000005	6.462000000000003	0.287971	10.51702643356683	2	66	207
4588.292527628987	4634.665513312539	0	5.459000000000003	5.459000000000003	0.279159	12.94543631043449	3	0	203
4588.292527628987	4694.012784801576	171.05700000000002	283.857	112.80000000000001	0.276433	29.224567850990265	21	1017	205
4588.292527628987	4698.107824607523	5.459000000000003	171.05700000000002	165.598	0.155045	17.026312720037076	20	1017	204
4698.107824607523	4703.877741320038	8.590999999999994	15.093999999999994	6.503	1.803822	10.407902704200952	6	0	209
4698.107824607523	4706.030420957093	0	8.590999999999994	8.590999999999994	3.227925	25.573546821685294	23	32	208
4698.107824607523	4706.561361104424	146.916	159.35899999999998	12.442999999999998	3.845071	32.50444803167399	25	64	212
4698.107824607523	4707.5379659925975	15.093999999999994	81.005	65.911	1.105645	10.426388671700357	1	990	210
4698.107824607523	4707.5379659925975	81.005	146.916	65.911	1.105645	10.426388671700357	1	990	211
4707.5379659925975	4709.103174658989	116.585	123.568	6.983000000000004	10.707272	16.75911492781069	13	0	216
4707.5379659925975	4709.288139157553	65.911	110.44	44.528999999999996	8.33362	14.585278090936255	8	961	214
4707.5379659925975	4710.686030443824	110.44	116.585	6.144999999999996	3.202904	10.082948223091952	12	4	215
4707.5379659925975	4710.686030443824	123.568	129.713	6.144999999999996	3.202904	10.082948223091952	12	4	217
4707.5379659925975	4716.968107377672	0	65.911	65.911	1.105645	10.426388671700357	1	990	213
4716.968107377672	4742.732051775488	287.293	294.748	7.454999999999998	0.566112	14.585278090936255	8	0	222
4716.968107377672	4745.033832108291	31.953000000000003	43.164	11.210999999999999	0.371499	10.426388671700357	1	736	219
4716.968107377672	4749.0277613997705	0	31.953000000000003	31.953000000000003	0.465418	14.921140055656902	5	730	218
4716.968107377672	4749.0277613997705	43.164	75.117	31.953000000000003	0.465418	14.921140055656902	5	730	220
4716.968107377672	4749.617737280908	75.117	287.293	212.176	0.698708	22.812557610430545	17	575	221
4749.617737280908	4757.518506788776	15.145999999999987	23.15299999999999	8.007000000000005	1.425115	11.259505137205096	24	0	225
4749.617737280908	4761.198112895302	91.21199999999999	122.31199999999998	31.099999999999994	1.050567	12.165960468087341	9	898	227
4749.617737280908	4772.765837770917	0	7.572999999999993	7.572999999999993	0.559244	12.94543631043449	3	32	223
4749.617737280908	4772.765837770917	7.572999999999993	15.145999999999987	7.572999999999993	0.559244	12.94543631043449	3	32	224
4749.617737280908	4773.215337303139	23.15299999999999	91.21199999999999	68.059	0.632316	14.921140055656902	5	1023	226
4773.215337303139	4777.952989267391	291.97900000000004	296.76900000000006	4.790000000000006	6.748091	31.97010658110419	22	0	232
4773.215337303139	4784.795712917533	260.879	291.97900000000004	31.099999999999994	1.050567	12.165960468087341	9	898	231
4773.215337303139	4788.882658449141	0	37.30500000000001	37.30500000000001	1.281565	20.078690424475766	15	930	228
4773.215337303139	4798.8931882650995	249.481	260.879	11.397999999999996	0.406046	10.426388671700357	1	994	230
4773.215337303139	4805.864967206375	37.30500000000001	249.481	212.176	0.698708	22.812557610430545	17	575	229
4805.864967206375	4813.765736714243	171.12699999999998	179.134	8.007000000000005	1.425115	11.259505137205096	24	0	236
4805.864967206375	4816.7253310570695	167.04299999999998	171.12699999999998	4.084000000000003	1.424821	15.474074482110225	11	0	235
4805.864967206375	4893.610635650441	0	39.39599999999999	39.39599999999999	0.259985	22.812557610430545	17	416	233
4805.864967206375	4907.874356226513	39.39599999999999	167.04299999999998	127.64699999999999	0.286489	29.224567850990265	21	1021	234
4805.864967206375	4910.412794657839	179.134	297.629	118.495	0.279533	29.224567850990265	21	1019	237
4910.412794657839	4910.424122481602	79.296	85.88900000000001	6.5930000000000035	2048.342564	23.203263571543708	14	0	240
4910.412794657839	4910.728402356598	0	36.086	36.086	32.977341	10.407902704200952	6	993	238
4910.412794657839	4916.179633465125	298.065	298.08299999999997	0.018000000000000682	3.993946	23.03244278700427	19	3	242
4910.412794657839	4936.011746124787	36.086	79.296	43.21000000000001	0.390641	10.0	0	610	239
4910.412794657839	4943.062424561075	85.88900000000001	298.065	212.176	0.698708	22.812557610430545	17	575	241
4943.062424561075	4948.83234127359	0	6.503	6.503	1.803822	10.407902704200952	6	0	243
4943.062424561075	4954.642800175469	19.935000000000002	51.035	31.099999999999994	1.050567	12.165960468087341	9	898	246
4943.062424561075	4968.980784154758	13.808999999999997	19.935000000000002	6.126000000000005	1.254109	32.50444803167399	25	0	245
4943.062424561075	5019.7963399836035	6.503	13.808999999999997	7.305999999999997	0.194453	14.921140055656902	5	288	244
4943.062424561075	5049.151318767212	51.035	236.07500000000002	185.04000000000002	0.160491	17.026312720037076	20	1021	247
5049.151318767212	5053.888970731464	234.19100000000003	238.98100000000005	4.790000000000006	6.748091	31.97010658110419	22	0	252
5049.151318767212	5054.921235479726	0	6.503	6.503	1.803822	10.407902704200952	6	0	248
5049.151318767212	5064.818639913214	6.503	43.80800000000001	37.30500000000001	1.281565	20.078690424475766	15	930	249
5049.151318767212	5065.585060540856	228.848	234.19100000000003	5.3430000000000035	0.661317	10.867912808520783	4	0	251
5049.151318767212	5155.240212973348	43.80800000000001	228.848	185.04000000000002	0.160491	17.026312720037076	20	1021	250
5155.240212973348	5166.100576824043	293.524	297.608	4.084000000000003	1.424821	15.474074482110225	11	0	257
5155.240212973348	5170.90753411935	0	37.30500000000001	37.30500000000001	1.281565	20.078690424475766	15	930	253
5155.240212973348	5178.388313463357	37.30500000000001	44.878	7.572999999999993	0.559244	12.94543631043449	3	32	254
5155.240212973348	5181.158572567031	44.878	51.004000000000005	6.126000000000005	1.254109	32.50444803167399	25	0	255
5155.240212973348	5185.615888540556	51.004000000000005	293.524	242.51999999999998	0.751014	22.812557610430545	17	991	256
5185.615888540556	5191.38580525307	49.67200000000001	56.17500000000001	6.503	1.803822	10.407902704200952	6	0	260
5185.615888540556	5193.516658048424	56.17500000000001	64.18200000000002	8.007000000000005	1.425115	11.259505137205096	24	0	261
5185.615888540556	5211.214840007504	0	43.21000000000001	43.21000000000001	0.390641	10.0	0	610	258
5185.615888540556	5222.137018909818	43.21000000000001	49.67200000000001	6.462000000000003	0.287971	10.51702643356683	2	66	259
5185.615888540556	5291.704782746692	64.18200000000002	249.22200000000004	185.04000000000002	0.160491	17.026312720037076	20	1021	262
5291.704782746692	5293.2699914130835	223.32599999999996	230.30899999999997	6.983000000000004	10.707272	16.75911492781069	13	0	266
5291.704782746692	5293.634367050376	0	25.787999999999997	25.787999999999997	13.253397	25.573546821685294	23	226	263
5291.704782746692	5307.372103892694	230.30899999999997	267.614	37.30500000000001	1.281565	20.078690424475766	15	930	267
5291.704782746692	5349.29276461755	155.69799999999998	223.32599999999996	67.62799999999999	0.396134	22.812557610430545	17	744	265
5291.704782746692	5349.806238987797	25.787999999999997	155.69799999999998	129.91	0.217725	12.650139560094573	16	988	264
5349.806238987797	5355.573077795083	31.099999999999994	31.117999999999995	0.018000000000000682	3.993946	23.03244278700427	19	3	269
5349.806238987797	5361.386614602191	0	31.099999999999994	31.099999999999994	1.050567	12.165960468087341	9	898	268
5349.806238987797	5415.80704208612	139.346	191.546	52.19999999999999	0.222455	14.682208653237506	10	512	272
5349.806238987797	5489.532748736453	31.117999999999995	60.54599999999999	29.427999999999997	0.090535	12.650139560094573	16	961	270
5349.806238987797	5659.127531582794	60.54599999999999	139.346	78.80000000000001	0.041014	12.686503494491237	18	1022	271
5659.127531582794	5659.693723958881	125.34	129.804	4.463999999999999	19.505324	11.043765741897023	7	0	279
5659.127531582794	5660.333316921418	0	13.082999999999998	13.082999999999998	8.362142	10.082948223091952	12	100	273
5659.127531582794	5664.117555607968	118.083	125.34	7.257000000000005	3.101002	15.474074482110225	11	36	278
5659.127531582794	5671.59246574242	13.082999999999998	65.583	52.5	0.843729	10.51702643356683	2	831	275
5659.127531582794	5671.59246574242	65.583	118.083	52.5	0.843729	10.51702643356683	2	831	277
5671.59246574242	5672.1586581185065	138.44	142.904	4.463999999999999	19.505324	11.043765741897023	7	0	281
5671.59246574242	5675.158208356116	279.827	293.724	13.897000000000006	3.047868	10.867912808520783	4	161	284
5671.59246574242	5677.362382454935	142.904	149.40699999999998	6.503	1.803822	10.407902704200952	6	0	282
5671.59246574242	5685.273048754146	0	138.44	138.44	0.730963	10.0	0	989	280
5671.59246574242	5685.421945491222	149.40699999999998	279.827	130.42	0.723093	10.0	0	923	283
5685.421945491222	5686.987154157613	155.501	162.484	6.983000000000004	10.707272	16.75911492781069	13	0	288
5685.421945491222	5687.351529794905	162.484	188.272	25.787999999999997	13.253397	25.573546821685294	23	226	289
5685.421945491222	5701.089266637224	0	37.30500000000001	37.30500000000001	1.281565	20.078690424475766	15	930	285
5685.421945491222	5773.167613935288	37.30500000000001	76.701	39.39599999999999	0.259985	22.812557610430545	17	416	286
5685.421945491222	5994.743238086219	76.701	155.501	78.80000000000001	0.041014	12.686503494491237	18	1022	287
5994.743238086219	6000.510076893505	297.28499999999997	297.303	0.018000000000000682	3.993946	23.03244278700427	19	3	294
5994.743238086219	6000.513154798734	0	6.503	6.503	1.803822	10.407902704200952	6	0	290
5994.743238086219	6002.644007594087	204.16999999999996	212.17699999999996	8.007000000000005	1.425115	11.259505137205096	24	0	292
5994.743238086219	6043.787313921725	212.17699999999996	297.28499999999997	85.108	0.465144	22.812557610430545	17	846	293
5994.743238086219	6044.986466486217	6.503	204.16999999999996	197.66699999999997	0.251778	12.650139560094573	16	991	291
6044.986466486217	6070.750410884033	241.03499999999997	248.48999999999995	7.454999999999998	0.566112	14.585278090936255	8	0	299
6044.986466486217	6084.443894740786	50.351	61.188	10.837000000000003	0.264244	10.426388671700357	1	0	296
6044.986466486217	6110.987269584541	61.188	113.38799999999999	52.19999999999999	0.222455	14.682208653237506	10	512	297
6044.986466486217	6145.549610382098	0	50.351	50.351	0.125793	12.650139560094573	16	936	295
6044.986466486217	6146.995855506355	113.38799999999999	241.03499999999997	127.64699999999999	0.286489	29.224567850990265	21	1021	298
6146.995855506355	6147.007183330118	124.12700000000001	130.72000000000003	6.5930000000000035	2048.342564	23.203263571543708	14	0	305
6146.995855506355	6148.201640844979	0	13.082999999999998	13.082999999999998	8.362142	10.082948223091952	12	100	300
6146.995855506355	6148.201640844979	58.54400000000001	71.62700000000001	13.082999999999998	8.362142	10.082948223091952	12	100	302
6146.995855506355	6148.87140905279	13.082999999999998	58.54400000000001	45.46100000000001	6.902195	12.94543631043449	3	931	301
6146.995855506355	6159.460789665981	71.62700000000001	124.12700000000001	52.5	0.843729	10.51702643356683	2	831	304
6159.460789665981	6159.472117489744	32.387	38.980000000000004	6.5930000000000035	2048.342564	23.203263571543708	14	0	309
6159.460789665981	6160.026982042067	14.025999999999996	18.489999999999995	4.463999999999999	19.505324	11.043765741897023	7	0	307
6159.460789665981	6163.026532279677	18.489999999999995	32.387	13.897000000000006	3.047868	10.867912808520783	4	161	308
6159.460789665981	6183.020595026605	0	14.025999999999996	14.025999999999996	0.446397	10.51702643356683	2	622	306
6159.460789665981	6183.058389688212	38.980000000000004	107.039	68.059	0.632316	14.921140055656902	5	1023	310
6183.058389688212	6198.739091501075	0	6.100999999999999	6.100999999999999	1.630893	25.573546821685294	23	0	311
6183.058389688212	6208.7362406501725	6.100999999999999	17.498999999999995	11.397999999999996	0.406046	10.426388671700357	1	994	312
6183.058389688212	6213.452004227957	17.498999999999995	39.849999999999994	22.351	0.660622	20.078690424475766	15	417	313
6183.058389688212	6213.7129341530335	39.849999999999994	168.893	129.043	0.478957	14.682208653237506	10	995	315
6183.058389688212	6213.7129341530335	168.893	297.93600000000004	129.043	0.478957	14.682208653237506	10	995	316
6213.7129341530335	6213.724261976797	0	6.5930000000000035	6.5930000000000035	2048.342564	23.203263571543708	14	0	317
6213.7129341530335	6214.27912652912	283.622	288.086	4.463999999999999	19.505324	11.043765741897023	7	0	322
6213.7129341530335	6215.588487699469	238.161	283.622	45.46100000000001	6.902195	12.94543631043449	3	931	321
6213.7129341530335	6217.278676766729	6.5930000000000035	20.49000000000001	13.897000000000006	3.047868	10.867912808520783	4	161	318
6213.7129341530335	6237.568794700494	20.49000000000001	238.161	217.671	0.615455	14.682208653237506	10	1019	320
6237.568794700494	6254.002536474139	115.863	121.206	5.3430000000000035	0.661317	10.867912808520783	4	0	326
6237.568794700494	6263.33273909831	108.408	115.863	7.454999999999998	0.566112	14.585278090936255	8	0	325
6237.568794700494	6315.288683212321	0	9.519999999999996	9.519999999999996	0.156536	12.165960468087341	9	32	323
6237.568794700494	6347.3840916790305	121.206	286.80400000000003	165.598	0.155045	17.026312720037076	20	1017	327
6237.568794700494	6348.200446802774	9.519999999999996	108.408	98.888	0.264161	29.224567850990265	21	1015	324
6348.200446802774	6351.348511254001	0.018000000000000682	6.162999999999997	6.144999999999996	3.202904	10.082948223091952	12	4	329
6348.200446802774	6353.967285610061	0	0.018000000000000682	0.018000000000000682	3.993946	23.03244278700427	19	3	328
6348.200446802774	6363.881148615637	6.162999999999997	12.263999999999996	6.100999999999999	1.630893	25.573546821685294	23	0	330
6348.200446802774	6373.799398269723	12.263999999999996	55.474000000000004	43.21000000000001	0.390641	10.0	0	610	332
6348.200446802774	6398.443675202772	55.474000000000004	253.14099999999996	197.66699999999997	0.251778	12.650139560094573	16	991	333
6398.443675202772	6403.181327167024	0	4.790000000000006	4.790000000000006	6.748091	31.97010658110419	22	0	334
6398.443675202772	6406.34444471064	241.23700000000002	249.24400000000003	8.007000000000005	1.425115	11.259505137205096	24	0	337
6398.443675202772	6406.34444471064	256.817	264.824	8.007000000000005	1.425115	11.259505137205096	24	0	340
6398.443675202772	6421.591775692781	249.24400000000003	256.817	7.572999999999993	0.559244	12.94543631043449	3	32	338
6398.443675202772	6422.143349063668	4.790000000000006	241.23700000000002	236.447	0.619511	14.682208653237506	10	1021	335
6422.143349063668	6427.910187870954	207.20999999999998	207.22799999999998	0.018000000000000682	3.993946	23.03244278700427	19	3	346
6422.143349063668	6433.003712914363	197.66699999999997	201.75099999999998	4.084000000000003	1.424821	15.474074482110225	11	0	343
6422.143349063668	6447.907293461484	207.22799999999998	214.683	7.454999999999998	0.566112	14.585278090936255	8	0	347
6422.143349063668	6468.51633474722	201.75099999999998	207.20999999999998	5.459000000000003	0.279159	12.94543631043449	3	0	344
6422.143349063668	6472.386577463666	0	197.66699999999997	197.66699999999997	0.251778	12.650139560094573	16	991	341
6472.386577463666	6473.951786130057	0	6.983000000000004	6.983000000000004	10.707272	16.75911492781069	13	0	349
6472.386577463666	6473.951786130057	124.54600000000002	131.52900000000002	6.983000000000004	10.707272	16.75911492781069	13	0	355
6472.386577463666	6480.287346971534	6.983000000000004	14.990000000000009	8.007000000000005	1.425115	11.259505137205096	24	0	350
6472.386577463666	6715.127199630657	93.79000000000002	124.54600000000002	30.756	0.070142	17.026312720037076	20	224	354
6472.386577463666	6781.7078700586635	14.990000000000009	93.79000000000002	78.80000000000001	0.041014	12.686503494491237	18	1022	352
6781.7078700586635	6781.719197882427	45.88900000000001	52.48200000000001	6.5930000000000035	2048.342564	23.203263571543708	14	0	358
6781.7078700586635	6781.801198155813	0	45.88900000000001	45.88900000000001	179.57202	16.75911492781069	13	994	357
6781.7078700586635	6783.236476579384	138.53900000000004	182.67000000000004	44.131	21.264104	32.50444803167399	25	642	363
6781.7078700586635	6786.697894083837	52.48200000000001	59.73900000000002	7.257000000000005	3.101002	15.474074482110225	11	36	359
6781.7078700586635	7091.029162653661	59.73900000000002	138.53900000000004	78.80000000000001	0.041014	12.686503494491237	18	1022	361
7091.029162653661	7094.177227104888	247.74	253.885	6.144999999999996	3.202904	10.082948223091952	12	4	368
7091.029162653661	7095.766814617913	0	4.790000000000006	4.790000000000006	6.748091	31.97010658110419	22	0	364
7091.029162653661	7096.799079366176	4.790000000000006	11.293000000000006	6.503	1.803822	10.407902704200952	6	0	365
7091.029162653661	7113.188335086164	253.885	262.933	9.048000000000002	0.658205	14.585278090936255	8	4	369
7091.029162653661	7114.728836514557	11.293000000000006	247.74	236.447	0.619511	14.682208653237506	10	1021	367
7114.728836514557	7116.294045180948	31.099999999999994	38.083	6.983000000000004	10.707272	16.75911492781069	13	0	372
7114.728836514557	7116.604390060992	106.142	151.603	45.46100000000001	6.902195	12.94543631043449	3	931	375
7114.728836514557	7120.495675321843	151.603	151.621	0.018000000000000682	3.993946	23.03244278700427	19	3	384
7114.728836514557	7126.309212128951	0	31.099999999999994	31.099999999999994	1.050567	12.165960468087341	9	898	371
7114.728836514557	7138.326436536788	38.083	106.142	68.059	0.632316	14.921140055656902	5	1023	374
7138.326436536788	7144.096353249302	259.123	265.626	6.503	1.803822	10.407902704200952	6	0	380
7138.326436536788	7144.096353249302	265.626	272.12899999999996	6.503	1.803822	10.407902704200952	6	0	381
7138.326436536788	7146.227206044656	14.668999999999997	22.676000000000002	8.007000000000005	1.425115	11.259505137205096	24	0	378
7138.326436536788	7159.826361625354	0	14.668999999999997	14.668999999999997	0.48495	10.426388671700357	1	838	377
7138.326436536788	7162.026110397684	22.676000000000002	259.123	236.447	0.619511	14.682208653237506	10	1021	379
7162.026110397684	7166.763762361936	78.79199999999997	83.58199999999998	4.790000000000006	6.748091	31.97010658110419	22	0	386
7162.026110397684	7228.026913496007	230.13899999999995	282.33899999999994	52.19999999999999	0.222455	14.682208653237506	10	512	388
7162.026110397684	7249.771778841749	0	39.39599999999999	39.39599999999999	0.259985	22.812557610430545	17	416	382
7162.026110397684	7249.771778841749	39.39599999999999	78.79199999999997	39.39599999999999	0.259985	22.812557610430545	17	416	383
7162.026110397684	7276.891808646577	83.58199999999998	230.13899999999995	146.557	0.148228	17.026312720037076	20	1015	387
7276.891808646577	7278.457017312969	286.07899999999995	293.06199999999995	6.983000000000004	10.707272	16.75911492781069	13	0	393
7276.891808646577	7278.767362193013	223.094	268.555	45.46100000000001	6.902195	12.94543631043449	3	931	390
7276.891808646577	7302.569659608538	268.555	279.953	11.397999999999996	0.406046	10.426388671700357	1	994	391
7276.891808646577	7302.81016824026	279.953	286.07899999999995	6.126000000000005	1.254109	32.50444803167399	25	0	392
7276.891808646577	7308.4679435995995	0	223.094	223.094	0.722462	22.812557610430545	17	735	389
7308.4679435995995	7308.479271423363	200.488	207.08100000000002	6.5930000000000035	2048.342564	23.203263571543708	14	0	397
7308.4679435995995	7308.766613094181	229.839	253.041	23.201999999999998	37.698879	11.259505137205096	24	462	399
7308.4679435995995	7310.397527903283	0	25.787999999999997	25.787999999999997	13.253397	25.573546821685294	23	226	395
7308.4679435995995	7312.840259653771	207.08100000000002	229.839	22.757999999999996	5.26779	23.03244278700427	19	8	398
7308.4679435995995	7313.073428887471	25.787999999999997	200.488	174.7	2.641624	12.165960468087341	9	991	396
7313.073428887471	7313.639621263557	0	4.463999999999999	4.463999999999999	19.505324	11.043765741897023	7	0	400
7313.073428887471	7338.672380354419	4.463999999999999	47.67400000000001	43.21000000000001	0.390641	10.0	0	610	401
7313.073428887471	7349.594559256733	47.67400000000001	54.13600000000001	6.462000000000003	0.287971	10.51702643356683	2	66	403
7313.073428887471	7400.819097331537	54.13600000000001	93.532	39.39599999999999	0.259985	22.812557610430545	17	416	404
7313.073428887471	7403.013440862181	93.532	282.214	188.68200000000002	0.324934	29.224567850990265	21	1023	405
7403.013440862181	7403.579633238267	59.003	63.467	4.463999999999999	19.505324	11.043765741897023	7	0	408
7403.013440862181	7408.783357574695	52.5	59.003	6.503	1.803822	10.407902704200952	6	0	407
7403.013440862181	7414.593816476575	115.997	147.09699999999998	31.099999999999994	1.050567	12.165960468087341	9	898	416
7403.013440862181	7415.394106048461	63.467	115.997	52.53	1.621778	20.078690424475766	15	966	409
7403.013440862181	7415.478375021807	0	52.5	52.5	0.843729	10.51702643356683	2	831	406
7415.478375021807	7421.245213829093	191.16600000000003	191.18400000000003	0.018000000000000682	3.993946	23.03244278700427	19	3	419
7415.478375021807	7431.145696167809	191.18400000000003	228.48900000000003	37.30500000000001	1.281565	20.078690424475766	15	930	411
7415.478375021807	7441.39673461549	0	6.126000000000005	6.126000000000005	1.254109	32.50444803167399	25	0	417
7415.478375021807	7519.963673401225	228.48900000000003	274.05000000000007	45.56100000000001	0.121071	12.650139560094573	16	966	412
7415.478375021807	7521.567269227943	6.126000000000005	191.16600000000003	185.04000000000002	0.160491	17.026312720037076	20	1021	418
7521.567269227943	7524.71533367917	0	6.144999999999996	6.144999999999996	3.202904	10.082948223091952	12	4	413
7521.567269227943	7526.304921192195	233.934	238.724	4.790000000000006	6.748091	31.97010658110419	22	0	422
7521.567269227943	7529.468038735811	194.827	202.834	8.007000000000005	1.425115	11.259505137205096	24	0	415
7521.567269227943	7533.147644842337	202.834	233.934	31.099999999999994	1.050567	12.165960468087341	9	898	421
7521.567269227943	7611.507281202653	6.144999999999996	194.827	188.68200000000002	0.324934	29.224567850990265	21	1023	414
7611.507281202653	7619.408050710521	0	8.007000000000005	8.007000000000005	1.425115	11.259505137205096	24	0	423
7611.507281202653	7620.691385830828	8.007000000000005	21.287000000000006	13.280000000000001	1.409548	12.94543631043449	3	129	424
7611.507281202653	7620.691385830828	87.19800000000001	100.47800000000001	13.280000000000001	1.409548	12.94543631043449	3	129	426
7611.507281202653	7620.691385830828	100.47800000000001	113.75800000000001	13.280000000000001	1.409548	12.94543631043449	3	129	427
7611.507281202653	7620.937422587727	21.287000000000006	87.19800000000001	65.911	1.105645	10.426388671700357	1	990	425
7620.937422587727	7621.503614963814	185.04000000000002	189.50400000000002	4.463999999999999	19.505324	11.043765741897023	7	0	430
7620.937422587727	7622.867006891411	189.50400000000002	215.29200000000003	25.787999999999997	13.253397	25.573546821685294	23	226	431
7620.937422587727	7628.838192095595	260.85300000000007	268.86000000000007	8.007000000000005	1.425115	11.259505137205096	24	0	433
7620.937422587727	7725.422720967145	215.29200000000003	260.85300000000007	45.56100000000001	0.121071	12.650139560094573	16	966	432
7620.937422587727	7727.026316793864	0	185.04000000000002	185.04000000000002	0.160491	17.026312720037076	20	1021	429
7727.026316793864	7727.037644617627	106.76500000000001	113.35800000000002	6.5930000000000035	2048.342564	23.203263571543708	14	0	437
7727.026316793864	7752.625268260812	192.15800000000002	235.36800000000002	43.21000000000001	0.390641	10.0	0	610	439
7727.026316793864	7985.531852750682	78.80000000000001	106.76500000000001	27.965000000000003	0.113052	29.224567850990265	21	162	435
7727.026316793864	8036.347609388861	0	78.80000000000001	78.80000000000001	0.041014	12.686503494491237	18	1022	434
7727.026316793864	8036.347609388861	113.35800000000002	192.15800000000002	78.80000000000001	0.041014	12.686503494491237	18	1022	438
8036.347609388861	8044.248378896729	197.66699999999997	205.67399999999998	8.007000000000005	1.425115	11.259505137205096	24	0	441
8036.347609388861	8047.927985003255	205.67399999999998	236.77399999999997	31.099999999999994	1.050567	12.165960468087341	9	898	442
8036.347609388861	8061.946560855809	236.77399999999997	279.984	43.21000000000001	0.390641	10.0	0	610	444
8036.347609388861	8062.025460350822	279.984	291.38199999999995	11.397999999999996	0.406046	10.426388671700357	1	994	445
8036.347609388861	8086.590837788859	0	197.66699999999997	197.66699999999997	0.251778	12.650139560094573	16	991	440
8086.590837788859	8088.15604645525	0	6.983000000000004	6.983000000000004	10.707272	16.75911492781069	13	0	446
8086.590837788859	8094.491607296727	278.324	286.331	8.007000000000005	1.425115	11.259505137205096	24	0	453
8086.590837788859	8098.727658597196	6.983000000000004	198.716	191.733	0.823939	10.0	0	1023	448
8086.590837788859	8098.791237828761	198.716	238.52	39.804	0.854594	10.426388671700357	1	893	450
8086.590837788859	8098.791237828761	238.52	278.324	39.804	0.854594	10.426388671700357	1	893	451
8098.791237828761	8098.802565652524	0	6.5930000000000035	6.5930000000000035	2048.342564	23.203263571543708	14	0	454
8098.791237828761	8098.8845659259105	198.93900000000002	244.82800000000003	45.88900000000001	179.57202	16.75911492781069	13	994	459
8098.791237828761	8124.469088790722	244.82800000000003	256.226	11.397999999999996	0.406046	10.426388671700357	1	994	21
8098.791237828761	8175.525153251289	191.63300000000004	198.93900000000002	7.305999999999997	0.194453	14.921140055656902	5	288	457
8098.791237828761	8204.880132034898	6.5930000000000035	191.63300000000004	185.04000000000002	0.160491	17.026312720037076	20	1021	455
8204.880132034898	8208.028196486124	0	6.144999999999996	6.144999999999996	3.202904	10.082948223091952	12	4	81
8204.880132034898	8208.445874648594	11.825999999999993	25.723	13.897000000000006	3.047868	10.867912808520783	4	161	88
8204.880132034898	8209.240719475278	47.182	285.132	237.95	2.789982	12.165960468087341	9	1022	99
8204.880132034898	8209.25072518832	6.144999999999996	11.825999999999993	5.680999999999997	7.314821	31.97010658110419	22	3	83
8204.880132034898	8209.476006285522	25.723	47.182	21.459000000000003	3.173559	14.585278090936255	8	160	96
8209.476006285522	8235.239950683337	205.50799999999998	212.96299999999997	7.454999999999998	0.566112	14.585278090936255	8	0	117
8209.476006285522	8275.476809383845	212.96299999999997	265.16299999999995	52.19999999999999	0.222455	14.682208653237506	10	512	120
8209.476006285522	8286.20992170805	0	7.305999999999997	7.305999999999997	0.194453	14.921140055656902	5	288	101
8209.476006285522	8287.195894797349	195.988	205.50799999999998	9.519999999999996	0.156536	12.165960468087341	9	32	111
8209.476006285522	8299.416018260232	7.305999999999997	195.988	188.68200000000002	0.324934	29.224567850990265	21	1023	108
8299.416018260232	8302.564082711458	52.5	58.644999999999996	6.144999999999996	3.202904	10.082948223091952	12	4	164
8299.416018260232	8310.904201502723	163.675	175.00900000000001	11.334000000000003	1.126848	12.94543631043449	3	97	303
8299.416018260232	8311.796683446513	58.644999999999996	111.175	52.53	1.621778	20.078690424475766	15	966	274
8299.416018260232	8311.880952419857	0	52.5	52.5	0.843729	10.51702643356683	2	831	122
8299.416018260232	8311.880952419857	111.175	163.675	52.5	0.843729	10.51702643356683	2	831	276
8311.880952419857	8315.029016871084	85.674	91.819	6.144999999999996	3.202904	10.082948223091952	12	4	336
8311.880952419857	8315.446695033554	63.32300000000001	77.22000000000001	13.897000000000006	3.047868	10.867912808520783	4	161	319
8311.880952419857	8335.75691777939	77.22000000000001	85.674	8.453999999999994	0.610877	14.585278090936255	8	2	331
8311.880952419857	8336.520284930722	91.819	299.791	207.97199999999998	0.595885	14.682208653237506	10	1017	339
8311.880952419857	8337.274877158929	0	63.32300000000001	63.32300000000001	0.587587	14.921140055656902	5	254	314
8337.274877158929	8345.175646666796	274.17699999999996	282.18399999999997	8.007000000000005	1.425115	11.259505137205096	24	0	351
8337.274877158929	8360.422977648937	266.604	274.17699999999996	7.572999999999993	0.559244	12.94543631043449	3	32	348
8337.274877158929	8360.90933714697	0	48.93299999999999	48.93299999999999	0.423111	10.0	0	772	342
8337.274877158929	8361.032826425357	282.18399999999997	295.11199999999997	12.927999999999997	0.442674	10.51702643356683	2	142	353
8337.274877158929	8361.13073770639	48.93299999999999	266.604	217.671	0.615455	14.682208653237506	10	1019	345
8361.13073770639	8362.695946372782	0	6.983000000000004	6.983000000000004	10.707272	16.75911492781069	13	0	356
8361.13073770639	8362.695946372782	256.828	263.811	6.983000000000004	10.707272	16.75911492781069	13	0	366
8361.13073770639	8365.868389670643	263.811	268.601	4.790000000000006	6.748091	31.97010658110419	22	0	370
8361.13073770639	8384.761371922452	243.43	256.828	13.397999999999996	0.445059	10.51702643356683	2	174	362
8361.13073770639	8384.830411567285	6.983000000000004	243.43	236.447	0.619511	14.682208653237506	10	1021	360
8384.830411567285	8400.511113380147	244.598	250.699	6.100999999999999	1.630893	25.573546821685294	23	0	456
8384.830411567285	8401.26415334093	0	5.3430000000000035	5.3430000000000035	0.661317	10.867912808520783	4	0	373
8384.830411567285	8410.429363034233	250.699	293.909	43.21000000000001	0.390641	10.0	0	610	458
8384.830411567285	8416.406546520308	21.504000000000005	244.598	223.094	0.722462	22.812557610430545	17	735	452
8384.830411567285	8416.54555430176	5.3430000000000035	21.504000000000005	16.161	0.383601	12.165960468087341	9	130	449
8416.54555430176	8428.682375110096	0	191.733	191.733	0.823939	10.0	0	1023	460
