0.0	0.5985421517038337	91.28399999999999	95.74799999999999	4.463999999999999	19.505324	11.67475859664043	7	0	436
0.5985421517038336	3.9866568495833734	95.74799999999999	103.005	7.257000000000005	3.101002	10.506550454353848	11	36	439
0.0	17.541279128515956	0	31.099999999999994	31.099999999999994	1.050567	18.428288990207623	9	898	0
17.541279128515956	18.139821280219792	29.427999999999997	33.891999999999996	4.463999999999999	19.505324	11.67475859664043	7	0	3
17.541279128515956	18.139821280219792	91.28399999999999	95.74799999999999	4.463999999999999	19.505324	11.67475859664043	7	0	9
18.139821280219792	18.738363431923627	95.74799999999999	100.21199999999999	4.463999999999999	19.505324	11.67475859664043	7	0	13
18.139821280219792	18.738363431923627	29.427999999999997	33.891999999999996	4.463999999999999	19.505324	11.67475859664043	7	0	21
18.738363431923627	22.126478129803168	0.018000000000000682	7.275000000000006	7.257000000000005	3.101002	10.506550454353848	11	36	29
18.738363431923627	23.33702269196899	0	0.018000000000000682	0.018000000000000682	3.993946	18.366796757021135	19	3	33
22.126478129803168	25.51459282768271	7.275000000000006	14.53200000000001	7.257000000000005	3.101002	10.506550454353848	11	36	36
23.33702269196899	27.935681952014352	14.53200000000001	14.550000000000011	0.018000000000000682	3.993946	18.366796757021135	19	3	113
27.935681952014352	32.534341212059715	21.012000000000015	21.030000000000015	0.018000000000000682	3.993946	18.366796757021135	19	3	116
25.514592827682712	61.76773185029295	14.550000000000011	21.012000000000015	6.462000000000003	0.287971	10.439852697480092	2	66	39
61.76773185029294	124.97930712894865	21.030000000000015	28.336000000000013	7.305999999999997	0.194453	12.291680447660438	5	288	56
0.0	159.32809148161883	60.52799999999999	91.28399999999999	30.756	0.070142	11.175590992703707	20	224	133
0.0	160.31640333351314	31.099999999999994	60.52799999999999	29.427999999999997	0.090535	14.514245575799611	16	961	123
159.32809148161886	160.84208671921914	21.030000000000015	46.81800000000001	25.787999999999997	13.253397	20.065579940026076	23	226	146
160.84208671921914	174.3423417026	71.92599999999999	109.231	37.30500000000001	1.281565	17.30145427777652	15	930	154
174.3423417026	175.82720390164107	29.427999999999997	73.957	44.528999999999996	8.33362	12.374277319172602	8	961	376
175.82720390164107	176.48635587403786	71.92599999999999	95.12799999999999	23.201999999999998	37.698879	24.84929044999774	24	462	394
17.541279128515953	177.8576824620291	0	29.427999999999997	29.427999999999997	0.090535	14.514245575799611	16	961	141
160.31640333351314	187.39026876413573	60.52799999999999	71.92599999999999	11.397999999999996	0.406046	10.993234762642585	1	994	161
124.97930712894865	188.19088240760436	91.28399999999999	98.58999999999999	7.305999999999997	0.194453	12.291680447660438	5	288	61
187.39026876413573	191.22917926118492	0	13.897000000000006	13.897000000000006	3.047868	11.70049245882032	4	161	437
191.22917926118492	191.2317218487855	60.184	73.834	13.650000000000006	6007.543921	15.274706683374447	14	99	6
191.2317218487855	191.23426443638607	0	13.650000000000006	13.650000000000006	6007.543921	15.274706683374447	14	99	12
191.23426443638607	191.23680702398664	60.184	73.834	13.650000000000006	6007.543921	15.274706683374447	14	99	15
159.32809148161883	222.53966676027454	98.58999999999999	105.89599999999999	7.305999999999997	0.194453	12.291680447660438	5	288	63
177.8576824620291	245.59063169730635	71.92599999999999	111.32199999999997	39.39599999999999	0.259985	17.60955080693356	17	416	410
188.19088240760436	251.40245768626008	13.897000000000006	21.203000000000003	7.305999999999997	0.194453	12.291680447660438	5	288	71
251.40245768626008	251.40500027386065	70.957	84.607	13.650000000000006	6007.543921	15.274706683374447	14	99	23
251.40500027386065	253.77944399987712	84.607	97.69	13.082999999999998	8.362142	19.855435607958768	12	100	42
253.77944399987712	256.1538877258936	10.772999999999996	23.855999999999995	13.082999999999998	8.362142	19.855435607958768	12	100	43
256.1538877258936	283.2277531565162	70.957	82.35499999999999	11.397999999999996	0.406046	10.993234762642585	1	994	45
283.2277531565162	287.0666636535654	82.35499999999999	96.252	13.897000000000006	3.047868	11.70049245882032	4	161	50
287.0666636535654	287.06920624116594	10.772999999999996	24.423000000000002	13.650000000000006	6007.543921	15.274706683374447	14	99	51
287.06920624116594	290.90811673821514	70.957	84.854	13.897000000000006	3.047868	11.70049245882032	4	161	62
290.90811673821514	317.98198216883776	84.854	96.252	11.397999999999996	0.406046	10.993234762642585	1	994	73
176.48635587403786	335.8144473556567	29.427999999999997	60.184	30.756	0.070142	11.175590992703707	20	224	402
317.98198216883776	345.0558475994604	10.772999999999996	22.170999999999992	11.397999999999996	0.406046	10.993234762642585	1	994	74
345.0558475994604	381.3089866220706	50.631	57.093	6.462000000000003	0.287971	10.439852697480092	2	66	75
381.3089866220706	381.31152920967116	10.772999999999996	24.423000000000002	13.650000000000006	6007.543921	15.274706683374447	14	99	77
381.31152920967116	381.910071361375	50.631	55.095	4.463999999999999	19.505324	11.67475859664043	7	0	78
381.910071361375	382.50861351307884	10.772999999999996	15.236999999999995	4.463999999999999	19.505324	11.67475859664043	7	0	84
382.50861351307884	384.8830572390953	50.631	63.714	13.082999999999998	8.362142	19.855435607958768	12	100	88
384.8830572390953	385.48159939079915	10.772999999999996	15.236999999999995	4.463999999999999	19.505324	11.67475859664043	7	0	92
385.48159939079915	386.080141542503	50.631	55.095	4.463999999999999	19.505324	11.67475859664043	7	0	94
245.59063169730635	405.9070350308195	21.203000000000003	50.631	29.427999999999997	0.090535	14.514245575799611	16	961	420
405.9070350308195	406.3556404602917	50.631	86.717	36.086	32.977341	14.793814222156373	6	993	438
406.3556404602917	407.86963569789197	22.170999999999992	47.95899999999999	25.787999999999997	13.253397	20.065579940026076	23	226	441
407.86963569789197	409.38363093549225	47.95899999999999	73.74699999999999	25.787999999999997	13.253397	20.065579940026076	23	226	2
409.38363093549225	409.83223636496444	22.170999999999992	58.25699999999999	36.086	32.977341	14.793814222156373	6	993	5
386.080141542503	413.1540069731256	10.772999999999996	22.170999999999992	11.397999999999996	0.406046	10.993234762642585	1	994	100
413.1540069731256	449.40714599573585	22.170999999999992	28.632999999999996	6.462000000000003	0.287971	10.439852697480092	2	66	104
449.40714599573585	453.24605649278504	28.632999999999996	42.53	13.897000000000006	3.047868	11.70049245882032	4	161	107
335.81444735565674	495.14253883727554	70.957	101.713	30.756	0.070142	11.175590992703707	20	224	428
495.14253883727554	495.3217364037006	18.078999999999994	58.455	40.376000000000005	134.866598	24.167766153623354	22	992	447
453.2460564927851	516.4576317714408	10.772999999999996	18.078999999999994	7.305999999999997	0.194453	12.291680447660438	5	288	111
495.3217364037006	563.0546856389778	70.957	110.35299999999998	39.39599999999999	0.259985	17.60955080693356	17	416	8
563.0546856389778	563.7138376113746	28.85199999999999	52.05399999999999	23.201999999999998	37.698879	24.84929044999774	24	462	14
563.7138376113746	577.2140925947555	70.957	108.262	37.30500000000001	1.281565	17.30145427777652	15	930	16
577.2140925947555	578.7280878323558	28.85199999999999	54.639999999999986	25.787999999999997	13.253397	20.065579940026076	23	226	17
578.7280878323558	592.2283428157366	70.957	108.262	37.30500000000001	1.281565	17.30145427777652	15	930	18
409.8322363649645	649.163136228181	58.25699999999999	86.222	27.965000000000003	0.113052	27.05683689133635	21	162	7
592.2283428157366	659.9612920510139	28.85199999999999	68.24799999999998	39.39599999999999	0.259985	17.60955080693356	17	416	20
659.9612920510139	727.6942412862911	10.772999999999996	50.16899999999998	39.39599999999999	0.259985	17.60955080693356	17	416	24
727.6942412862911	728.1428467157633	28.85199999999999	64.93799999999999	36.086	32.977341	14.793814222156373	6	993	27
649.163136228181	888.4940360913974	70.957	98.922	27.965000000000003	0.113052	27.05683689133635	21	162	26
888.4940360913974	890.0080313289977	28.85199999999999	54.639999999999986	25.787999999999997	13.253397	20.065579940026076	23	226	30
890.0080313289977	907.5493104575137	70.957	102.05699999999999	31.099999999999994	1.050567	18.428288990207623	9	898	31
728.1428467157633	967.4737465789798	10.772999999999996	38.738	27.965000000000003	0.113052	27.05683689133635	21	162	28
967.4737465789798	968.9877418165801	70.957	96.74499999999999	25.787999999999997	13.253397	20.065579940026076	23	226	38
968.9877418165801	970.5017370541804	10.772999999999996	36.56099999999999	25.787999999999997	13.253397	20.065579940026076	23	226	57
970.5017370541804	972.0157322917806	70.957	96.74499999999999	25.787999999999997	13.253397	20.065579940026076	23	226	58
972.0157322917806	972.6748842641774	10.772999999999996	33.974999999999994	23.201999999999998	37.698879	24.84929044999774	24	462	65
972.6748842641774	973.3340362365742	70.957	94.15899999999999	23.201999999999998	37.698879	24.84929044999774	24	462	81
973.3340362365742	973.993188208971	10.772999999999996	33.974999999999994	23.201999999999998	37.698879	24.84929044999774	24	462	85
907.5493104575137	975.282259692791	28.85199999999999	68.24799999999998	39.39599999999999	0.259985	17.60955080693356	17	416	37
975.282259692791	975.461457259216	10.772999999999996	51.149	40.376000000000005	134.866598	24.167766153623354	22	992	25
973.993188208971	975.5071834465713	70.957	96.74499999999999	25.787999999999997	13.253397	20.065579940026076	23	226	98
975.5071834465713	993.0484625750872	10.772999999999996	41.87299999999999	31.099999999999994	1.050567	18.428288990207623	9	898	48
975.461457259216	1134.7895487408348	28.85199999999999	59.60799999999999	30.756	0.070142	11.175590992703707	20	224	41
993.0484625750872	1152.376554056706	70.957	101.713	30.756	0.070142	11.175590992703707	20	224	49
1134.7895487408348	1294.1176402224537	10.772999999999996	41.528999999999996	30.756	0.070142	11.175590992703707	20	224	53
1294.1176402224537	1311.6589193509697	70.957	102.05699999999999	31.099999999999994	1.050567	18.428288990207623	9	898	69
1152.376554056706	1311.704645538325	28.85199999999999	59.60799999999999	30.756	0.070142	11.175590992703707	20	224	66
1311.704645538325	1325.204900521706	70.957	108.262	37.30500000000001	1.281565	17.30145427777652	15	930	55
1311.6589193509697	1471.9753226844828	10.772999999999996	40.20099999999999	29.427999999999997	0.090535	14.514245575799611	16	961	70
1471.9753226844828	1485.4755776678637	70.957	108.262	37.30500000000001	1.281565	17.30145427777652	15	930	76
1325.204900521706	1485.521303855219	28.85199999999999	58.27999999999999	29.427999999999997	0.090535	14.514245575799611	16	961	72
1485.521303855219	1644.849395336838	70.957	101.713	30.756	0.070142	11.175590992703707	20	224	82
1485.4755776678637	1645.7919810013768	10.772999999999996	40.20099999999999	29.427999999999997	0.090535	14.514245575799611	16	961	80
1645.7919810013768	1663.3332601298928	70.957	102.05699999999999	31.099999999999994	1.050567	18.428288990207623	9	898	96
1663.3332601298928	1676.8335151132737	10.772999999999996	48.078	37.30500000000001	1.281565	17.30145427777652	15	930	97
1676.8335151132737	1690.3337700966547	70.957	108.262	37.30500000000001	1.281565	17.30145427777652	15	930	102
1690.3337700966547	1690.782375526127	10.772999999999996	46.858999999999995	36.086	32.977341	14.793814222156373	6	993	106
1690.782375526127	1704.282630509508	70.957	108.262	37.30500000000001	1.281565	17.30145427777652	15	930	109
1704.282630509508	1731.3564959401306	10.772999999999996	22.170999999999992	11.397999999999996	0.406046	10.993234762642585	1	994	119
1731.3564959401306	1744.8567509235115	70.957	108.262	37.30500000000001	1.281565	17.30145427777652	15	930	121
1744.8567509235115	1762.3980300520275	10.772999999999996	41.87299999999999	31.099999999999994	1.050567	18.428288990207623	9	898	134
1762.3980300520275	1789.47189548265	70.957	82.35499999999999	11.397999999999996	0.406046	10.993234762642585	1	994	135
1789.47189548265	1792.8600101805296	82.35499999999999	89.612	7.257000000000005	3.101002	10.506550454353848	11	36	137
1644.849395336838	1805.165798670351	28.85199999999999	58.27999999999999	29.427999999999997	0.090535	14.514245575799611	16	961	86
1805.165798670351	1805.764340822055	10.772999999999996	15.236999999999995	4.463999999999999	19.505324	11.67475859664043	7	0	139
191.23680702398656	1818.939941535947	0	10.772999999999996	10.772999999999996	0.013598	22.133507223093638	18	928	22
1805.764340822055	1823.3056199505709	28.85199999999999	59.951999999999984	31.099999999999994	1.050567	18.428288990207623	9	898	140
1823.3056199505709	1823.3891523351267	0	45.88900000000001	45.88900000000001	179.57202	15.000079030097593	13	994	385
1823.3891523351267	1823.4726847196825	28.85199999999999	74.741	45.88900000000001	179.57202	15.000079030097593	13	994	443
1818.939941535947	1823.5386007959924	10.772999999999996	10.790999999999997	0.018000000000000682	3.993946	18.366796757021135	19	3	132
1823.4726847196825	1825.060701177725	0	45.46100000000001	45.46100000000001	6.902195	10.960799256617387	3	931	440
1825.060701177725	1825.1442335622808	28.86999999999999	74.759	45.88900000000001	179.57202	15.000079030097593	13	994	442
1825.1442335622808	1826.5746474554153	0	44.131	44.131	21.264104	30.41646978665614	25	642	1
1826.5746474554153	1828.0595096544564	28.86999999999999	73.39899999999999	44.528999999999996	8.33362	12.374277319172602	8	961	4
1823.5386007959924	1828.1372600560378	28.85199999999999	28.86999999999999	0.018000000000000682	3.993946	18.366796757021135	19	3	145
1828.0595096544564	1829.6475261124988	0	45.46100000000001	45.46100000000001	6.902195	10.960799256617387	3	931	10
1829.6475261124988	1831.13238831154	28.88799999999999	73.41699999999999	44.528999999999996	8.33362	12.374277319172602	8	961	11
1828.1372600560378	1832.7359193160833	28.86999999999999	28.88799999999999	0.018000000000000682	3.993946	18.366796757021135	19	3	178
1832.7359193160833	1833.3344614677872	28.88799999999999	33.35199999999999	4.463999999999999	19.505324	11.67475859664043	7	0	151
1833.3344614677872	1837.9331207278326	33.35199999999999	33.36999999999999	0.018000000000000682	3.993946	18.366796757021135	19	3	192
1837.9331207278326	1842.531779987878	33.36999999999999	33.38799999999999	0.018000000000000682	3.993946	18.366796757021135	19	3	197
1842.531779987878	1847.1304392479235	33.38799999999999	33.40599999999999	0.018000000000000682	3.993946	18.366796757021135	19	3	211
222.53966676027449	1850.2428012722348	60.184	70.957	10.772999999999996	0.013598	22.133507223093638	18	928	40
1847.1304392479235	1851.729098507969	33.40599999999999	33.42399999999999	0.018000000000000682	3.993946	18.366796757021135	19	3	215
1851.729098507969	1852.3276406596729	28.85199999999999	33.31599999999999	4.463999999999999	19.505324	11.67475859664043	7	0	220
1831.13238831154	1856.7313397784878	0	43.21000000000001	43.21000000000001	0.390641	10.0	0	610	32
1852.3276406596729	1856.9262999197183	33.31599999999999	33.33399999999999	0.018000000000000682	3.993946	18.366796757021135	19	3	225
1856.9262999197183	1861.5249591797638	0	0.018000000000000682	0.018000000000000682	3.993946	18.366796757021135	19	3	231
1861.5249591797638	1866.1236184398092	0.018000000000000682	0.036000000000001364	0.018000000000000682	3.993946	18.366796757021135	19	3	235
1866.1236184398092	1866.722160591513	0.036000000000001364	4.5	4.463999999999999	19.505324	11.67475859664043	7	0	259
1866.722160591513	1871.3208198515586	4.5	4.518000000000001	0.018000000000000682	3.993946	18.366796757021135	19	3	261
1871.3208198515586	1875.919479111604	4.518000000000001	4.536000000000001	0.018000000000000682	3.993946	18.366796757021135	19	3	296
1875.919479111604	1880.5181383716495	4.536000000000001	4.554000000000002	0.018000000000000682	3.993946	18.366796757021135	19	3	299
1880.5181383716495	1881.1166805233534	4.554000000000002	9.018	4.463999999999999	19.505324	11.67475859664043	7	0	328
1856.7313397784878	1882.3302912454358	28.85199999999999	72.062	43.21000000000001	0.390641	10.0	0	610	34
1882.3302912454358	1883.9183077034781	9.036000000000001	54.497000000000014	45.46100000000001	6.902195	10.960799256617387	3	931	35
1881.1166805233534	1885.7153397833988	9.018	9.036000000000001	0.018000000000000682	3.993946	18.366796757021135	19	3	334
1885.7153397833988	1948.9269150620546	9.036000000000001	16.342	7.305999999999997	0.194453	12.291680447660438	5	288	143
1883.9183077034781	1951.6512569387555	0	39.39599999999999	39.39599999999999	0.259985	17.60955080693356	17	416	44
1792.8600101805296	1953.1764135140427	89.612	119.03999999999999	29.427999999999997	0.090535	14.514245575799611	16	961	138
1953.1764135140427	1954.690408751643	0	25.787999999999997	25.787999999999997	13.253397	20.065579940026076	23	226	128
1948.9269150620546	2012.1384903407104	28.85199999999999	36.15799999999999	7.305999999999997	0.194453	12.291680447660438	5	288	165
1951.6512569387555	2019.384206174033	0	39.39599999999999	39.39599999999999	0.259985	17.60955080693356	17	416	87
2019.384206174033	2087.1171554093103	82.93499999999999	122.33099999999997	39.39599999999999	0.259985	17.60955080693356	17	416	99
2087.1171554093103	2100.617410392691	0	37.30500000000001	37.30500000000001	1.281565	17.30145427777652	15	930	131
516.4576317714409	2144.1607662834012	18.078999999999994	28.85199999999999	10.772999999999996	0.013598	22.133507223093638	18	928	117
2100.617410392691	2168.3503596279684	82.93499999999999	122.33099999999997	39.39599999999999	0.259985	17.60955080693356	17	416	126
2168.3503596279684	2168.5295571943934	7.305999999999997	47.682	40.376000000000005	134.866598	24.167766153623354	22	992	125
1954.6904087516432	2194.0213086148597	44.19699999999999	72.16199999999999	27.965000000000003	0.113052	27.05683689133635	21	162	124
2194.0213086148597	2194.6804605872567	7.305999999999997	30.507999999999996	23.201999999999998	37.698879	24.84929044999774	24	462	147
2194.6804605872567	2195.1290660167288	44.19699999999999	80.28299999999999	36.086	32.977341	14.793814222156373	6	993	149
2144.1607662834012	2207.372341562057	0	7.305999999999997	7.305999999999997	0.194453	12.291680447660438	5	288	169
2195.1290660167288	2208.6293210001095	7.305999999999997	44.611000000000004	37.30500000000001	1.281565	17.30145427777652	15	930	150
2208.6293210001095	2209.0779264295816	55.594999999999985	91.68099999999998	36.086	32.977341	14.793814222156373	6	993	152
2209.0779264295816	2209.7370784019786	0	23.201999999999998	23.201999999999998	37.698879	24.84929044999774	24	462	156
2209.7370784019786	2212.111522127995	55.594999999999985	68.67799999999998	13.082999999999998	8.362142	19.855435607958768	12	100	379
2212.111522127995	2214.4859658540117	0	13.082999999999998	13.082999999999998	8.362142	19.855435607958768	12	100	380
2214.4859658540117	2215.1451178264088	13.082999999999998	36.285	23.201999999999998	37.698879	24.84929044999774	24	462	381
2215.1451178264088	2215.593723255881	55.594999999999985	91.68099999999998	36.086	32.977341	14.793814222156373	6	993	382
2215.593723255881	2229.0939782392616	0	37.30500000000001	37.30500000000001	1.281565	17.30145427777652	15	930	383
2229.0939782392616	2229.096520826862	55.594999999999985	69.24499999999999	13.650000000000006	6007.543921	15.274706683374447	14	99	395
2229.096520826862	2229.0990634144628	0	13.650000000000006	13.650000000000006	6007.543921	15.274706683374447	14	99	397
2207.372341562057	2234.4462069926794	44.19699999999999	55.594999999999985	11.397999999999996	0.406046	10.993234762642585	1	994	378
2168.5295571943934	2328.8459605279068	82.93499999999999	112.36299999999999	29.427999999999997	0.090535	14.514245575799611	16	961	127
2328.8459605279068	2396.578909763184	0	39.39599999999999	39.39599999999999	0.259985	17.60955080693356	17	416	155
2229.0990634144628	2468.4299632776792	13.650000000000006	41.61500000000001	27.965000000000003	0.113052	27.05683689133635	21	162	398
2396.578909763184	2635.9098096264006	82.93499999999999	110.89999999999999	27.965000000000003	0.113052	27.05683689133635	21	162	401
2468.4299632776792	2707.7608631408957	0	27.965000000000003	27.965000000000003	0.113052	27.05683689133635	21	162	144
2707.7608631408957	2867.0889546225144	82.93499999999999	113.69099999999999	30.756	0.070142	11.175590992703707	20	224	163
2635.9098096264006	2875.240709489617	44.19699999999999	72.16199999999999	27.965000000000003	0.113052	27.05683689133635	21	162	162
2867.0889546225144	2934.8219038577918	0	39.39599999999999	39.39599999999999	0.259985	17.60955080693356	17	416	166
2934.8219038577918	2952.363182986308	44.19699999999999	75.29699999999998	31.099999999999994	1.050567	18.428288990207623	9	898	171
2952.363182986308	2954.7376267123245	0	13.082999999999998	13.082999999999998	8.362142	19.855435607958768	12	100	172
2875.240709489617	3114.5716093528335	82.93499999999999	110.89999999999999	27.965000000000003	0.113052	27.05683689133635	21	162	167
2954.7376267123245	3115.054030045838	13.082999999999998	42.510999999999996	29.427999999999997	0.090535	14.514245575799611	16	961	173
3115.054030045838	3128.5542850292186	82.93499999999999	120.24	37.30500000000001	1.281565	17.30145427777652	15	930	177
3128.5542850292186	3142.0545400125993	44.19699999999999	81.502	37.30500000000001	1.281565	17.30145427777652	15	930	180
3142.0545400125993	3205.266115291255	82.93499999999999	90.24099999999999	7.305999999999997	0.194453	12.291680447660438	5	288	181
3205.266115291255	3218.766370274636	44.19699999999999	81.502	37.30500000000001	1.281565	17.30145427777652	15	930	182
3218.766370274636	3219.214975704108	82.93499999999999	119.02099999999999	36.086	32.977341	14.793814222156373	6	993	183
3219.214975704108	3223.053886201157	44.19699999999999	58.093999999999994	13.897000000000006	3.047868	11.70049245882032	4	161	184
3223.053886201157	3259.3070252237676	82.93499999999999	89.39699999999999	6.462000000000003	0.287971	10.439852697480092	2	66	185
3114.5716093528335	3353.90250921605	0	27.965000000000003	27.965000000000003	0.113052	27.05683689133635	21	162	174
3353.90250921605	3413.2793138053125	82.93499999999999	135.135	52.19999999999999	0.222455	13.208667064904391	10	512	19
3413.2793138053125	3414.7641760043534	0	44.528999999999996	44.528999999999996	8.33362	12.374277319172602	8	961	46
3414.7641760043534	3474.140980593616	82.93499999999999	135.135	52.19999999999999	0.222455	13.208667064904391	10	512	47
3474.140980593616	3474.224512978172	0	45.88900000000001	45.88900000000001	179.57202	15.000079030097593	13	994	52
3474.224512978172	3475.654926871306	82.93499999999999	127.06599999999999	44.131	21.264104	30.41646978665614	25	642	54
1850.2428012722348	3477.945935784195	33.42399999999999	44.19699999999999	10.772999999999996	0.013598	22.133507223093638	18	928	158
3477.945935784195	3505.0198012148176	82.93499999999999	94.33299999999998	11.397999999999996	0.406046	10.993234762642585	1	994	189
3475.654926871306	3535.0317314605686	0	52.19999999999999	52.19999999999999	0.222455	13.208667064904391	10	512	59
3535.0317314605686	3560.6306829275163	82.93499999999999	126.145	43.21000000000001	0.390641	10.0	0	610	60
3505.0198012148176	3568.2313764934734	66.36799999999998	73.67399999999998	7.305999999999997	0.194453	12.291680447660438	5	288	193
3568.2313764934734	3568.233919081074	82.93499999999999	96.585	13.650000000000006	6007.543921	15.274706683374447	14	99	194
3568.233919081074	3595.3077845116964	66.36799999999998	77.76599999999998	11.397999999999996	0.406046	10.993234762642585	1	994	195
3595.3077845116964	3598.695899209576	82.93499999999999	90.192	7.257000000000005	3.101002	10.506550454353848	11	36	200
3598.695899209576	3602.5348097066253	90.192	104.089	13.897000000000006	3.047868	11.70049245882032	4	161	201
3602.5348097066253	3604.909253432642	66.36799999999998	79.45099999999998	13.082999999999998	8.362142	19.855435607958768	12	100	205
3604.909253432642	3608.748163929691	82.93499999999999	96.832	13.897000000000006	3.047868	11.70049245882032	4	161	208
3560.6306829275163	3620.007487516779	0	52.19999999999999	52.19999999999999	0.222455	13.208667064904391	10	512	64
2012.1384903407106	3639.841624852671	72.16199999999999	82.93499999999999	10.772999999999996	0.013598	22.133507223093638	18	928	168
3639.841624852671	3643.6805353497202	0	13.897000000000006	13.897000000000006	3.047868	11.70049245882032	4	161	210
3608.748163929691	3645.0013029523016	66.36799999999998	72.82999999999998	6.462000000000003	0.287971	10.439852697480092	2	66	209
3643.6805353497202	3647.5194458467695	13.897000000000006	27.79400000000001	13.897000000000006	3.047868	11.70049245882032	4	161	213
3647.5194458467695	3649.893889572786	0	13.082999999999998	13.082999999999998	8.362142	19.855435607958768	12	100	218
3620.007487516779	3679.3842921060414	82.93499999999999	135.135	52.19999999999999	0.222455	13.208667064904391	10	512	67
3679.3842921060414	3680.8147059991757	0	44.131	44.131	21.264104	30.41646978665614	25	642	68
3680.8147059991757	3682.2995681982165	66.36799999999998	110.89699999999998	44.528999999999996	8.33362	12.374277319172602	8	961	89
3682.2995681982165	3682.3831005827724	0	45.88900000000001	45.88900000000001	179.57202	15.000079030097593	13	994	90
3649.893889572786	3686.1470285953965	13.082999999999998	19.545	6.462000000000003	0.287971	10.439852697480092	2	66	223
3686.1470285953965	3689.535143293276	0	7.257000000000005	7.257000000000005	3.101002	10.506550454353848	11	36	228
3689.535143293276	3716.6090087238986	7.257000000000005	18.655	11.397999999999996	0.406046	10.993234762642585	1	994	232
3716.6090087238986	3718.983452449915	18.655	31.738	13.082999999999998	8.362142	19.855435607958768	12	100	233
3718.983452449915	3722.8223629469644	0	13.897000000000006	13.897000000000006	3.047868	11.70049245882032	4	161	234
3722.8223629469644	3722.824905534565	13.897000000000006	27.54700000000001	13.650000000000006	6007.543921	15.274706683374447	14	99	236
3722.824905534565	3726.6638160316143	0	13.897000000000006	13.897000000000006	3.047868	11.70049245882032	4	161	237
3726.6638160316143	3730.5027265286635	13.897000000000006	27.79400000000001	13.897000000000006	3.047868	11.70049245882032	4	161	239
3730.5027265286635	3730.505269116264	0	13.650000000000006	13.650000000000006	6007.543921	15.274706683374447	14	99	241
3682.3831005827724	3741.759905172035	66.36799999999998	118.56799999999997	52.19999999999999	0.222455	13.208667064904391	10	512	95
3741.759905172035	3743.190319065169	0	44.131	44.131	21.264104	30.41646978665614	25	642	108
3743.190319065169	3743.273851449725	66.36799999999998	112.25699999999999	45.88900000000001	179.57202	15.000079030097593	13	994	110
3743.273851449725	3744.861867907767	0	45.46100000000001	45.46100000000001	6.902195	10.960799256617387	3	931	115
3744.861867907767	3770.460819374715	66.36799999999998	109.57799999999999	43.21000000000001	0.390641	10.0	0	610	136
3770.460819374715	3771.945681573756	0	44.528999999999996	44.528999999999996	8.33362	12.374277319172602	8	961	129
3771.945681573756	3773.4305437727967	66.36799999999998	110.89699999999998	44.528999999999996	8.33362	12.374277319172602	8	961	130
3773.4305437727967	3799.0294952397444	0	43.21000000000001	43.21000000000001	0.390641	10.0	0	610	148
3799.0294952397444	3800.6175116977865	66.36799999999998	111.829	45.46100000000001	6.902195	10.960799256617387	3	931	153
3800.6175116977865	3859.994316287049	0	52.19999999999999	52.19999999999999	0.222455	13.208667064904391	10	512	160
3859.994316287049	3860.077848671605	66.36799999999998	112.25699999999999	45.88900000000001	179.57202	15.000079030097593	13	994	157
3860.077848671605	3861.508262564739	0	44.131	44.131	21.264104	30.41646978665614	25	642	159
2234.4462069926794	3862.14934150464	55.594999999999985	66.36799999999998	10.772999999999996	0.013598	22.133507223093638	18	928	170
3862.14934150464	3862.808493477037	0	23.201999999999998	23.201999999999998	37.698879	24.84929044999774	24	462	198
3861.508262564739	3887.107214031687	66.36799999999998	109.57799999999999	43.21000000000001	0.390641	10.0	0	610	384
3887.107214031687	3888.695230489729	0	45.46100000000001	45.46100000000001	6.902195	10.960799256617387	3	931	377
3888.695230489729	3890.1256443828634	54.969999999999985	99.10099999999998	44.131	21.264104	30.41646978665614	25	642	396
3862.808493477037	3899.061632499647	38.56700000000001	45.02900000000001	6.462000000000003	0.287971	10.439852697480092	2	66	250
3899.061632499647	3901.436076225664	54.969999999999985	68.05299999999998	13.082999999999998	8.362142	19.855435607958768	12	100	251
3890.1256443828634	3915.724595849811	0	43.21000000000001	43.21000000000001	0.390641	10.0	0	610	399
3915.724595849811	3917.1550097429454	75.35899999999998	119.48999999999998	44.131	21.264104	30.41646978665614	25	642	400
3917.1550097429454	3918.7430262009875	0	45.46100000000001	45.46100000000001	6.902195	10.960799256617387	3	931	142
3918.7430262009875	3944.341977667935	75.35899999999998	118.56899999999999	43.21000000000001	0.390641	10.0	0	610	164
3901.436076225664	3964.6476515043196	68.05299999999998	75.35899999999998	7.305999999999997	0.194453	12.291680447660438	5	288	252
3944.341977667935	3969.940929134883	0	43.21000000000001	43.21000000000001	0.390641	10.0	0	610	175
3969.940929134883	3995.5398806018306	81.82099999999998	125.03099999999999	43.21000000000001	0.390641	10.0	0	610	176
3964.6476515043196	4000.90079052693	75.35899999999998	81.82099999999998	6.462000000000003	0.287971	10.439852697480092	2	66	253
4000.90079052693	4004.2889052248097	81.82099999999998	89.07799999999999	7.257000000000005	3.101002	10.506550454353848	11	36	254
4004.2889052248097	4007.6770199226894	0	7.257000000000005	7.257000000000005	3.101002	10.506550454353848	11	36	258
4007.6770199226894	4043.9301589453	7.257000000000005	13.719000000000008	6.462000000000003	0.287971	10.439852697480092	2	66	264
4043.9301589453	4043.9327015329004	0	13.650000000000006	13.650000000000006	6007.543921	15.274706683374447	14	99	269
4043.9327015329004	4043.935244120501	38.56700000000001	52.21700000000001	13.650000000000006	6007.543921	15.274706683374447	14	99	270
4043.935244120501	4046.3096878465176	0	13.082999999999998	13.082999999999998	8.362142	19.855435607958768	12	100	271
4046.3096878465176	4048.684131572534	38.56700000000001	51.650000000000006	13.082999999999998	8.362142	19.855435607958768	12	100	274
4048.684131572534	4052.072246270414	0	7.257000000000005	7.257000000000005	3.101002	10.506550454353848	11	36	276
4052.072246270414	4054.4466899964305	7.257000000000005	20.340000000000003	13.082999999999998	8.362142	19.855435607958768	12	100	278
3995.5398806018306	4054.916685191093	54.969999999999985	107.16999999999997	52.19999999999999	0.222455	13.208667064904391	10	512	179
4054.4466899964305	4056.821133722447	0	13.082999999999998	13.082999999999998	8.362142	19.855435607958768	12	100	284
4054.916685191093	4068.416940174474	38.56700000000001	75.87200000000001	37.30500000000001	1.281565	17.30145427777652	15	930	187
4068.416940174474	4081.9171951578546	82.93499999999999	120.24	37.30500000000001	1.281565	17.30145427777652	15	930	188
4081.9171951578546	4082.3658005873267	0	36.086	36.086	32.977341	14.793814222156373	6	993	190
4082.3658005873267	4099.907079715843	82.93499999999999	114.03499999999998	31.099999999999994	1.050567	18.428288990207623	9	898	191
4099.907079715843	4113.407334699224	0	37.30500000000001	37.30500000000001	1.281565	17.30145427777652	15	930	199
4056.8211337224475	4296.152033585664	54.969999999999985	82.93499999999999	27.965000000000003	0.113052	27.05683689133635	21	162	202
4296.152033585664	4313.69331271418	0	31.099999999999994	31.099999999999994	1.050567	18.428288990207623	9	898	204
4113.407334699224	4352.73823456244	82.93499999999999	110.89999999999999	27.965000000000003	0.113052	27.05683689133635	21	162	203
4352.73823456244	4354.25222980004	0	25.787999999999997	25.787999999999997	13.253397	20.065579940026076	23	226	212
4313.69331271418	4381.4262619494575	38.56700000000001	77.963	39.39599999999999	0.259985	17.60955080693356	17	416	206
4381.4262619494575	4541.742665282971	82.93499999999999	112.36299999999999	29.427999999999997	0.090535	14.514245575799611	16	961	214
4354.25222980004	4593.583129663257	54.969999999999985	82.93499999999999	27.965000000000003	0.113052	27.05683689133635	21	162	247
4593.583129663257	4611.124408791773	82.93499999999999	114.03499999999998	31.099999999999994	1.050567	18.428288990207623	9	898	240
4541.742665282971	4701.0707567645895	0	30.756	30.756	0.070142	11.175590992703707	20	224	238
4701.0707567645895	4718.612035893106	54.969999999999985	86.06999999999998	31.099999999999994	1.050567	18.428288990207623	9	898	246
4718.612035893106	4732.112290876486	86.06999999999998	123.37499999999999	37.30500000000001	1.281565	17.30145427777652	15	930	257
4732.112290876486	4749.653570005003	0	31.099999999999994	31.099999999999994	1.050567	18.428288990207623	9	898	262
4749.653570005003	4750.102175434475	54.969999999999985	91.05599999999998	36.086	32.977341	14.793814222156373	6	993	263
4611.124408791773	4771.440812125286	38.56700000000001	67.995	29.427999999999997	0.090535	14.514245575799611	16	961	245
4771.440812125286	4772.099964097683	54.969999999999985	78.17199999999998	23.201999999999998	37.698879	24.84929044999774	24	462	268
3259.3070252237676	4887.010159735728	44.19699999999999	54.969999999999985	10.772999999999996	0.013598	22.133507223093638	18	928	186
4750.102175434475	4909.430266916093	0	30.756	30.756	0.070142	11.175590992703707	20	224	267
4909.430266916093	4909.609464482518	24.423000000000002	64.799	40.376000000000005	134.866598	24.167766153623354	22	992	207
4909.609464482518	4909.788662048943	0	40.376000000000005	40.376000000000005	134.866598	24.167766153623354	22	992	216
4909.788662048943	4909.967859615367	24.423000000000002	64.799	40.376000000000005	134.866598	24.167766153623354	22	992	226
4909.967859615367	4910.147057181792	0	40.376000000000005	40.376000000000005	134.866598	24.167766153623354	22	992	256
4887.010159735728	4923.263298758338	38.56700000000001	45.02900000000001	6.462000000000003	0.287971	10.439852697480092	2	66	286
4772.099964097683	4931.428055579302	78.17199999999998	108.92799999999998	30.756	0.070142	11.175590992703707	20	224	277
4931.428055579302	4933.802499305319	6.462000000000003	19.545	13.082999999999998	8.362142	19.855435607958768	12	100	289
4923.263298758338	4959.516437780949	0	6.462000000000003	6.462000000000003	0.287971	10.439852697480092	2	66	288
4959.516437780949	4961.890881506965	49.34	62.423	13.082999999999998	8.362142	19.855435607958768	12	100	292
4961.890881506965	4961.8934240945655	62.423	76.07300000000001	13.650000000000006	6007.543921	15.274706683374447	14	99	294
4961.8934240945655	4965.732334591615	76.07300000000001	89.97000000000001	13.897000000000006	3.047868	11.70049245882032	4	161	295
4965.732334591615	4966.391486564012	0	23.201999999999998	23.201999999999998	37.698879	24.84929044999774	24	462	297
4910.147057181792	4977.880006417069	24.423000000000002	63.81899999999999	39.39599999999999	0.259985	17.60955080693356	17	416	272
4977.880006417069	4979.468022875111	60.113	105.57400000000001	45.46100000000001	6.902195	10.960799256617387	3	931	196
4979.468022875111	5038.844827464373	0	52.19999999999999	52.19999999999999	0.222455	13.208667064904391	10	512	219
5038.844827464373	5040.329689663415	60.113	104.642	44.528999999999996	8.33362	12.374277319172602	8	961	221
5040.329689663415	5040.4132220479705	0	45.88900000000001	45.88900000000001	179.57202	15.000079030097593	13	994	224
5040.4132220479705	5099.790026637233	60.113	112.31299999999999	52.19999999999999	0.222455	13.208667064904391	10	512	227
5099.790026637233	5101.274888836274	0	44.528999999999996	44.528999999999996	8.33362	12.374277319172602	8	961	229
5101.274888836274	5102.759751035315	60.113	104.642	44.528999999999996	8.33362	12.374277319172602	8	961	242
5102.759751035315	5104.19016492845	0	44.131	44.131	21.264104	30.41646978665614	25	642	244
5104.19016492845	5129.789116395398	60.113	103.32300000000001	43.21000000000001	0.390641	10.0	0	610	248
5129.789116395398	5189.16592098466	0	52.19999999999999	52.19999999999999	0.222455	13.208667064904391	10	512	249
5189.16592098466	5190.596334877795	60.113	104.244	44.131	21.264104	30.41646978665614	25	642	255
5190.596334877795	5216.195286344743	0	43.21000000000001	43.21000000000001	0.390641	10.0	0	610	260
5216.195286344743	5217.6801485437845	60.113	104.642	44.528999999999996	8.33362	12.374277319172602	8	961	265
5217.6801485437845	5219.268165001827	0	45.46100000000001	45.46100000000001	6.902195	10.960799256617387	3	931	266
5219.268165001827	5232.768419985207	60.113	97.418	37.30500000000001	1.281565	17.30145427777652	15	930	273
5232.768419985207	5246.268674968588	0	37.30500000000001	37.30500000000001	1.281565	17.30145427777652	15	930	275
3645.0013029523016	5272.704437464262	27.79400000000001	38.56700000000001	10.772999999999996	0.013598	22.133507223093638	18	928	222
5272.704437464262	5299.778302894884	0	11.397999999999996	11.397999999999996	0.406046	10.993234762642585	1	994	303
5299.778302894884	5303.617213391934	24.423000000000002	38.32000000000001	13.897000000000006	3.047868	11.70049245882032	4	161	305
5303.617213391934	5303.619755979534	0	13.650000000000006	13.650000000000006	6007.543921	15.274706683374447	14	99	308
5246.268674968588	5305.64547955785	60.113	112.31299999999999	52.19999999999999	0.222455	13.208667064904391	10	512	279
5303.619755979534	5330.693621410156	24.423000000000002	35.821	11.397999999999996	0.406046	10.993234762642585	1	994	311
3730.5052691162646	5358.208403628225	13.650000000000006	24.423000000000002	10.772999999999996	0.013598	22.133507223093638	18	928	243
5358.208403628225	5361.596518326104	24.423000000000002	31.680000000000007	7.257000000000005	3.101002	10.506550454353848	11	36	312
5305.64547955785	5373.378428793128	0	39.39599999999999	39.39599999999999	0.259985	17.60955080693356	17	416	280
5373.378428793128	5373.8270342226	95.384	131.47	36.086	32.977341	14.793814222156373	6	993	293
5373.8270342226	5374.006231789024	0	40.376000000000005	40.376000000000005	134.866598	24.167766153623354	22	992	298
5374.006231789024	5387.506486772405	95.384	132.68900000000002	37.30500000000001	1.281565	17.30145427777652	15	930	302
5361.596518326104	5424.80809360476	88.078	95.384	7.305999999999997	0.194453	12.291680447660438	5	288	321
5424.80809360476	5461.06123262737	27.965000000000003	34.42700000000001	6.462000000000003	0.287971	10.439852697480092	2	66	324
5461.06123262737	5461.0637752149705	88.078	101.72800000000001	13.650000000000006	6007.543921	15.274706683374447	14	99	330
5461.0637752149705	5524.275350493626	27.965000000000003	35.271	7.305999999999997	0.194453	12.291680447660438	5	288	333
5330.693621410156	5570.024521273373	60.113	88.078	27.965000000000003	0.113052	27.05683689133635	21	162	307
5387.506486772405	5626.837386635621	0	27.965000000000003	27.965000000000003	0.113052	27.05683689133635	21	162	309
5626.837386635621	5628.351381873222	98.851	124.639	25.787999999999997	13.253397	20.065579940026076	23	226	315
5628.351381873222	5628.799987302694	0	36.086	36.086	32.977341	14.793814222156373	6	993	318
5628.799987302694	5788.1280787843125	98.851	129.607	30.756	0.070142	11.175590992703707	20	224	320
5788.1280787843125	5788.576684213785	0	36.086	36.086	32.977341	14.793814222156373	6	993	322
5788.576684213785	5790.090679451385	98.851	124.639	25.787999999999997	13.253397	20.065579940026076	23	226	323
5570.024521273373	5809.355421136589	27.965000000000003	55.93000000000001	27.965000000000003	0.113052	27.05683689133635	21	162	313
5809.355421136589	5810.014573108986	98.851	122.053	23.201999999999998	37.698879	24.84929044999774	24	462	326
5810.014573108986	5969.342664590605	60.113	90.869	30.756	0.070142	11.175590992703707	20	224	335
5790.090679451385	6029.421579314601	0	27.965000000000003	27.965000000000003	0.113052	27.05683689133635	21	162	325
6029.421579314601	6034.020238574647	98.851	98.869	0.018000000000000682	3.993946	18.366796757021135	19	3	339
6034.020238574647	6034.679390547044	0	23.201999999999998	23.201999999999998	37.698879	24.84929044999774	24	462	340
5969.342664590605	6129.659067924118	27.965000000000003	57.393	29.427999999999997	0.090535	14.514245575799611	16	961	336
6034.679390547044	6194.007482028663	23.201999999999998	53.958	30.756	0.070142	11.175590992703707	20	224	341
6194.007482028663	6195.521477266263	98.851	124.639	25.787999999999997	13.253397	20.065579940026076	23	226	344
6129.659067924118	6289.975471257631	0	29.427999999999997	29.427999999999997	0.090535	14.514245575799611	16	961	343
6289.975471257631	6317.049336688254	29.427999999999997	40.82599999999999	11.397999999999996	0.406046	10.993234762642585	1	994	347
6317.049336688254	6321.6479959482995	0	0.018000000000000682	0.018000000000000682	3.993946	18.366796757021135	19	3	348
6321.6479959482995	6348.721861378922	0.018000000000000682	11.415999999999997	11.397999999999996	0.406046	10.993234762642585	1	994	349
6348.721861378922	6351.096305104938	11.415999999999997	24.498999999999995	13.082999999999998	8.362142	19.855435607958768	12	100	351
6195.521477266263	6354.849568747882	60.113	90.869	30.756	0.070142	11.175590992703707	20	224	346
6354.849568747882	6356.334430946923	0	44.528999999999996	44.528999999999996	8.33362	12.374277319172602	8	961	281
6356.334430946923	6381.933382413871	30.961	74.171	43.21000000000001	0.390641	10.0	0	610	282
6381.933382413871	6382.016914798427	0	45.88900000000001	45.88900000000001	179.57202	15.000079030097593	13	994	285
6382.016914798427	6383.447328691562	30.961	75.092	44.131	21.264104	30.41646978665614	25	642	287
6383.447328691562	6384.8777425846965	0	44.131	44.131	21.264104	30.41646978665614	25	642	290
6384.8777425846965	6386.362604783738	30.961	75.49	44.528999999999996	8.33362	12.374277319172602	8	961	301
6351.096305104938	6387.349444127549	24.498999999999995	30.961	6.462000000000003	0.287971	10.439852697480092	2	66	353
6387.349444127549	6389.723887853565	30.961	44.044	13.082999999999998	8.362142	19.855435607958768	12	100	355
6389.723887853565	6393.112002551445	98.851	106.108	7.257000000000005	3.101002	10.506550454353848	11	36	357
6393.112002551445	6395.486446277461	60.113	73.196	13.082999999999998	8.362142	19.855435607958768	12	100	358
6386.362604783738	6411.961556250686	0	43.21000000000001	43.21000000000001	0.390641	10.0	0	610	306
6411.961556250686	6412.045088635242	60.113	106.00200000000001	45.88900000000001	179.57202	15.000079030097593	13	994	314
6412.045088635242	6437.64404010219	0	43.21000000000001	43.21000000000001	0.390641	10.0	0	610	316
6395.486446277461	6458.698021556117	98.851	106.157	7.305999999999997	0.194453	12.291680447660438	5	288	359
6437.64404010219	6463.242991569138	60.113	103.32300000000001	43.21000000000001	0.390641	10.0	0	610	317
6463.242991569138	6463.326523953694	6.462000000000003	52.35100000000001	45.88900000000001	179.57202	15.000079030097593	13	994	319
6463.326523953694	6464.914540411736	98.851	144.312	45.46100000000001	6.902195	10.960799256617387	3	931	327
6464.914540411736	6490.513491878684	6.462000000000003	49.67200000000001	43.21000000000001	0.390641	10.0	0	610	331
6490.513491878684	6492.027487116285	98.851	124.639	25.787999999999997	13.253397	20.065579940026076	23	226	360
6458.698021556117	6494.9511605787275	0	6.462000000000003	6.462000000000003	0.287971	10.439852697480092	2	66	363
6494.9511605787275	6497.325604304744	34.42700000000001	47.510000000000005	13.082999999999998	8.362142	19.855435607958768	12	100	364
6497.325604304744	6560.5371795834	0	7.305999999999997	7.305999999999997	0.194453	12.291680447660438	5	288	365
4933.802499305319	6561.505633817279	38.56700000000001	49.34	10.772999999999996	0.013598	22.133507223093638	18	928	291
6561.505633817279	6579.046912945795	0	31.099999999999994	31.099999999999994	1.050567	18.428288990207623	9	898	369
4966.391486564012	6594.094621075972	49.34	60.113	10.772999999999996	0.013598	22.133507223093638	18	928	300
6560.5371795834	6623.748754862056	34.42700000000001	41.733000000000004	7.305999999999997	0.194453	12.291680447660438	5	288	367
6623.748754862056	6626.123198588072	98.851	111.934	13.082999999999998	8.362142	19.855435607958768	12	100	406
6626.123198588072	6653.197064018695	72.489	83.887	11.397999999999996	0.406046	10.993234762642585	1	994	407
6653.197064018695	6689.450203041305	34.42700000000001	40.88900000000001	6.462000000000003	0.287971	10.439852697480092	2	66	408
6689.450203041305	6690.0487451930085	98.851	103.315	4.463999999999999	19.505324	11.67475859664043	7	0	409
6690.0487451930085	6690.051287780609	72.489	86.13900000000001	13.650000000000006	6007.543921	15.274706683374447	14	99	421
6690.051287780609	6690.053830368209	34.42700000000001	48.07700000000001	13.650000000000006	6007.543921	15.274706683374447	14	99	422
6690.053830368209	6690.652372519912	98.851	103.315	4.463999999999999	19.505324	11.67475859664043	7	0	424
6690.652372519912	6691.250914671616	72.489	76.953	4.463999999999999	19.505324	11.67475859664043	7	0	425
6691.250914671616	6694.639029369495	34.42700000000001	41.68400000000001	7.257000000000005	3.101002	10.506550454353848	11	36	427
6694.639029369495	6698.477939866544	98.851	112.748	13.897000000000006	3.047868	11.70049245882032	4	161	430
6698.477939866544	6701.866054564423	72.489	79.74600000000001	7.257000000000005	3.101002	10.506550454353848	11	36	432
6701.866054564423	6728.939919995046	34.42700000000001	45.825	11.397999999999996	0.406046	10.993234762642585	1	994	435
6728.939919995046	6731.314363721062	98.851	111.934	13.082999999999998	8.362142	19.855435607958768	12	100	448
6492.027487116285	6731.358386979501	6.462000000000003	34.42700000000001	27.965000000000003	0.113052	27.05683689133635	21	162	362
6731.314363721062	6735.153274218112	72.489	86.38600000000001	13.897000000000006	3.047868	11.70049245882032	4	161	449
6579.046912945795	6738.375004427414	41.733000000000004	72.489	30.756	0.070142	11.175590992703707	20	224	371
6731.358386979501	6890.68647846112	34.42700000000001	65.183	30.756	0.070142	11.175590992703707	20	224	419
6890.68647846112	6958.419427696397	98.851	138.24699999999999	39.39599999999999	0.259985	17.60955080693356	17	416	413
6738.375004427414	6977.70590429063	21.545999999999992	49.510999999999996	27.965000000000003	0.113052	27.05683689133635	21	162	411
6977.70590429063	7137.033995772249	98.851	129.607	30.756	0.070142	11.175590992703707	20	224	415
5524.275350493626	7151.978485005587	88.078	98.851	10.772999999999996	0.013598	22.133507223093638	18	928	337
7151.978485005587	7155.366599703466	98.851	106.108	7.257000000000005	3.101002	10.506550454353848	11	36	454
7155.366599703466	7182.440465134088	0	11.397999999999996	11.397999999999996	0.406046	10.993234762642585	1	994	460
7182.440465134088	7186.279375631138	77.476	91.373	13.897000000000006	3.047868	11.70049245882032	4	161	388
7186.279375631138	7186.281918218738	91.373	105.02300000000001	13.650000000000006	6007.543921	15.274706683374447	14	99	392
6958.419427696397	7197.750327559614	49.510999999999996	77.476	27.965000000000003	0.113052	27.05683689133635	21	162	414
7186.281918218738	7213.35578364936	0	11.397999999999996	11.397999999999996	0.406046	10.993234762642585	1	994	393
7197.750327559614	7215.29160668813	77.476	108.576	31.099999999999994	1.050567	18.428288990207623	9	898	426
7215.29160668813	7215.470804254554	7.257000000000005	47.63300000000001	40.376000000000005	134.866598	24.167766153623354	22	992	403
7215.470804254554	7216.129956226951	52.30199999999999	75.50399999999999	23.201999999999998	37.698879	24.84929044999774	24	462	429
7213.35578364936	7216.743898347239	0	7.257000000000005	7.257000000000005	3.101002	10.506550454353848	11	36	122
7216.743898347239	7243.817763777862	7.257000000000005	18.655	11.397999999999996	0.406046	10.993234762642585	1	994	101
7243.817763777862	7270.891629208484	0	11.397999999999996	11.397999999999996	0.406046	10.993234762642585	1	994	83
7137.033995772249	7296.362087253868	21.545999999999992	52.30199999999999	30.756	0.070142	11.175590992703707	20	224	423
7270.891629208484	7297.9654946391065	0	11.397999999999996	11.397999999999996	0.406046	10.993234762642585	1	994	112
7297.9654946391065	7334.218633661717	0	6.462000000000003	6.462000000000003	0.287971	10.439852697480092	2	66	217
7334.218633661717	7397.430208940373	0	7.305999999999997	7.305999999999997	0.194453	12.291680447660438	5	288	230
7397.430208940373	7400.818323638252	0	7.257000000000005	7.257000000000005	3.101002	10.506550454353848	11	36	350
7400.818323638252	7405.416982898298	0	0.018000000000000682	0.018000000000000682	3.993946	18.366796757021135	19	3	338
7216.129956226951	7455.460856090168	75.50399999999999	103.469	27.965000000000003	0.113052	27.05683689133635	21	162	434
7296.362087253868	7456.678490587381	0	29.427999999999997	29.427999999999997	0.090535	14.514245575799611	16	961	451
7455.460856090168	7457.04887254821	0	45.46100000000001	45.46100000000001	6.902195	10.960799256617387	3	931	373
7457.04887254821	7458.479286441345	50.97399999999999	95.10499999999999	44.131	21.264104	30.41646978665614	25	642	374
7458.479286441345	7459.90970033448	0.018000000000000682	44.149	44.131	21.264104	30.41646978665614	25	642	417
7459.90970033448	7485.508651801428	50.97399999999999	94.184	43.21000000000001	0.390641	10.0	0	610	418
7485.508651801428	7485.592184185984	0.018000000000000682	45.90700000000001	45.88900000000001	179.57202	15.000079030097593	13	994	412
7485.592184185984	7511.191135652932	50.97399999999999	94.184	43.21000000000001	0.390641	10.0	0	610	404
7511.191135652932	7536.79008711988	0.018000000000000682	43.22800000000001	43.21000000000001	0.390641	10.0	0	610	105
7536.79008711988	7538.378103577922	50.97399999999999	96.435	45.46100000000001	6.902195	10.960799256617387	3	931	431
7538.378103577922	7539.808517471057	0.018000000000000682	44.149	44.131	21.264104	30.41646978665614	25	642	433
7539.808517471057	7540.467669443454	74.17599999999999	97.37799999999999	23.201999999999998	37.698879	24.84929044999774	24	462	445
7539.808517471057	7540.467669443454	50.97399999999999	74.17599999999999	23.201999999999998	37.698879	24.84929044999774	24	462	79
7540.467669443454	7541.126821415851	97.37799999999999	120.57999999999998	23.201999999999998	37.698879	24.84929044999774	24	462	283
7540.467669443454	7544.306579940503	0	13.897000000000006	13.897000000000006	3.047868	11.70049245882032	4	161	375
7456.678490587381	7616.994893920894	21.545999999999992	50.97399999999999	29.427999999999997	0.090535	14.514245575799611	16	961	458
7616.994893920894	7618.425307814029	50.97399999999999	95.10499999999999	44.131	21.264104	30.41646978665614	25	642	386
7541.126821415851	7701.443224749364	0	29.427999999999997	29.427999999999997	0.090535	14.514245575799611	16	961	103
7701.443224749364	7702.873638642499	0	44.131	44.131	21.264104	30.41646978665614	25	642	389
7618.425307814029	7778.741711147542	95.10499999999999	124.53299999999999	29.427999999999997	0.090535	14.514245575799611	16	961	387
7778.741711147542	7779.1903165770145	0	36.086	36.086	32.977341	14.793814222156373	6	993	391
7702.873638642499	7862.201730124118	0	30.756	30.756	0.070142	11.175590992703707	20	224	390
7862.201730124118	7863.686592323159	50.97399999999999	95.50299999999999	44.528999999999996	8.33362	12.374277319172602	8	961	446
7863.686592323159	7877.18684730654	95.50299999999999	132.808	37.30500000000001	1.281565	17.30145427777652	15	930	120
7779.1903165770145	7939.506719910528	21.545999999999992	50.97399999999999	29.427999999999997	0.090535	14.514245575799611	16	961	444
7939.506719910528	7939.95532534	50.97399999999999	87.05999999999999	36.086	32.977341	14.793814222156373	6	993	91
7877.18684730654	7944.919796541817	0	39.39599999999999	39.39599999999999	0.259985	17.60955080693356	17	416	93
7944.919796541817	7945.098994108242	0	40.376000000000005	40.376000000000005	134.866598	24.167766153623354	22	992	118
7939.95532534	7953.455580323381	87.05999999999999	124.365	37.30500000000001	1.281565	17.30145427777652	15	930	304
7953.455580323381	7953.5391127079365	0	45.88900000000001	45.88900000000001	179.57202	15.000079030097593	13	994	329
7945.098994108242	8104.42708558986	0	30.756	30.756	0.070142	11.175590992703707	20	224	345
8104.42708558986	8104.606283156285	50.97399999999999	91.35	40.376000000000005	134.866598	24.167766153623354	22	992	310
7953.5391127079365	8113.85551604145	21.545999999999992	50.97399999999999	29.427999999999997	0.090535	14.514245575799611	16	961	352
8104.606283156285	8130.205234623233	91.35	134.56	43.21000000000001	0.390641	10.0	0	610	354
8130.205234623233	8130.653840052705	0	36.086	36.086	32.977341	14.793814222156373	6	993	356
8130.653840052705	8132.1387022517465	21.545999999999992	66.07499999999999	44.528999999999996	8.33362	12.374277319172602	8	961	342
8132.1387022517465	8132.222234636302	66.07499999999999	111.964	45.88900000000001	179.57202	15.000079030097593	13	994	332
8132.222234636302	8132.305767020858	0	45.88900000000001	45.88900000000001	179.57202	15.000079030097593	13	994	361
8132.305767020858	8132.75437245033	21.545999999999992	57.63199999999999	36.086	32.977341	14.793814222156373	6	993	366
8132.75437245033	8133.202977879802	57.63199999999999	93.71799999999999	36.086	32.977341	14.793814222156373	6	993	368
8133.202977879802	8133.286510264358	93.71799999999999	139.607	45.88900000000001	179.57202	15.000079030097593	13	994	450
8133.286510264358	8146.786765247739	0	37.30500000000001	37.30500000000001	1.281565	17.30145427777652	15	930	372
8146.786765247739	8164.328044376255	21.545999999999992	52.64599999999999	31.099999999999994	1.050567	18.428288990207623	9	898	459
6594.094621075973	8221.797755587933	0	10.772999999999996	10.772999999999996	0.013598	22.133507223093638	18	928	405
8113.85551604145	8274.171919374963	0	29.427999999999997	29.427999999999997	0.090535	14.514245575799611	16	961	370
8221.797755587933	8281.174560177196	52.64599999999999	104.84599999999998	52.19999999999999	0.222455	13.208667064904391	10	512	416
8281.174560177196	8340.55136476646	0	52.19999999999999	52.19999999999999	0.222455	13.208667064904391	10	512	456
6735.1532742181125	8362.856408730073	10.772999999999996	21.545999999999992	10.772999999999996	0.013598	22.133507223093638	18	928	452
8362.856408730073	8399.109547752683	0	6.462000000000003	6.462000000000003	0.287971	10.439852697480092	2	66	453
8340.55136476646	8399.928169355722	52.64599999999999	104.84599999999998	52.19999999999999	0.222455	13.208667064904391	10	512	114
8340.55136476646	8403.762940045115	0	7.305999999999997	7.305999999999997	0.194453	12.291680447660438	5	288	1
8399.928169355722	8459.304973944985	0	52.19999999999999	52.19999999999999	0.222455	13.208667064904391	10	512	0
